10 50 0 0.0 0 
18 127 309 0.0 0 
14 81 961 0.0 0 
10 45 380 0.0232558139535 0 
12 73 290 0.0 0 
16 104 0 0.0 0 
3 15 205 0.0 0 
10 57 0 0.0 0 
12 70 0 0.333333333333 0 
27 132 513 0.0 0 
6 57 700 0.0 0 
5 30 291 0.0 0 
32 193 0 0.0 0 
14 72 287 0.0281690140845 0 
25 148 439 0.0 0 
15 86 226 0.0 0 
15 88 0 0.0 0 
8 39 427 0.0 0 
54 282 0 0.0185185185185 0 
5 21 208 0.0 0 
7 48 558 0.0 0 
15 73 0 0.0666666666667 0 
7 40 265 0.04 0 
16 87 535 0.0 0 
7 55 574 0.00892857142857 0 
10 52 167 0.0 0 
11 51 377 0.0487804878049 0 
16 88 242 0.0 0 
8 47 357 0.0138888888889 0 
15 83 610 0.0 0 
9 56 207 0.0 0 
25 108 767 0.0 0 
7 38 454 0.0 0 
4 34 660 0.0 0 
18 94 304 0.0 0 
10 40 246 0.0 0 
6 43 212 0.046511627907 0 
11 58 219 0.0 0 
13 71 661 0.0 0 
6 36 715 0.0 0 
15 97 3420 0.00501672240803 0 
21 92 219 0.0625 0 
8 38 0 0.0 0 
21 128 352 0.0 0 
13 77 735 0.0 0 
18 90 324 0.0 0 
8 38 306 0.0 0 
13 77 302 0.0597014925373 0 
2 14 884 0.0 0 
12 59 267 0.0 0 
7 36 0 0.0 0 
9 48 439 0.0 0 
12 81 530 0.0 0 
12 53 515 0.0263157894737 0 
12 68 0 0.0833333333333 0 
7 39 377 0.0 0 
24 137 397 0.0 0 
13 67 985 0.00510204081633 0 
7 52 0 0.0 0 
9 36 1462 0.012539184953 0 
7 38 237 0.0 0 
4 20 1313 0.0 0 
33 147 238 0.0 0 
4 42 1124 0.0150753768844 0 
7 53 0 0.0 0 
15 75 483 0.018018018018 0 
8 50 297 0.0 0 
8 50 442 0.0235294117647 0 
6 32 224 0.0217391304348 0 
6 43 420 0.0 0 
16 90 261 0.0 0 
6 40 521 0.0 0 
23 144 0 0.0 0 
11 59 428 0.0113636363636 0 
15 66 296 0.027397260274 0 
22 104 631 0.00689655172414 0 
8 37 316 0.0 0 
20 101 252 0.0 0 
7 42 598 0.0 0 
7 46 297 0.0 0 
6 34 0 0.0 0 
8 51 519 0.0 0 
7 47 0 0.0 0 
6 30 570 0.0 0 
8 41 242 0.0 0 
13 71 338 0.0 0 
7 35 281 0.0 0 
8 47 10141 0.00701186623517 0 
7 52 556 0.0 0 
1 5 221 0.0 0 
42 264 0 0.0 0 
18 98 0 0.0555555555556 0 
9 39 911 0.0 0 
22 124 228 0.0 0 
14 76 714 0.00694444444444 0 
7 44 0 0.0 0 
8 62 0 0.0 0 
21 125 0 0.0 0 
11 61 576 0.0 0 
20 99 271 0.0 0 
12 81 0 0.0 0 
21 109 596 0.00719424460432 0 
10 43 793 0.0 0 
9 57 0 0.0 0 
9 68 205 0.0 0 
4 18 1119 0.0 0 
8 37 309 0.0144927536232 0 
10 44 1536 0.0135135135135 0 
10 55 677 0.0 0 
21 138 338 0.0 0 
7 37 345 0.0138888888889 0 
21 99 2090 0.0 0 
10 58 259 0.0 0 
14 79 264 0.0 0 
7 37 587 0.0 0 
22 113 986 0.015 0 
12 88 440 0.0 0 
5 26 0 0.0 0 
9 57 0 0.0 0 
12 67 0 0.0 0 
13 67 162 0.0238095238095 0 
15 90 0 0.0 0 
13 89 222 0.0 0 
35 186 533 0.00719424460432 0 
6 41 408 0.0 0 
5 25 274 0.0 0 
6 42 246 0.0 0 
17 96 388 0.0 0 
17 76 262 0.015625 0 
5 38 584 0.0 0 
11 58 313 0.0 0 
7 48 533 0.0 0 
12 84 404 0.0 0 
4 19 480 0.0384615384615 0 
9 40 303 0.0 0 
18 100 0 0.0 0 
3 24 284 0.0 0 
14 97 0 0.0 0 
11 60 406 0.0 0 
6 39 503 0.0102040816327 0 
14 79 442 0.0 0 
19 101 580 0.0 0 
8 41 504 0.0 0 
3 26 549 0.0 0 
22 125 345 0.0116279069767 0 
49 289 1101 0.00819672131148 0 
13 79 0 0.0769230769231 0 
16 80 345 0.0 0 
8 46 3697 0.0110236220472 0 
23 149 0 0.0 0 
8 55 0 0.0 0 
6 38 306 0.0172413793103 0 
26 134 0 0.0384615384615 0 
6 34 243 0.0 0 
8 37 204 0.0 0 
5 33 327 0.0 0 
21 111 448 0.00980392156863 0 
5 29 308 0.0 0 
6 37 2111 0.00257731958763 0 
17 96 0 0.0588235294118 0 
6 36 384 0.0 0 
23 105 706 0.00645161290323 0 
3 15 767 0.0 0 
14 62 260 0.03125 0 
17 89 293 0.0 0 
8 46 228 0.0 0 
8 47 0 0.0 0 
13 70 2472 0.00216919739696 0 
9 46 0 0.0 0 
9 43 1280 0.0108695652174 0 
18 98 342 0.0 0 
28 130 307 0.0 0 
9 44 784 0.0306748466258 0 
8 52 0 0.0 0 
12 61 457 0.0 0 
8 48 529 0.0 0 
12 57 293 0.0 0 
15 74 470 0.00970873786408 0 
6 37 327 0.0 0 
7 48 1097 0.0386473429952 0 
11 56 594 0.00819672131148 0 
7 34 486 0.0 0 
11 64 303 0.0 0 
14 75 351 0.0 0 
7 40 237 0.0196078431373 0 
14 71 315 0.0 0 
28 143 223 0.0 0 
10 48 853 0.0 0 
12 65 0 0.25 0 
2 15 210 0.0 0 
17 126 0 0.0588235294118 0 
17 88 344 0.0 0 
8 49 393 0.0 0 
6 36 599 0.016393442623 0 
3 20 224 0.0 0 
4 22 237 0.0 0 
7 47 364 0.0 0 
14 69 311 0.0 0 
29 161 214 0.0 0 
10 60 0 0.0 0 
12 59 344 0.0 0 
14 80 770 0.0135135135135 0 
3 24 2509 0.00224719101124 0 
8 54 0 0.0 0 
9 35 489 0.010101010101 0 
8 37 364 0.0 0 
8 47 538 0.0 0 
6 27 472 0.0 0 
13 66 209 0.0 0 
14 75 423 0.0102040816327 0 
9 40 310 0.0 0 
15 69 390 0.0 0 
6 26 504 0.0 0 
13 60 268 0.0 0 
8 42 475 0.0 0 
4 23 334 0.0 0 
9 53 1268 0.0 0 
4 24 454 0.0 0 
18 105 2065 0.00684931506849 0 
15 82 246 0.0 0 
14 88 872 0.0 0 
16 90 326 0.0 0 
14 74 214 0.0 0 
14 64 808 0.021978021978 0 
9 55 915 0.0105263157895 0 
6 39 340 0.0 0 
4 18 493 0.0 0 
21 111 0 0.0 0 
9 52 332 0.0153846153846 0 
9 55 0 0.222222222222 0 
3 21 0 0.0 0 
11 89 0 0.0 0 
15 74 401 0.0 0 
7 44 0 0.142857142857 0 
4 17 592 0.0 0 
47 300 0 0.0425531914894 0 
13 59 506 0.0 0 
15 81 0 0.0 0 
8 42 316 0.0 0 
3 19 214 0.0 0 
17 62 573 0.024 0 
16 89 656 0.0 0 
6 25 334 0.0 0 
13 62 387 0.0 0 
15 87 446 0.0 0 
14 68 326 0.0235294117647 0 
18 107 0 0.0 0 
11 58 375 0.0126582278481 0 
11 63 270 0.0 0 
10 60 305 0.0 0 
12 56 222 0.0 0 
12 65 520 0.0 0 
16 74 328 0.0 0 
8 41 547 0.00877192982456 0 
24 136 354 0.0 0 
9 44 507 0.0 0 
12 80 301 0.0 0 
23 148 962 0.0 0 
12 60 460 0.0 0 
7 39 0 0.0 0 
13 58 747 0.0 0 
11 65 358 0.0 0 
10 56 0 0.0 0 
9 45 565 0.0 0 
5 25 445 0.0212765957447 0 
12 58 186 0.0196078431373 0 
7 30 289 0.0 0 
19 105 3650 0.0166435506241 0 
14 73 302 0.0441176470588 0 
8 43 551 0.051724137931 0 
16 90 690 0.0141843971631 0 
8 37 808 0.0 0 
28 146 0 0.0714285714286 0 
10 71 0 0.0 0 
12 71 680 0.0 0 
17 90 457 0.0 0 
5 33 224 0.0217391304348 0 
2 14 278 0.0 0 
8 41 390 0.0 0 
17 76 215 0.0 0 
21 111 373 0.0 0 
4 26 518 0.0 0 
16 74 274 0.0 0 
23 138 602 0.0 0 
29 157 340 0.0 0 
13 72 455 0.0 0 
34 205 255 0.0 0 
8 40 1628 0.00666666666667 0 
4 16 214 0.0 0 
11 66 0 0.0 0 
10 65 0 0.0 0 
13 76 0 0.0 0 
9 54 0 0.0 0 
52 280 631 0.0 0 
8 42 246 0.0 0 
15 79 688 0.0 0 
22 122 242 0.0 0 
12 59 415 0.0 0 
6 41 194 0.0 0 
17 90 203 0.0181818181818 0 
4 30 248 0.0 0 
15 80 334 0.0 0 
10 62 0 0.0 0 
13 72 0 0.0 0 
17 103 361 0.0131578947368 0 
11 64 256 0.0350877192982 0 
34 226 0 0.0 0 
13 68 299 0.0289855072464 0 
21 97 235 0.0 0 
21 98 0 0.0 0 
3 18 243 0.0212765957447 0 
13 76 487 0.00961538461538 0 
14 81 380 0.0 0 
6 39 404 0.0 0 
14 77 0 0.0714285714286 0 
10 54 594 0.036036036036 0 
28 136 430 0.0 0 
46 231 515 0.0888888888889 0 
22 118 305 0.0 0 
13 61 1404 0.0 0 
12 64 214 0.0 0 
15 91 0 0.0 0 
9 36 2695 0.00560747663551 0 
17 85 0 0.0588235294118 0 
16 85 334 0.0 0 
20 136 0 0.0 0 
10 51 0 0.0 0 
11 68 0 0.0 0 
9 51 244 0.0175438596491 0 
35 189 0 0.0 0 
28 146 0 0.0357142857143 0 
27 122 467 0.00819672131148 0 
10 72 1121 0.0 0 
10 57 1785 0.0115273775216 0 
29 157 0 0.0689655172414 0 
31 160 459 0.0 0 
8 54 0 0.125 0 
6 43 212 0.046511627907 0 
16 87 0 0.0 0 
12 81 390 0.0240963855422 0 
28 126 281 0.0238095238095 0 
6 47 4412 0.00131233595801 0 
28 161 3065 0.0167910447761 0 
14 90 493 0.0 0 
4 12 207 0.046511627907 0 
3 15 0 0.0 0 
15 91 1203 0.00425531914894 0 
9 52 899 0.0 0 
17 78 292 0.0133333333333 0 
45 232 0 0.0222222222222 0 
20 114 1612 0.0030959752322 0 
10 49 215 0.0 0 
5 41 0 0.0 0 
6 35 0 0.166666666667 0 
13 60 0 0.153846153846 0 
11 66 0 0.0 0 
9 62 0 0.0 0 
7 43 524 0.0 0 
9 36 348 0.0 0 
2 12 255 0.0 0 
13 77 363 0.0 0 
9 55 627 0.0 0 
8 29 749 0.00649350649351 0 
10 65 487 0.0 0 
6 38 664 0.016 0 
3 25 392 0.0 0 
7 41 507 0.0 0 
28 177 683 0.012987012987 0 
6 29 380 0.0 0 
5 31 0 0.0 0 
21 108 155 0.0 0 
17 90 468 0.0 0 
24 120 445 0.0175438596491 0 
9 50 0 0.0 0 
7 37 0 0.142857142857 0 
11 72 420 0.0 0 
10 57 343 0.0135135135135 0 
9 43 296 0.05 0 
8 44 490 0.0 0 
13 64 338 0.0 0 
5 31 392 0.0 0 
16 85 197 0.0 0 
12 68 399 0.010989010989 0 
15 66 1232 0.0 0 
17 80 318 0.0405405405405 0 
18 136 987 0.00966183574879 0 
13 83 546 0.0 0 
17 82 367 0.0 0 
18 91 415 0.0 0 
4 28 276 0.0 0 
11 60 319 0.0 0 
22 123 1398 0.0 0 
5 30 341 0.0 0 
16 91 0 0.0 0 
3 15 295 0.0166666666667 0 
8 50 491 0.0 0 
14 82 350 0.0 0 
15 87 274 0.0149253731343 0 
13 60 322 0.0135135135135 0 
7 47 891 0.0108695652174 0 
17 89 732 0.00591715976331 0 
8 46 364 0.0243902439024 0 
14 86 219 0.0 0 
10 54 0 0.0 0 
6 36 1053 0.00462962962963 0 
4 26 205 0.0232558139535 0 
11 69 511 0.0 0 
47 290 588 0.0 0 
2 16 353 0.0 0 
13 70 277 0.0 0 
14 67 577 0.0 0 
16 80 484 0.0 0 
7 33 0 0.0 0 
4 25 0 0.0 0 
10 58 213 0.0212765957447 0 
10 60 221 0.0 0 
7 41 0 0.0 0 
5 28 387 0.0 0 
33 231 0 0.0 0 
6 34 297 0.0 0 
9 49 417 0.0 0 
8 56 261 0.0 0 
16 69 365 0.0121951219512 0 
5 33 241 0.0727272727273 0 
12 38 306 0.0113636363636 0 
13 76 215 0.0 0 
12 66 244 0.0 0 
7 50 581 0.0 0 
12 68 6028 0.005444646098 0 
13 57 203 0.0 0 
14 74 212 0.0 0 
5 24 728 0.0 0 
5 30 280 0.0 0 
20 98 386 0.0 0 
12 60 365 0.0 0 
9 45 1198 0.0350194552529 0 
7 46 286 0.0 0 
17 85 288 0.038961038961 0 
17 85 374 0.0326086956522 0 
8 57 917 0.020725388601 0 
13 68 2685 0.0 0 
2 17 421 0.0243902439024 0 
9 47 1396 0.0227272727273 0 
18 112 331 0.0 0 
11 51 523 0.0350877192982 0 
11 61 302 0.0161290322581 0 
12 64 254 0.016393442623 0 
16 73 241 0.0 0 
12 63 284 0.0 0 
4 23 414 0.0 0 
11 60 277 0.0 0 
17 103 292 0.0 0 
6 38 0 0.0 0 
10 49 403 0.0344827586207 0 
9 51 287 0.016393442623 0 
3 29 313 0.015873015873 0 
6 43 212 0.046511627907 0 
18 89 0 0.0 0 
19 101 960 0.0 0 
14 78 578 0.0 0 
5 30 534 0.0 0 
13 58 320 0.0140845070423 0 
12 54 271 0.0 0 
17 109 0 0.117647058824 0 
11 45 1111 0.045871559633 0 
11 63 0 0.0 0 
5 32 424 0.0 0 
15 81 231 0.0 0 
12 62 0 0.0 0 
11 41 567 0.0409836065574 0 
16 81 108 0.0 0 
11 59 454 0.0 0 
16 72 907 0.0 0 
28 136 613 0.0277777777778 0 
6 35 203 0.0 0 
8 38 601 0.0 0 
10 67 0 0.0 0 
11 64 0 0.0909090909091 0 
4 22 0 0.25 0 
7 36 296 0.0 0 
12 58 221 0.0 0 
17 83 533 0.0169491525424 0 
6 34 278 0.0333333333333 0 
12 86 0 0.0 0 
20 106 260 0.0 0 
12 70 330 0.0 0 
20 102 342 0.0 0 
9 58 0 0.0 0 
8 36 448 0.0212765957447 0 
6 28 1786 0.0238805970149 0 
9 40 258 0.0 0 
6 52 0 0.0 0 
5 33 990 0.00520833333333 0 
10 46 496 0.00917431192661 0 
44 277 0 0.0227272727273 0 
17 105 758 0.0 0 
23 126 228 0.0 0 
10 65 627 0.0157480314961 0 
7 41 238 0.0 0 
15 90 266 0.0 0 
11 65 0 0.0909090909091 0 
12 63 0 0.0 0 
22 134 576 0.0078125 0 
13 63 250 0.0 0 
14 66 259 0.0 0 
9 44 632 0.0 0 
15 89 471 0.0172413793103 0 
15 88 811 0.0 0 
11 53 288 0.0 0 
10 61 289 0.0277777777778 0 
5 37 301 0.0 0 
14 93 0 0.0 0 
5 27 684 0.0409836065574 0 
19 107 273 0.0617283950617 0 
11 51 270 0.0 0 
7 36 919 0.0 0 
9 47 685 0.0 0 
12 58 771 0.00666666666667 0 
16 93 188 0.0 0 
6 43 467 0.0 0 
25 124 631 0.0 0 
7 38 365 0.0140845070423 0 
17 96 0 0.0 0 
13 70 288 0.0322580645161 0 
10 51 112 0.0 0 
14 87 0 0.142857142857 0 
19 120 440 0.0 0 
11 67 741 0.0127388535032 0 
16 79 369 0.0121951219512 0 
14 67 320 0.012987012987 0 
15 85 0 0.0 0 
6 43 212 0.046511627907 0 
9 58 332 0.0 0 
27 133 229 0.0 0 
45 256 788 0.0 0 
7 35 282 0.0 0 
8 37 0 0.0 0 
19 114 352 0.0 0 
12 79 107 0.0 0 
15 78 241 0.0 0 
6 48 298 0.0 0 
8 48 225 0.06 0 
8 53 2041 0.0 0 
24 117 719 0.0239520958084 0 
4 26 493 0.0 0 
7 41 336 0.0 0 
9 45 442 0.0112359550562 0 
6 50 888 0.0 0 
7 48 224 0.0 0 
29 152 123 0.0 0 
10 48 722 0.00675675675676 0 
14 73 477 0.0272727272727 0 
9 45 355 0.0 0 
16 90 250 0.0 0 
8 48 589 0.016393442623 0 
11 67 297 0.0 0 
4 28 760 0.0 0 
14 74 208 0.0 0 
5 37 479 0.00970873786408 0 
16 95 537 0.0 0 
6 31 265 0.0327868852459 0 
17 96 229 0.0 0 
20 132 0 0.0 0 
15 74 894 0.00518134715026 0 
11 42 250 0.0 0 
10 57 0 0.0 0 
8 60 382 0.0 0 
9 47 0 0.0 0 
10 42 398 0.0 0 
11 64 350 0.012987012987 0 
12 73 225 0.0 0 
30 157 0 0.1 0 
13 65 834 0.0 0 
11 55 626 0.0 0 
6 38 319 0.0 0 
9 49 0 0.0 0 
6 37 251 0.0188679245283 0 
8 39 418 0.0 0 
11 74 400 0.0 0 
5 27 212 0.0 0 
6 22 203 0.0 0 
11 68 0 0.0 0 
16 88 0 0.0 0 
7 41 297 0.0 0 
13 76 286 0.0 0 
20 113 302 0.0 0 
12 79 0 0.0 0 
3 18 223 0.0 0 
21 108 263 0.0135135135135 0 
9 57 1244 0.00787401574803 0 
15 80 729 0.0806451612903 0 
9 48 227 0.0 0 
20 104 0 0.0 0 
4 17 225 0.0 0 
12 76 419 0.0116279069767 0 
20 111 268 0.0 0 
4 31 423 0.0 0 
2 13 742 0.0 0 
5 32 1338 0.0245901639344 0 
15 106 0 0.0 0 
11 52 253 0.0 0 
8 39 366 0.0 0 
3 19 736 0.0243902439024 0 
11 58 592 0.0 0 
16 84 589 0.016 0 
4 23 1071 0.0140186915888 0 
20 96 18 0.0 0 
7 29 1101 0.0 0 
30 134 635 0.01875 0 
6 37 334 0.0289855072464 0 
16 64 0 0.0 0 
4 16 243 0.0 0 
25 105 598 0.0077519379845 0 
17 83 231 0.0 0 
11 45 954 0.0430622009569 0 
8 41 104 0.0 0 
4 33 246 0.0 0 
3 21 315 0.0 0 
5 26 330 0.0 0 
16 80 1994 0.0172413793103 0 
15 81 524 0.0 0 
7 47 462 0.0 0 
8 36 341 0.0 0 
10 53 1238 0.0130434782609 0 
9 39 424 0.0 0 
11 60 825 0.0119047619048 0 
8 37 211 0.0 0 
18 83 1301 0.0 0 
6 36 545 0.0810810810811 0 
4 21 205 0.0 0 
3 28 769 0.0 0 
18 116 86 0.0 0 
6 37 334 0.0289855072464 0 
10 58 478 0.0169491525424 0 
5 23 249 0.0 0 
30 154 459 0.0 0 
8 43 1151 0.0328638497653 0 
20 85 976 0.0 0 
6 30 222 0.0 0 
20 98 810 0.0 0 
22 150 95 0.0 0 
6 33 1275 0.020325203252 0 
13 53 278 0.0144927536232 0 
23 117 1001 0.0217391304348 0 
22 98 633 0.0375 0 
13 76 87 0.0 0 
4 36 241 0.0 0 
10 65 1046 0.00892857142857 0 
3 25 1684 0.00305810397554 0 
6 37 395 0.0 0 
9 62 332 0.0 0 
5 40 323 0.0338983050847 0 
3 18 737 0.0 0 
10 40 345 0.0 0 
16 98 408 0.0 0 
5 26 920 0.0208333333333 0 
10 45 351 0.0 0 
15 75 579 0.0444444444444 0 
18 86 114 0.0 0 
8 40 742 0.00680272108844 0 
16 98 661 0.0 0 
13 80 860 0.0115606936416 0 
6 45 381 0.0 0 
6 35 1076 0.00952380952381 0 
5 28 328 0.0 0 
13 61 1388 0.00361010830325 0 
11 62 197 0.0 0 
2 18 664 0.0 0 
11 66 779 0.0 0 
12 68 622 0.0634920634921 0 
7 42 349 0.0128205128205 0 
5 35 399 0.0333333333333 0 
3 15 1095 0.036036036036 0 
9 53 1003 0.00478468899522 0 
13 51 233 0.0 0 
10 61 713 0.0 0 
7 39 1637 0.0 0 
6 36 545 0.0810810810811 0 
11 64 1952 0.0125944584383 0 
26 141 289 0.0117647058824 0 
9 56 1210 0.0082304526749 0 
4 18 206 0.0 0 
16 72 168 0.0 0 
14 77 289 0.0 0 
15 85 306 0.0263157894737 0 
22 123 1222 0.0119521912351 0 
6 29 502 0.0 0 
6 32 506 0.0192307692308 0 
4 24 886 0.0 0 
5 25 141 0.0 0 
20 93 1255 0.0 0 
14 71 519 0.0 0 
10 54 1005 0.0 0 
2 14 372 0.0 0 
7 45 1530 0.0 0 
4 26 172 0.0 0 
7 41 670 0.0 0 
17 93 20 0.0 0 
13 65 126 0.0 0 
8 45 246 0.0 0 
31 155 0 0.0322580645161 0 
11 62 1072 0.0225225225225 0 
14 56 2314 0.0216919739696 0 
6 30 881 0.0 0 
10 46 218 0.0 0 
9 40 495 0.0 0 
42 217 1248 0.0 0 
14 61 1632 0.0201149425287 0 
30 144 766 0.0 0 
3 23 1014 0.00961538461538 0 
9 43 701 0.0 0 
24 102 897 0.0108695652174 0 
5 30 1246 0.00398406374502 0 
11 66 630 0.0229007633588 0 
6 44 1362 0.0110701107011 0 
8 33 808 0.0 0 
6 37 334 0.0289855072464 0 
5 35 767 0.00657894736842 0 
16 71 1308 0.00709219858156 0 
10 60 442 0.0 0 
6 37 334 0.0289855072464 0 
25 137 680 0.0372670807453 0 
12 50 272 0.0 0 
12 57 434 0.0192307692308 0 
17 106 263 0.0 0 
10 79 1268 0.0118577075099 0 
11 51 753 0.0127388535032 0 
6 36 545 0.0810810810811 0 
21 112 352 0.0 0 
12 64 1391 0.00757575757576 0 
10 45 1993 0.00248756218905 0 
3 18 546 0.0 0 
8 51 1147 0.0 0 
9 39 90 0.0 0 
10 52 233 0.0196078431373 0 
19 97 70 0.030303030303 0 
11 41 0 0.0 0 
6 40 490 0.020618556701 0 
9 35 1479 0.00687285223368 0 
7 59 1139 0.0042735042735 0 
4 26 703 0.00729927007299 0 
11 83 701 0.0206896551724 0 
28 129 1871 0.0 0 
12 55 436 0.0 0 
10 49 210 0.0 0 
23 123 232 0.0 0 
13 60 400 0.0 0 
12 70 99 0.0 0 
9 48 163 0.0 0 
14 67 893 0.0168539325843 0 
14 98 793 0.00621118012422 0 
5 29 89 0.0 0 
10 47 965 0.0 0 
9 55 80 0.0 0 
24 130 905 0.005 0 
9 42 1035 0.018018018018 0 
15 75 839 0.0119047619048 0 
7 33 315 0.0 0 
5 39 451 0.0208333333333 0 
7 35 507 0.0 0 
15 82 740 0.0 0 
8 37 155 0.0 0 
9 43 1059 0.0136363636364 0 
21 108 280 0.0 0 
7 40 588 0.0 0 
19 118 178 0.0 0 
17 96 285 0.0138888888889 0 
18 82 0 0.0 0 
5 27 1068 0.0 0 
11 54 972 0.0 0 
22 113 2062 0.00982800982801 0 
14 92 2631 0.031894934334 0 
8 58 3122 0.00520833333333 0 
4 23 1278 0.0150753768844 0 
31 176 25 0.0 0 
21 105 127 0.0 0 
6 32 386 0.0 0 
14 70 3488 0.00147710487445 0 
15 74 349 0.0 0 
7 30 1195 0.0161290322581 0 
14 69 564 0.00757575757576 0 
15 86 363 0.0 0 
10 68 538 0.0272727272727 0 
14 79 383 0.0 0 
21 100 719 0.0188679245283 0 
24 111 198 0.0 0 
12 65 1062 0.00862068965517 0 
15 84 1679 0.0030487804878 0 
15 89 353 0.0 0 
16 104 13 0.0 0 
4 16 287 0.0 0 
6 37 334 0.0289855072464 0 
4 23 113 0.0 0 
9 54 278 0.0153846153846 0 
4 21 449 0.0 0 
15 72 270 0.0281690140845 0 
6 36 881 0.0 0 
10 50 159 0.0 0 
7 43 276 0.0153846153846 0 
10 58 2747 0.0284629981025 0 
6 40 247 0.0 0 
8 46 470 0.0 0 
5 23 371 0.0121951219512 0 
12 58 1247 0.0 0 
17 98 0 0.0 0 
9 37 203 0.0 0 
7 28 248 0.0175438596491 0 
5 32 1050 0.00480769230769 0 
3 15 735 0.0 0 
13 70 1156 0.0167364016736 0 
3 17 752 0.0 0 
20 131 514 0.0 0 
3 23 1858 0.0122699386503 0 
6 31 480 0.0 0 
8 32 252 0.0 0 
12 57 210 0.0 0 
7 47 728 0.0258064516129 0 
4 17 222 0.0 0 
15 70 301 0.0 0 
19 91 866 0.00558659217877 0 
3 29 239 0.0 0 
9 48 276 0.0 0 
11 55 683 0.0 0 
23 131 312 0.0 0 
14 67 489 0.0 0 
9 46 225 0.0 0 
5 36 64 0.0 0 
23 112 379 0.00990099009901 0 
6 29 1765 0.0137362637363 0 
11 71 0 0.0 0 
21 94 1024 0.00952380952381 0 
13 59 0 0.0 0 
8 34 159 0.0 0 
1 10 1365 0.00350877192982 0 
4 19 395 0.0348837209302 0 
8 27 620 0.0 0 
3 17 206 0.0 0 
50 293 494 0.0 0 
11 70 493 0.0 0 
6 41 235 0.0 0 
36 196 0 0.0 0 
23 120 2310 0.0 0 
24 107 1885 0.00761421319797 0 
14 79 1236 0.00833333333333 0 
8 35 99 0.0 0 
3 28 102 0.0 0 
9 40 268 0.0327868852459 0 
17 99 739 0.0 0 
5 35 827 0.0 0 
16 81 1346 0.0104529616725 0 
14 75 546 0.0 0 
12 66 1492 0.00660066006601 0 
10 51 0 0.0 0 
12 58 5348 0.0132701421801 0 
6 38 359 0.0135135135135 0 
4 19 829 0.0116959064327 0 
13 82 857 0.0 0 
12 51 319 0.0120481927711 0 
8 50 743 0.0189873417722 0 
10 49 197 0.0 0 
21 92 1794 0.00271739130435 0 
13 71 264 0.0 0 
5 43 504 0.0 0 
27 134 611 0.0133333333333 0 
35 158 3101 0.0 0 
4 15 466 0.0208333333333 0 
7 54 1365 0.00343642611684 0 
8 54 733 0.0 0 
20 105 76 0.0 0 
19 107 79 0.0294117647059 0 
3 18 189 0.0 0 
9 44 131 0.0 0 
11 53 2773 0.0 0 
19 108 571 0.0 0 
8 53 4618 0.019801980198 0 
9 57 1046 0.0152284263959 0 
11 81 1421 0.0 0 
8 44 439 0.0 0 
8 45 136 0.0571428571429 0 
12 75 747 0.0 0 
27 125 445 0.00833333333333 0 
10 69 105 0.0 0 
13 83 751 0.0 0 
5 29 509 0.0 0 
17 97 349 0.0121951219512 0 
25 142 617 0.00704225352113 0 
4 18 344 0.0 0 
30 140 2326 0.00612244897959 0 
5 34 566 0.00869565217391 0 
13 75 12 0.0588235294118 0 
5 33 199 0.0454545454545 0 
6 40 1388 0.0 0 
7 30 974 0.0 0 
21 104 783 0.0110497237569 0 
11 44 733 0.0 0 
21 94 889 0.0102564102564 0 
35 176 2070 0.0131926121372 0 
8 32 331 0.0285714285714 0 
5 36 822 0.0181818181818 0 
6 36 940 0.0223463687151 0 
15 78 2634 0.0018115942029 0 
27 159 1487 0.0333333333333 0 
17 86 0 0.0 0 
7 34 416 0.0 0 
3 18 504 0.0217391304348 0 
9 40 369 0.0 0 
8 43 72 0.0 0 
2 20 86 0.0 0 
9 57 395 0.0113636363636 0 
13 60 494 0.0 0 
4 28 158 0.0 0 
8 39 581 0.00763358778626 0 
12 76 10938 0.013358778626 0 
7 51 111 0.0 0 
6 42 239 0.0181818181818 0 
12 59 451 0.0 0 
6 45 347 0.0294117647059 0 
13 69 382 0.0111111111111 0 
5 24 441 0.0106382978723 0 
5 32 774 0.0251572327044 0 
14 91 440 0.0108695652174 0 
7 48 2422 0.0147058823529 0 
16 79 4358 0.0324129651861 0 
12 60 346 0.0 0 
17 90 358 0.0111111111111 0 
15 72 871 0.0260416666667 0 
1 7 46 0.0 0 
6 36 856 0.0120481927711 0 
5 16 713 0.00649350649351 0 
5 35 153 0.0 0 
12 65 142 0.0 0 
9 48 179 0.0 0 
8 38 609 0.0 0 
11 50 188 0.0222222222222 0 
12 88 184 0.0 0 
32 159 2644 0.00524475524476 0 
17 95 1765 0.00564971751412 0 
12 52 1626 0.025787965616 0 
6 28 350 0.0 0 
8 46 541 0.0 0 
5 35 393 0.021978021978 0 
12 67 155 0.0 0 
16 72 668 0.00662251655629 0 
18 116 248 0.0 0 
13 59 2984 0.0116666666667 0 
11 61 440 0.0 0 
12 70 195 0.0377358490566 0 
9 57 307 0.0434782608696 0 
19 104 304 0.0 0 
11 57 398 0.0 0 
10 54 987 0.0 0 
18 76 360 0.0 0 
19 106 279 0.0 0 
4 23 825 0.0112994350282 0 
10 34 222 0.0701754385965 0 
7 38 416 0.0 0 
16 79 2406 0.00198807157058 0 
10 68 538 0.0272727272727 0 
2 14 596 0.0 0 
19 103 84 0.0588235294118 0 
11 59 103 0.0 0 
5 33 1510 0.0161812297735 0 
1 9 51 0.0 0 
4 23 254 0.016393442623 0 
12 55 88 0.0 0 
18 84 1456 0.0133779264214 0 
14 72 351 0.0519480519481 0 
14 48 329 0.0128205128205 0 
16 77 2848 0.00183823529412 0 
7 33 229 0.0408163265306 0 
15 69 1156 0.0115384615385 0 
6 22 916 0.00526315789474 0 
10 49 858 0.0166666666667 0 
10 40 323 0.0 0 
14 77 442 0.0 0 
14 75 662 0.00699300699301 0 
8 44 538 0.0172413793103 0 
9 36 808 0.0119760479042 0 
5 29 489 0.0431034482759 0 
11 52 2005 0.0188679245283 0 
13 75 505 0.00961538461538 0 
10 43 0 0.0 0 
9 56 751 0.0397350993377 0 
8 32 402 0.0 0 
9 40 415 0.0 0 
5 32 469 0.0 0 
7 38 119 0.0 0 
8 53 942 0.0344827586207 0 
18 72 153 0.0 0 
8 48 320 0.0 0 
14 62 1479 0.0152091254753 0 
12 65 682 0.0299401197605 0 
12 47 208 0.0 0 
3 29 830 0.0 0 
11 61 218 0.0 0 
22 89 1247 0.00696864111498 0 
14 71 781 0.0404624277457 0 
21 121 734 0.0 0 
6 28 2261 0.0201342281879 0 
2 19 208 0.0 0 
13 65 1856 0.00277777777778 0 
6 29 86 0.0 0 
7 41 679 0.0 0 
7 46 1436 0.0209059233449 0 
7 39 976 0.00510204081633 0 
13 59 1667 0.0 0 
16 69 826 0.0109289617486 0 
10 53 811 0.0 0 
12 65 1365 0.00769230769231 0 
12 58 563 0.0 0 
2 15 327 0.0 0 
17 82 753 0.00645161290323 0 
18 91 2115 0.00472813238771 0 
22 96 1877 0.0151515151515 0 
17 92 1820 0.00280898876404 0 
15 70 643 0.0140845070423 0 
8 36 1128 0.0143540669856 0 
11 58 876 0.0238095238095 0 
13 71 0 0.0 0 
27 150 889 0.0048309178744 0 
6 36 545 0.0810810810811 0 
5 22 1221 0.0 0 
6 40 490 0.020618556701 0 
6 37 334 0.0289855072464 0 
2 7 142 0.0 0 
3 22 654 0.00751879699248 0 
5 31 481 0.0 0 
11 70 2333 0.010395010395 0 
4 29 597 0.0 0 
7 41 179 0.0 0 
14 78 310 0.0 0 
6 38 953 0.0257731958763 0 
12 57 185 0.0 0 
8 39 649 0.0381679389313 0 
6 33 528 0.0 0 
30 148 421 0.00869565217391 0 
10 56 359 0.0 0 
7 30 293 0.0 0 
13 62 1226 0.0 0 
7 27 2370 0.00609756097561 0 
11 41 1453 0.00990099009901 0 
6 32 225 0.0 0 
6 34 721 0.00675675675676 0 
11 42 477 0.00884955752212 0 
2 16 175 0.0 0 
4 42 233 0.0 0 
15 95 1111 0.00884955752212 0 
8 40 137 0.0 0 
17 87 1153 0.0 0 
8 41 114 0.0 0 
19 102 418 0.0 0 
2 18 1513 0.00986842105263 0 
14 60 615 0.00729927007299 0 
6 37 334 0.0289855072464 0 
14 57 2043 0.00963855421687 0 
9 47 475 0.02 0 
13 66 541 0.0 0 
19 89 500 0.0 0 
20 92 1556 0.0 0 
12 61 1065 0.0130434782609 0 
10 51 171 0.0 0 
6 37 1632 0.016077170418 0 
8 54 890 0.00636942675159 0 
12 51 484 0.0166666666667 0 
6 33 131 0.0 0 
5 34 889 0.0 0 
6 39 331 0.0 0 
18 86 841 0.0 0 
14 69 485 0.0188679245283 0 
10 49 474 0.0454545454545 0 
9 34 272 0.0153846153846 0 
13 70 1064 0.0047619047619 0 
7 33 744 0.0 0 
10 59 1372 0.0103092783505 0 
16 71 1434 0.0 0 
15 69 357 0.0224719101124 0 
17 69 872 0.00540540540541 0 
4 19 452 0.0 0 
39 185 373 0.0 0 
12 69 2088 0.00257731958763 0 
7 32 848 0.0 0 
15 105 312 0.0 0 
19 78 1357 0.0034965034965 0 
7 42 266 0.0 0 
7 38 127 0.111111111111 0 
4 32 236 0.0 0 
20 128 747 0.00617283950617 0 
32 173 246 0.0125 0 
10 51 3040 0.0034965034965 0 
7 43 314 0.0 0 
13 62 1365 0.017667844523 0 
11 60 401 0.0120481927711 0 
11 69 76 0.0 0 
5 36 430 0.010101010101 0 
2 9 161 0.0540540540541 0 
21 101 68 0.0285714285714 0 
20 95 1479 0.0 0 
9 51 151 0.0 0 
16 84 1372 0.00751879699248 0 
21 96 70 0.0 0 
5 29 242 0.0 0 
5 30 1202 0.00431034482759 0 
18 87 121 0.0 0 
18 95 205 0.0 0 
3 25 246 0.0 0 
11 59 575 0.0 0 
12 65 1206 0.0082304526749 0 
10 64 956 0.00492610837438 0 
5 32 536 0.0 0 
5 27 320 0.0 0 
3 19 258 0.0 0 
16 74 344 0.0 0 
5 17 874 0.00595238095238 0 
27 130 161 0.0 0 
4 27 343 0.0 0 
12 49 360 0.0 0 
6 60 922 0.0 0 
14 61 853 0.0105263157895 0 
7 40 1217 0.0 0 
10 56 856 0.0162162162162 0 
10 54 85 0.0 0 
12 58 755 0.025641025641 0 
22 146 463 0.0 0 
10 45 248 0.0 0 
16 62 1242 0.0109090909091 0 
4 26 189 0.0 0 
6 34 575 0.00847457627119 0 
4 29 459 0.0 0 
11 69 787 0.0121212121212 0 
20 123 1134 0.0165289256198 0 
8 29 1088 0.00401606425703 0 
6 37 334 0.0289855072464 0 
12 63 583 0.0 0 
3 26 307 0.0166666666667 0 
13 55 259 0.0 0 
16 76 294 0.0294117647059 0 
11 58 498 0.0173913043478 0 
22 130 391 0.0 0 
9 49 457 0.0 0 
6 27 480 0.020202020202 0 
8 50 1123 0.00892857142857 0 
9 49 442 0.0 0 
14 70 917 0.0 0 
12 76 239 0.0535714285714 0 
15 84 586 0.0985915492958 0 
16 66 1874 0.00262467191601 0 
16 80 238 0.0 0 
4 27 979 0.00490196078431 0 
14 67 494 0.0 0 
20 132 365 0.0 0 
13 69 2427 0.0 0 
8 52 719 0.0 0 
9 37 446 0.0 0 
4 30 110 0.0 0 
4 17 365 0.0 0 
6 28 187 0.0 0 
12 56 1010 0.00471698113208 0 
6 35 94 0.0 0 
13 62 1671 0.00302114803625 0 
8 49 319 0.0 0 
5 34 168 0.0 0 
5 19 242 0.0 0 
20 87 144 0.0 0 
12 50 1809 0.0119402985075 0 
5 23 1321 0.0113636363636 0 
11 55 1154 0.0173913043478 0 
16 96 300 0.0277777777778 0 
12 57 1010 0.0 0 
8 35 281 0.0 0 
19 102 220 0.0 0 
9 63 1089 0.00869565217391 0 
12 72 913 0.005 0 
21 101 770 0.0 0 
8 50 1146 0.0131004366812 0 
16 75 1733 0.00297619047619 0 
12 61 690 0.0 0 
14 69 848 0.00552486187845 0 
9 50 2480 0.00229357798165 0 
5 47 1052 0.00490196078431 0 
11 62 130 0.0 0 
12 54 26 0.0 0 
9 63 1653 0.00597014925373 0 
12 54 530 0.027027027027 0 
5 21 291 0.0 0 
7 44 161 0.0 0 
8 34 1345 0.029304029304 0 
3 25 376 0.0 0 
15 81 1211 0.00793650793651 0 
10 46 442 0.0105263157895 0 
9 43 1224 0.00778210116732 0 
5 31 392 0.0 0 
14 77 0 0.142857142857 0 
7 45 303 0.0 0 
10 65 458 0.0 0 
15 83 0 0.0 0 
14 83 670 0.0 0 
8 38 229 0.0196078431373 0 
10 51 618 0.0 0 
8 51 77 0.0 0 
16 107 590 0.0 0 
8 50 197 0.0 0 
7 42 754 0.0 0 
14 73 165 0.0 0 
17 93 205 0.0175438596491 0 
16 82 498 0.00862068965517 0 
12 60 1048 0.0162162162162 0 
16 82 305 0.0 0 
15 86 1098 0.00456621004566 0 
10 70 781 0.0189873417722 0 
5 28 336 0.0 0 
15 66 1216 0.0285714285714 0 
5 29 158 0.0 0 
8 47 134 0.0 0 
10 57 181 0.0 0 
6 19 654 0.0352112676056 0 
25 131 1167 0.00900900900901 0 
14 56 658 0.0 0 
4 26 361 0.0 0 
17 83 220 0.0 0 
22 102 472 0.0 0 
9 37 2103 0.0167865707434 0 
19 112 159 0.0212765957447 0 
16 73 332 0.0 0 
19 91 1470 0.0244648318043 0 
20 89 328 0.0 0 
8 32 628 0.00877192982456 0 
15 87 264 0.0 0 
7 43 463 0.0 0 
13 59 2088 0.0 0 
10 61 89 0.0 0 
26 148 346 0.0 0 
5 40 465 0.0238095238095 0 
7 29 683 0.0 0 
9 44 773 0.0 0 
5 40 465 0.0238095238095 0 
9 39 170 0.0697674418605 0 
15 87 703 0.0 0 
15 80 200 0.0 0 
6 25 704 0.0 0 
12 60 290 0.0285714285714 0 
5 25 178 0.0 0 
13 57 608 0.0 0 
3 18 357 0.0142857142857 0 
11 51 192 0.0185185185185 0 
5 35 119 0.0 0 
7 33 101 0.0 0 
9 48 522 0.0283018867925 0 
9 45 1174 0.0 0 
13 62 374 0.0 0 
12 74 1061 0.0 0 
13 62 217 0.0 0 
9 58 278 0.0 0 
5 18 199 0.0222222222222 0 
19 96 1668 0.0147058823529 0 
17 76 904 0.0 0 
14 61 480 0.0 0 
3 28 234 0.0 0 
18 85 554 0.00806451612903 0 
7 29 143 0.0 0 
9 35 808 0.0 0 
9 46 210 0.0 0 
9 53 132 0.0277777777778 0 
18 83 595 0.0223880597015 0 
12 83 1047 0.0093896713615 0 
2 20 247 0.0434782608696 0 
11 62 279 0.0 0 
6 37 334 0.0289855072464 0 
9 44 430 0.0416666666667 0 
10 54 163 0.0 0 
5 27 619 0.0 0 
16 84 84 0.0 0 
10 54 1429 0.014598540146 0 
12 55 101 0.0 0 
5 20 273 0.0 0 
6 37 334 0.0289855072464 0 
9 61 1334 0.00732600732601 0 
9 41 299 0.044776119403 0 
5 40 465 0.0238095238095 0 
9 55 1599 0.0197368421053 0 
18 71 1864 0.00514138817481 0 
6 39 137 0.0 0 
16 76 1470 0.0365853658537 0 
14 73 500 0.0 0 
13 68 435 0.0 0 
17 77 168 0.0 0 
4 31 603 0.0183486238532 0 
11 56 3141 0.00314960629921 0 
3 25 512 0.0 0 
4 34 142 0.0588235294118 0 
15 77 1483 0.00350877192982 0 
13 74 151 0.0 0 
9 59 483 0.0183486238532 0 
6 42 465 0.0 0 
6 43 180 0.0 0 
8 52 5389 0.000950570342205 0 
21 81 443 0.00877192982456 0 
9 53 1353 0.014652014652 0 
11 65 1118 0.00446428571429 0 
4 42 648 0.0 0 
22 97 0 0.0 0 
8 49 474 0.0 0 
10 47 223 0.0 0 
6 37 334 0.0289855072464 0 
5 35 301 0.0 0 
17 93 238 0.0 0 
8 31 571 0.00806451612903 0 
26 116 1332 0.0 0 
6 39 203 0.0 0 
15 82 36 0.0 0 
9 52 285 0.0 0 
11 65 226 0.0 0 
27 127 1977 0.00714285714286 0 
15 75 1054 0.0210084033613 0 
14 55 1524 0.0189873417722 0 
12 76 263 0.0 0 
10 44 226 0.0192307692308 0 
7 29 1490 0.0249221183801 0 
7 40 1704 0.027950310559 0 
18 97 51 0.0 0 
10 52 530 0.0 0 
5 32 187 0.0 0 
9 46 444 0.0108695652174 0 
13 72 1709 0.0421686746988 0 
4 28 662 0.0229007633588 0 
4 41 111 0.0 0 
4 29 162 0.0 0 
9 50 232 0.0 0 
13 80 43 0.047619047619 0 
6 38 772 0.00680272108844 0 
13 70 0 0.0 0 
13 52 260 0.0588235294118 0 
8 41 632 0.0 0 
7 42 227 0.0 0 
10 66 1927 0.0388888888889 0 
10 40 2282 0.0075 0 
4 29 1256 0.0121457489879 0 
25 125 461 0.00819672131148 0 
20 93 630 0.0 0 
20 138 686 0.0 0 
21 89 588 0.0 0 
9 53 279 0.016393442623 0 
10 49 158 0.0 0 
16 82 245 0.0 0 
14 53 442 0.0 0 
12 47 3045 0.0109034267913 0 
7 43 95 0.0 0 
9 46 102 0.0 0 
4 23 462 0.0 0 
5 28 260 0.0185185185185 0 
3 28 385 0.0 0 
10 44 1108 0.00487804878049 0 
6 39 195 0.0 0 
15 49 708 0.0186335403727 0 
12 65 675 0.0136054421769 0 
12 55 97 0.0 0 
3 18 524 0.01 0 
15 100 346 0.0493827160494 0 
13 67 8666 0.0109024833434 0 
32 152 1261 0.013986013986 0 
3 25 176 0.0 0 
13 71 800 0.0 0 
14 51 124 0.0 0 
10 41 555 0.0 0 
28 130 512 0.0 0 
4 30 363 0.013698630137 0 
14 72 282 0.0 0 
5 26 1214 0.0124481327801 0 
16 74 444 0.00961538461538 0 
8 68 1167 0.00446428571429 0 
7 45 264 0.0 0 
18 87 475 0.0 0 
8 42 611 0.0 0 
10 62 479 0.0353982300885 0 
11 56 773 0.0 0 
3 14 660 0.0147058823529 0 
7 54 628 0.0 0 
11 68 451 0.0 0 
4 22 384 0.0133333333333 0 
27 123 1744 0.010781671159 0 
10 43 859 0.0 0 
9 49 342 0.0 0 
34 163 106 0.0 0 
5 34 2157 0.00480769230769 0 
7 38 564 0.00840336134454 0 
6 37 314 0.0 0 
18 97 282 0.0 0 
4 34 884 0.0 0 
10 41 665 0.0 0 
11 49 911 0.00534759358289 0 
10 69 527 0.0166666666667 0 
15 88 425 0.0104166666667 0 
5 19 1839 0.0166666666667 0 
5 29 204 0.0 0 
12 72 508 0.0277777777778 0 
9 44 469 0.0 0 
6 37 334 0.0289855072464 0 
4 26 195 0.0263157894737 0 
10 40 1733 0.0109289617486 0 
7 23 983 0.00502512562814 0 
7 43 661 0.0 0 
17 67 591 0.029197080292 0 
18 98 397 0.0104166666667 0 
8 26 1245 0.00816326530612 0 
6 26 183 0.0 0 
8 38 233 0.0 0 
4 33 413 0.0 0 
5 39 273 0.015873015873 0 
5 33 280 0.0 0 
5 27 911 0.0104712041885 0 
15 90 98 0.0 0 
7 32 372 0.0277777777778 0 
3 21 445 0.0 0 
5 34 760 0.00689655172414 0 
16 80 830 0.010752688172 0 
8 51 989 0.0 0 
2 13 864 0.0 0 
4 18 885 0.0177514792899 0 
22 108 0 0.0 0 
8 41 239 0.0 0 
10 63 506 0.0 0 
7 59 5567 0.000980392156863 0 
17 79 498 0.034188034188 0 
12 70 168 0.0 0 
14 75 337 0.0 0 
6 38 859 0.0 0 
5 37 375 0.0 0 
15 85 52 0.0 0 
10 57 108 0.0 0 
2 14 267 0.0 0 
6 40 490 0.020618556701 0 
8 38 470 0.0 0 
3 25 1472 0.00738007380074 0 
5 42 670 0.00709219858156 0 
8 50 281 0.0 0 
3 14 2222 0.165697674419 0 
8 36 376 0.0 0 
15 85 25 0.0 0 
15 93 2466 0.0 0 
14 73 1259 0.0080971659919 0 
8 42 585 0.0077519379845 0 
10 70 557 0.125984251969 0 
9 57 950 0.0 0 
9 41 803 0.0175438596491 0 
14 77 955 0.00990099009901 0 
8 27 643 0.0206896551724 0 
12 62 269 0.0 0 
6 42 140 0.108108108108 0 
11 47 1015 0.00473933649289 0 
16 83 109 0.0 0 
18 78 1276 0.018315018315 0 
9 63 1497 0.016339869281 0 
3 17 454 0.0212765957447 0 
14 90 1283 0.0 0 
28 100 79 0.0 0 
6 34 267 0.0 0 
43 210 257 0.0 0 
5 19 433 0.0 0 
13 69 187 0.0 0 
15 72 897 0.0 0 
9 42 154 0.0 0 
3 24 803 0.0242424242424 0 
5 31 348 0.0 0 
5 19 1401 0.0105633802817 0 
10 67 207 0.0 0 
4 20 288 0.0 0 
3 25 306 0.0 0 
8 43 233 0.0 0 
9 66 854 0.0 0 
5 14 525 0.00909090909091 0 
18 84 804 0.0 0 
4 13 154 0.0 0 
17 66 175 0.0 0 
3 23 688 0.0122699386503 0 
45 202 1043 0.0 0 
8 49 95 0.0645161290323 0 
17 82 917 0.045 0 
9 44 452 0.0 0 
14 75 137 0.0 0 
16 84 85 0.0 0 
4 25 203 0.0 0 
21 95 1511 0.0191693290735 0 
8 53 678 0.0198675496689 0 
9 46 2062 0.00239234449761 0 
3 25 611 0.0 0 
13 56 767 0.0 0 
5 19 1683 0.00294985250737 0 
9 37 742 0.0 0 
10 55 1369 0.00363636363636 0 
9 68 2290 0.0063829787234 0 
5 36 530 0.0188679245283 0 
19 89 3162 0.00459418070444 0 
17 89 198 0.0 0 
4 18 186 0.0 0 
7 53 613 0.0 0 
4 25 1111 0.00462962962963 0 
10 53 187 0.030303030303 0 
9 47 359 0.04 0 
8 40 15 0.0 0 
10 68 385 0.0 0 
13 84 814 0.0059880239521 0 
26 135 1408 0.00315457413249 0 
7 33 909 0.00591715976331 0 
14 78 681 0.0 0 
11 59 736 0.0 0 
4 35 201 0.0 0 
18 101 0 0.0 0 
20 117 546 0.0 0 
12 69 141 0.05 0 
6 35 919 0.010582010582 0 
13 83 1098 0.00904977375566 0 
5 32 199 0.0222222222222 0 
7 38 1309 0.0 0 
14 68 976 0.00478468899522 0 
12 61 629 0.0 0 
8 41 52 0.0 0 
4 18 383 0.0 0 
7 32 94 0.0 0 
7 28 408 0.0111111111111 0 
3 17 209 0.0 0 
14 70 448 0.00884955752212 0 
7 35 398 0.0 0 
8 42 1380 0.00363636363636 0 
10 39 1636 0.00607902735562 0 
5 35 449 0.0104166666667 0 
4 29 544 0.027027027027 0 
8 42 589 0.017094017094 0 
6 36 426 0.0235294117647 0 
11 60 941 0.00526315789474 0 
7 38 809 0.00666666666667 0 
15 69 894 0.0 0 
13 53 639 0.0 0 
25 123 835 0.037037037037 0 
13 58 1328 0.011320754717 0 
7 39 621 0.0227272727273 0 
5 33 224 0.0 0 
9 47 558 0.0 0 
13 57 1253 0.0 0 
13 74 145 0.0 0 
7 29 4544 0.0 0 
9 40 55 0.0454545454545 0 
9 57 1693 0.00297619047619 0 
7 44 260 0.0 0 
10 36 328 0.013698630137 0 
15 88 543 0.0 0 
9 55 253 0.0 0 
13 71 795 0.0459770114943 0 
4 30 346 0.0 0 
10 64 0 0.0 0 
7 44 3208 0.0132450331126 0 
9 58 0 0.0 0 
10 54 508 0.0 0 
7 49 472 0.010101010101 0 
6 44 1328 0.0846153846154 0 
4 19 0 0.25 0 
12 66 687 0.0134228187919 0 
14 81 787 0.0 0 
11 66 0 0.0 0 
20 98 297 0.025641025641 0 
7 49 152 0.0294117647059 0 
10 65 1011 0.0279069767442 0 
8 52 156 0.0 0 
9 57 1775 0.0527777777778 0 
20 100 2190 0.0 0 
14 61 985 0.00552486187845 0 
11 53 203 0.0 0 
3 27 812 0.0208333333333 0 
2 22 842 0.0125 0 
21 96 0 0.0 0 
4 19 369 0.0 0 
9 64 921 0.0181818181818 0 
9 48 495 0.0 0 
5 31 212 0.0 0 
13 76 0 0.0 0 
5 29 194 0.0 0 
5 34 785 0.0 0 
14 57 0 0.0 0 
6 36 726 0.0 0 
11 53 356 0.0 0 
8 51 113 0.0 0 
38 277 0 0.0 0 
7 61 336 0.0121951219512 0 
9 57 405 0.0 0 
3 16 0 0.0 0 
18 103 30 0.0 0 
9 50 206 0.02 0 
3 24 1251 0.0 0 
3 20 393 0.025641025641 0 
7 43 625 0.0 0 
23 118 0 0.0 0 
8 56 0 0.0 0 
4 27 381 0.012987012987 0 
10 50 0 0.2 0 
6 43 404 0.0581395348837 0 
11 61 1474 0.00332225913621 0 
3 19 314 0.0 0 
9 39 271 0.02 0 
4 30 194 0.0 0 
5 31 500 0.0192307692308 0 
6 48 0 0.0 0 
3 19 0 0.0 0 
6 39 424 0.0 0 
8 42 642 0.025 0 
3 34 397 0.0 0 
3 20 620 0.0162601626016 0 
5 35 0 0.0 0 
8 53 0 0.0 0 
6 55 0 0.0 0 
12 79 1118 0.00892857142857 0 
9 54 81 0.0 0 
17 79 694 0.0 0 
8 52 345 0.0 0 
2 18 262 0.0 0 
6 33 0 0.0 0 
15 78 624 0.0 0 
4 25 0 0.0 0 
13 75 1105 0.0286885245902 0 
11 55 308 0.0 0 
6 41 397 0.025641025641 0 
6 45 1429 0.00719424460432 0 
16 80 0 0.0 0 
11 64 0 0.0 0 
5 30 0 0.2 0 
13 73 107 0.0 0 
3 27 0 0.0 0 
9 59 0 0.111111111111 0 
8 35 0 0.0 0 
9 49 0 0.0 0 
9 44 999 0.073732718894 0 
5 32 121 0.0 0 
9 58 3672 0.305354558611 0 
9 68 793 0.0246913580247 0 
6 26 567 0.0 0 
8 34 0 0.125 0 
12 75 660 0.013698630137 0 
8 49 658 0.008 0 
2 11 178 0.05 0 
6 38 2413 0.0110375275938 0 
6 24 438 0.0 0 
7 38 700 0.0285714285714 0 
26 159 114 0.0 0 
22 132 0 0.0 0 
23 116 909 0.0 0 
9 60 1028 0.0229357798165 0 
5 45 417 0.025641025641 0 
7 41 168 0.0 0 
14 97 0 0.0714285714286 0 
5 34 0 0.0 0 
14 120 254 0.0 0 
21 95 1159 0.0122950819672 0 
9 57 782 0.0 0 
5 40 224 0.0227272727273 0 
5 32 1789 0.0320699708455 0 
1 10 469 0.0204081632653 0 
4 26 468 0.0 0 
6 46 376 0.0 0 
3 28 358 0.0133333333333 0 
13 61 169 0.0 0 
3 28 146 0.0 0 
4 30 499 0.010101010101 0 
4 26 546 0.0 0 
8 43 605 0.0175438596491 0 
4 24 522 0.0 0 
3 17 0 0.0 0 
4 39 467 0.0 0 
11 78 50 0.0 0 
3 25 714 0.0215827338129 0 
18 109 252 0.030303030303 0 
5 22 253 0.0 0 
11 67 1579 0.0 0 
20 122 0 0.05 0 
6 29 0 0.166666666667 0 
8 58 128 0.0 0 
3 27 336 0.0 0 
10 53 0 0.0 0 
14 67 175 0.0 0 
8 40 178 0.0 0 
4 26 192 0.0 0 
6 40 352 0.0 0 
12 62 0 0.0 0 
19 88 201 0.0 0 
25 134 0 0.0 0 
11 78 0 0.0 0 
3 17 133 0.0 0 
12 66 569 0.0 0 
9 51 0 0.0 0 
31 155 0 0.0 0 
16 104 0 0.0 0 
19 107 0 0.157894736842 0 
8 41 647 0.0 0 
2 14 0 0.0 0 
24 127 87 0.0571428571429 0 
15 113 0 0.0 0 
11 56 436 0.0707070707071 0 
11 63 0 0.0 0 
6 32 815 0.0188679245283 0 
5 27 126 0.0 0 
5 41 277 0.0 0 
5 37 379 0.0 0 
9 55 299 0.0 0 
12 65 24 0.0 0 
3 14 482 0.0188679245283 0 
22 119 19943 0.0207281424395 0 
7 41 849 0.00617283950617 0 
7 40 545 0.0263157894737 0 
10 66 0 0.0 0 
4 27 51 0.0 0 
7 45 0 0.0 0 
4 39 0 0.0 0 
7 47 659 0.0144927536232 0 
10 53 532 0.0775862068966 0 
11 85 1852 0.0211480362538 0 
17 92 230 0.0 0 
9 44 374 0.0 0 
8 47 0 0.0 0 
15 85 688 0.0 0 
4 15 128 0.0 0 
10 49 0 0.1 0 
3 21 236 0.104166666667 0 
15 107 660 0.0544217687075 0 
5 30 671 0.044776119403 0 
7 35 106 0.0 0 
4 33 866 0.0 0 
8 43 605 0.0175438596491 0 
5 28 732 0.00641025641026 0 
13 83 112 0.0 0 
4 25 444 0.0602409638554 0 
12 72 890 0.0176470588235 0 
16 78 90 0.0 0 
8 54 2241 0.018018018018 0 
9 51 298 0.0 0 
9 61 2300 0.015625 0 
2 16 622 0.0 0 
14 88 115 0.0 0 
8 40 0 0.0 0 
10 48 0 0.0 0 
16 100 0 0.0 0 
7 44 0 0.0 0 
10 40 563 0.0078125 0 
9 71 383 0.0 0 
5 34 416 0.0 0 
6 47 0 0.0 0 
6 38 0 0.0 0 
11 63 527 0.0 0 
4 20 0 0.0 0 
9 51 233 0.0 0 
9 36 0 0.0 0 
19 94 733 0.0 0 
10 68 0 0.0 0 
3 19 543 0.0467289719626 0 
6 58 473 0.0 0 
3 19 594 0.0 0 
22 110 804 0.00588235294118 0 
6 37 711 0.0133333333333 0 
8 42 529 0.0208333333333 0 
8 55 516 0.0 0 
8 36 72 0.0 0 
8 44 758 0.0119047619048 0 
14 72 727 0.0 0 
12 66 43 0.0454545454545 0 
9 41 316 0.108108108108 0 
16 96 1117 0.00869565217391 0 
12 76 319 0.0 0 
7 37 332 0.0 0 
4 24 635 0.031007751938 0 
4 45 718 0.0149253731343 0 
8 42 529 0.0208333333333 0 
11 44 1188 0.0 0 
15 89 0 0.0 0 
20 112 300 0.0609756097561 0 
9 49 1018 0.044776119403 0 
15 61 401 0.010989010989 0 
8 50 397 0.0 0 
8 47 0 0.0 0 
4 47 287 0.0 0 
7 30 0 0.0 0 
14 83 0 0.0 0 
15 83 0 0.0 0 
4 30 2312 0.0 0 
10 54 460 0.0 0 
16 89 1237 0.0121457489879 0 
10 63 532 0.0416666666667 0 
12 60 440 0.0103092783505 0 
41 258 0 0.0 0 
7 35 893 0.0112359550562 0 
5 40 185 0.0 0 
12 91 0 0.0 0 
7 35 0 0.0 0 
26 155 54 0.0 0 
18 98 2390 0.0654396728016 0 
10 52 659 0.032 0 
17 102 1144 0.0093023255814 0 
4 24 554 0.00847457627119 0 
11 58 175 0.0 0 
6 29 330 0.0149253731343 0 
8 52 1184 0.0189573459716 0 
6 46 0 0.0 0 
9 59 359 0.0 0 
7 50 0 0.0 0 
12 73 548 0.0 0 
7 41 372 0.0 0 
11 76 0 0.0 0 
3 18 0 0.0 0 
4 22 618 0.00806451612903 0 
13 62 1091 0.0675105485232 0 
4 20 0 0.0 0 
5 39 320 0.0 0 
13 79 2481 0.0243407707911 0 
6 38 0 0.0 0 
16 97 521 0.0247933884298 0 
17 107 773 0.0 0 
15 77 198 0.0 0 
7 38 1967 0.0 0 
10 79 0 0.1 0 
10 60 505 0.114035087719 0 
7 33 242 0.0 0 
27 155 1328 0.0 0 
8 43 605 0.0175438596491 0 
3 27 489 0.0 0 
8 54 0 0.125 0 
8 52 911 0.00564971751412 0 
6 33 382 0.0 0 
13 67 358 0.0112359550562 0 
5 41 815 0.0357142857143 0 
9 55 1064 0.0837438423645 0 
10 58 484 0.140350877193 0 
8 31 191 0.0 0 
8 43 199 0.0 0 
10 85 0 0.0 0 
30 166 0 0.0 0 
11 66 337 0.013698630137 0 
12 53 266 0.0 0 
15 106 123 0.027027027027 0 
15 93 101 0.0 0 
6 47 1127 0.0194174757282 0 
4 33 722 0.0 0 
8 43 605 0.0175438596491 0 
7 43 445 0.0 0 
6 34 0 0.0 0 
7 38 0 0.0 0 
10 66 685 0.00675675675676 0 
14 82 754 0.0206896551724 0 
9 61 501 0.0 0 
7 35 1439 0.0251798561151 0 
5 51 481 0.0111111111111 0 
23 129 33 0.0 0 
18 107 0 0.0 0 
5 39 453 0.030612244898 0 
42 287 0 0.0 0 
8 42 529 0.0208333333333 0 
15 66 148 0.0 0 
7 37 477 0.0 0 
7 43 710 0.0208333333333 0 
12 81 735 0.0220588235294 0 
8 58 1954 0.00992555831266 0 
11 64 0 0.0 0 
3 22 304 0.0819672131148 0 
15 78 503 0.0 0 
4 29 282 0.0 0 
7 45 0 0.0 0 
15 88 0 0.0666666666667 0 
12 64 103 0.0 0 
9 49 533 0.00869565217391 0 
13 88 0 0.0 0 
5 42 335 0.0 0 
6 46 0 0.0 0 
20 114 1009 0.0242718446602 0 
7 37 480 0.156862745098 0 
5 37 588 0.0327868852459 0 
4 24 903 0.0 0 
6 42 0 0.0 0 
48 259 0 0.0 0 
7 41 446 0.00970873786408 0 
8 48 249 0.0 0 
12 64 0 0.0 0 
8 59 733 0.0 0 
5 31 584 0.0183486238532 0 
7 31 1141 0.0 0 
6 31 385 0.0128205128205 0 
13 88 0 0.0769230769231 0 
4 25 0 0.0 0 
8 63 481 0.0102040816327 0 
6 39 232 0.0 0 
7 39 913 0.0 0 
8 48 222 0.0 0 
5 35 364 0.0126582278481 0 
6 37 321 0.0 0 
16 79 563 0.0583333333333 0 
4 20 164 0.0 0 
3 26 366 0.0 0 
6 46 179 0.0 0 
5 29 115 0.0 0 
4 19 213 0.0 0 
5 39 546 0.0 0 
6 34 0 0.0 0 
3 21 0 0.0 0 
6 44 537 0.0 0 
9 36 188 0.0 0 
10 66 0 0.0 0 
5 41 206 0.0 0 
2 13 284 0.0 0 
9 48 415 0.0 0 
14 75 657 0.0289855072464 0 
5 40 669 0.0390625 0 
13 69 0 0.0 0 
13 71 0 0.0 0 
10 53 614 0.0287769784173 0 
3 32 96 0.0 0 
7 33 453 0.0113636363636 0 
17 104 132 0.0833333333333 0 
20 89 83 0.0 0 
18 99 433 0.0 0 
24 114 1681 0.0121580547112 0 
7 35 816 0.0223463687151 0 
20 108 891 0.046875 0 
13 61 122 0.0 0 
9 60 0 0.0 0 
15 73 1042 0.0 0 
11 58 0 0.0 0 
5 30 191 0.0 0 
3 19 160 0.0 0 
13 72 568 0.0176991150442 0 
7 53 459 0.0 0 
9 58 384 0.0 0 
11 55 425 0.0113636363636 0 
10 57 442 0.0 0 
7 65 0 0.0 0 
15 63 0 0.0666666666667 0 
12 74 534 0.0168067226891 0 
15 81 885 0.0216216216216 0 
4 25 257 0.0357142857143 0 
7 39 323 0.0 0 
10 57 783 0.00613496932515 0 
6 38 401 0.0 0 
8 62 0 0.0 0 
18 80 322 0.0769230769231 0 
2 17 534 0.0 0 
8 39 503 0.0 0 
3 22 1900 0.0 0 
17 80 450 0.0 0 
7 36 219 0.0 0 
4 19 0 0.0 0 
12 75 0 0.0 0 
7 45 0 0.0 0 
5 25 411 0.0 0 
14 86 672 0.0142857142857 0 
4 17 171 0.0 0 
7 40 486 0.0 0 
11 49 390 0.0 0 
7 35 58 0.1 0 
43 198 0 0.046511627907 0 
10 65 0 0.0 0 
29 159 0 0.0344827586207 0 
10 54 948 0.0109289617486 0 
4 40 156 0.0 0 
3 18 842 0.00584795321637 0 
7 37 582 0.0 0 
3 15 394 0.0 0 
3 14 0 0.0 0 
8 38 113 0.0 0 
9 45 860 0.0364583333333 0 
21 148 0 0.0 0 
4 26 120 0.0 0 
6 31 330 0.0 0 
11 69 678 0.00729927007299 0 
35 152 260 0.0 0 
2 20 370 0.0 0 
17 115 0 0.0588235294118 0 
15 89 938 0.0150753768844 0 
8 43 605 0.0175438596491 0 
9 67 776 0.0201342281879 0 
5 33 887 0.0 0 
5 37 393 0.0126582278481 0 
5 27 499 0.0 0 
6 38 710 0.00666666666667 0 
13 76 0 0.0 0 
8 50 270 0.0 0 
5 35 399 0.0 0 
8 42 529 0.0208333333333 0 
8 40 0 0.0 0 
8 32 0 0.0 0 
8 41 0 0.0 0 
6 42 0 0.0 0 
5 45 166 0.047619047619 0 
13 95 0 0.0 0 
3 22 506 0.0 0 
22 129 663 0.0 0 
3 22 0 0.0 0 
5 33 721 0.0 0 
12 75 828 0.012987012987 0 
8 51 0 0.0 0 
3 17 462 0.0 0 
9 56 0 0.111111111111 0 
17 94 236 0.0 0 
11 59 313 0.0 0 
15 83 603 0.0153846153846 0 
7 46 549 0.00900900900901 0 
41 256 0 0.0 0 
4 25 587 0.0176991150442 0 
6 36 400 0.0 0 
5 49 0 0.0 0 
12 77 0 0.0 0 
16 89 611 0.0 0 
10 53 863 0.00568181818182 0 
3 24 567 0.0423728813559 0 
13 74 0 0.0 0 
20 103 872 0.0 0 
5 42 359 0.0 0 
16 83 548 0.00884955752212 0 
3 28 410 0.0 0 
8 48 262 0.0 0 
24 150 1857 0.0077519379845 0 
7 49 222 0.0 0 
18 103 1137 0.0 0 
3 28 442 0.0 0 
8 35 581 0.00943396226415 0 
6 35 375 0.0574712643678 0 
6 47 607 0.0 0 
30 142 0 0.1 0 
4 24 300 0.0 0 
10 53 1334 0.0 0 
11 70 199 0.0 0 
17 98 714 0.0 0 
30 152 1618 0.0 0 
3 32 956 0.0232558139535 0 
5 44 0 0.0 0 
7 36 657 0.0281690140845 0 
12 65 481 0.0185185185185 0 
7 29 474 0.0 0 
8 39 111 0.0 0 
6 41 0 0.0 0 
30 144 0 0.0 0 
5 33 403 0.0 0 
25 117 2383 0.00418410041841 0 
11 50 513 0.0288461538462 0 
5 52 836 0.00591715976331 0 
21 126 237 0.0 0 
13 63 297 0.0142857142857 0 
20 130 0 0.05 0 
8 35 549 0.135922330097 0 
26 111 1412 0.0213523131673 0 
11 55 926 0.0372340425532 0 
11 53 58 0.0 0 
16 88 830 0.0 0 
13 75 0 0.0 0 
10 49 904 0.0862944162437 0 
14 86 178 0.0 0 
2 18 812 0.0 0 
4 24 0 0.0 0 
7 37 652 0.0281690140845 0 
9 50 134 0.0 0 
8 41 504 0.0 0 
14 79 183 0.0 0 
11 56 0 0.0 0 
8 43 605 0.0175438596491 0 
8 57 420 0.0120481927711 0 
5 32 506 0.010752688172 0 
10 68 0 0.0 0 
18 98 126 0.0408163265306 0 
19 109 583 0.00740740740741 0 
7 49 1161 0.00425531914894 0 
16 102 7455 0.00080971659919 0 
17 88 0 0.0588235294118 0 
6 33 557 0.0 0 
4 34 731 0.0 0 
6 33 307 0.0344827586207 0 
8 59 229 0.0 0 
7 47 1257 0.00390625 0 
8 37 1083 0.0327102803738 0 
5 32 369 0.0 0 
16 113 32 0.0 0 
11 53 0 0.0 0 
11 61 537 0.0176991150442 0 
6 45 0 0.0 0 
5 33 440 0.0 0 
4 30 43 0.0 0 
7 33 454 0.01 0 
8 37 275 0.0172413793103 0 
10 57 390 0.0 0 
16 77 367 0.0 0 
20 116 880 0.010582010582 0 
5 36 457 0.0309278350515 0 
11 65 178 0.0 0 
10 51 1897 0.0102301790281 0 
8 41 628 0.0 0 
7 57 533 0.0 0 
3 19 508 0.0 0 
14 83 201 0.0 0 
29 161 267 0.0126582278481 0 
8 42 118 0.0 0 
13 93 0 0.0 0 
12 70 836 0.0178571428571 0 
14 70 2285 0.0040899795501 0 
4 30 263 0.0 0 
17 72 1186 0.0 0 
5 28 0 0.0 0 
4 19 727 0.00729927007299 0 
8 49 64 0.0 0 
6 36 1948 0.0280112044818 0 
5 32 181 0.0 0 
11 62 249 0.0 0 
7 39 456 0.0210526315789 0 
8 64 1456 0.0284697508897 0 
8 43 206 0.0 0 
8 49 248 0.0 0 
10 44 461 0.0 0 
12 72 260 0.0 0 
7 28 344 0.013698630137 0 
13 74 989 0.0141509433962 0 
11 63 451 0.0 0 
9 51 154 0.0 0 
11 35 311 0.0 0 
4 20 465 0.0240963855422 0 
6 36 373 0.025 0 
10 78 0 0.0 0 
9 55 902 0.0 0 
6 39 242 0.0408163265306 0 
3 18 307 0.0 0 
11 61 764 0.0927152317881 0 
9 61 178 0.0 0 
15 80 0 0.0 0 
12 77 823 0.0205479452055 0 
4 27 279 0.0 0 
18 98 0 0.0555555555556 0 
12 77 0 0.0 0 
5 24 833 0.010752688172 0 
11 75 312 0.0 0 
10 42 503 0.0747663551402 0 
4 31 925 0.00552486187845 0 
17 87 312 0.0 0 
2 19 0 0.0 0 
10 58 944 0.0 0 
11 66 0 0.0 0 
6 64 0 0.0 0 
4 27 97 0.0 0 
9 52 0 0.0 0 
16 96 525 0.0 0 
12 64 459 0.0 0 
11 54 467 0.0 0 
4 23 405 0.0 0 
2 15 806 0.0299401197605 0 
17 107 1490 0.00352112676056 0 
10 49 0 0.0 0 
7 44 422 0.0 0 
19 120 582 0.0 0 
8 34 480 0.0 0 
10 72 0 0.1 0 
15 67 277 0.0 0 
14 69 0 0.0714285714286 0 
3 22 828 0.00609756097561 0 
3 30 351 0.0 0 
7 49 0 0.0 0 
4 24 1238 0.0 0 
4 20 1932 0.0 0 
12 54 1838 0.031746031746 0 
12 64 929 0.0220994475138 0 
6 37 864 0.062893081761 0 
5 30 0 0.0 0 
9 40 811 0.0182926829268 0 
5 22 295 0.047619047619 0 
4 28 934 0.010989010989 0 
6 39 324 0.0 0 
7 48 0 0.0 0 
8 54 481 0.0 0 
10 81 3162 0.0125984251969 0 
8 47 0 0.0 0 
5 29 212 0.0425531914894 0 
9 60 0 0.0 0 
8 48 135 0.0 0 
9 54 621 0.00892857142857 0 
5 33 154 0.0 0 
12 67 794 0.0235294117647 0 
29 174 255 0.0 0 
18 86 484 0.00847457627119 0 
20 90 1156 0.0123966942149 0 
16 99 0 0.0 0 
8 45 0 0.0 0 
6 41 0 0.0 0 
12 69 84 0.0 0 
4 28 375 0.0352941176471 0 
4 27 0 0.0 0 
19 98 0 0.0 0 
11 57 0 0.0 0 
12 74 227 0.0 0 
6 35 0 0.0 0 
7 43 0 0.0 0 
11 84 1203 0.0 0 
13 63 1103 0.0 0 
8 38 953 0.0378378378378 0 
14 75 0 0.0 0 
7 48 0 0.142857142857 0 
17 81 268 0.0 0 
8 70 850 0.0115606936416 0 
6 54 0 0.0 0 
8 44 372 0.0 0 
2 14 430 0.0 0 
4 37 928 0.0161290322581 0 
3 22 630 0.0413223140496 0 
6 32 3977 0.01953125 0 
17 85 786 0.0 0 
18 87 386 0.0 0 
8 59 495 0.0 0 
14 88 442 0.0 0 
4 30 507 0.0 0 
10 53 0 0.2 0 
5 22 438 0.0 0 
4 31 0 0.0 0 
6 43 375 0.0 0 
10 41 234 0.0 0 
19 97 1275 0.0 0 
4 28 481 0.019801980198 0 
7 50 604 0.0 0 
7 39 251 0.112903225806 0 
4 26 434 0.0 0 
5 39 275 0.0 0 
13 82 490 0.0 0 
10 49 0 0.0 0 
3 23 220 0.0 0 
10 61 398 0.0 0 
8 35 0 0.125 0 
5 20 1234 0.00772200772201 0 
9 52 0 0.0 0 
6 26 130 0.0 0 
11 52 282 0.0 0 
8 54 1303 0.016393442623 0 
7 56 0 0.0 0 
5 31 413 0.031914893617 0 
4 21 727 0.0125 0 
3 19 0 0.0 0 
5 44 312 0.0 0 
7 67 375 0.0 0 
8 41 262 0.0 0 
16 91 0 0.0 0 
6 35 860 0.0 0 
3 20 1578 0.00369003690037 0 
9 55 1262 0.0557620817844 0 
5 27 649 0.048275862069 0 
10 44 459 0.0188679245283 0 
12 61 109 0.0 0 
8 64 0 0.125 0 
5 29 0 0.0 0 
9 50 348 0.0722891566265 0 
16 106 0 0.0 0 
10 53 0 0.0 0 
11 77 0 0.0 0 
7 32 262 0.0 0 
2 12 0 0.0 0 
10 66 172 0.0 0 
8 38 245 0.0 0 
20 86 236 0.0 0 
3 21 0 0.0 0 
8 54 1346 0.00751879699248 0 
4 51 324 0.0147058823529 0 
9 39 564 0.0 0 
5 34 845 0.0578034682081 0 
12 73 562 0.0 0 
5 23 0 0.0 0 
11 43 67 0.0 0 
8 39 306 0.0 0 
6 43 769 0.0875 0 
11 69 0 0.0 0 
6 45 398 0.0 0 
7 29 465 0.0 0 
3 31 368 0.0 0 
18 86 152 0.0 0 
9 69 0 0.111111111111 0 
9 65 814 0.0 0 
10 67 1540 0.0 0 
5 36 368 0.0 0 
9 59 0 0.0 0 
18 100 0 0.0555555555556 0 
3 30 468 0.0 0 
7 31 0 0.0 0 
14 78 717 0.0 0 
4 24 0 0.0 0 
4 19 471 0.0210526315789 0 
8 64 728 0.00671140939597 0 
19 88 582 0.0 0 
7 51 656 0.0 0 
13 66 1013 0.0596330275229 0 
7 40 556 0.0 0 
6 39 485 0.00934579439252 0 
3 18 527 0.0 0 
1 4 173 0.0 0 
5 27 264 0.0 0 
6 40 0 0.0 0 
22 127 0 0.0909090909091 0 
11 68 0 0.0 0 
11 67 0 0.0 0 
8 34 482 0.0 0 
4 26 0 0.0 0 
13 68 507 0.00970873786408 0 
5 30 329 0.0 0 
13 86 605 0.00813008130081 0 
5 22 647 0.0078125 0 
13 83 68 0.0 0 
10 54 1687 0.0062893081761 0 
5 26 500 0.0 0 
3 19 0 0.0 0 
7 42 275 0.0 0 
4 39 136 0.0 0 
13 53 0 0.153846153846 0 
5 38 0 0.0 0 
17 111 0 0.0 0 
4 26 2142 0.0145631067961 0 
7 39 317 0.0 0 
13 59 794 0.0116279069767 0 
9 31 0 0.0 0 
7 47 553 0.0338983050847 0 
3 21 525 0.0 0 
58 296 0 0.0689655172414 0 
11 53 936 0.0314136125654 0 
5 27 432 0.0111111111111 0 
4 29 960 0.115942028986 0 
8 53 463 0.0 0 
5 42 136 0.0 0 
11 52 712 0.00666666666667 0 
16 88 240 0.0 0 
10 80 952 0.0 0 
17 91 0 0.0 0 
9 49 624 0.0 0 
10 52 0 0.0 0 
8 38 526 0.00952380952381 0 
7 29 309 0.0 0 
8 63 2674 0.0197486535009 0 
7 34 395 0.0470588235294 0 
3 15 538 0.0 0 
16 97 1039 0.0 0 
9 61 936 0.0164835164835 0 
8 35 0 0.0 0 
8 38 554 0.0162601626016 0 
44 283 0 0.0 0 
3 15 483 0.0 0 
23 124 0 0.0869565217391 0 
6 36 913 0.00591715976331 0 
16 85 0 0.0 0 
14 72 624 0.00675675675676 0 
4 26 226 0.0 0 
10 91 0 0.0 0 
11 73 347 0.0 0 
11 63 382 0.0 0 
13 89 612 0.0143884892086 0 
3 23 486 0.0113636363636 0 
14 100 0 0.0 0 
24 135 61 0.0294117647059 0 
7 37 537 0.0 0 
7 37 124 0.0 0 
15 66 225 0.0 0 
12 64 829 0.0 0 
4 21 0 0.0 0 
26 178 0 0.0 0 
14 77 0 0.0 0 
7 37 2861 0.0 0 
12 62 200 0.0 0 
10 65 246 0.0 0 
5 18 314 0.0615384615385 0 
11 53 1194 0.0189393939394 0 
9 47 333 0.013698630137 0 
6 43 0 0.0 0 
6 31 514 0.0288461538462 0 
5 35 816 0.04375 0 
5 34 1034 0.0 0 
20 138 1311 0.0 0 
9 50 623 0.0 0 
21 106 0 0.0 0 
30 189 0 0.0333333333333 0 
19 86 1177 0.011811023622 0 
3 21 1856 0.01108033241 0 
4 28 659 0.0526315789474 0 
6 48 1234 0.0082304526749 0 
8 45 81 0.0 0 
5 42 1639 0.0286624203822 0 
15 69 432 0.0 0 
14 89 101 0.0 0 
15 71 722 0.0 0 
5 24 81 0.0 0 
22 119 0 0.0 0 
9 63 208 0.0 0 
14 75 1482 0.0042194092827 0 
3 22 293 0.0 0 
9 61 464 0.0 0 
8 46 864 0.0115606936416 0 
17 83 0 0.0 0 
12 62 0 0.0833333333333 0 
15 74 0 0.0 0 
7 42 995 0.030612244898 0 
9 58 0 0.111111111111 0 
7 37 307 0.0 0 
11 68 0 0.0 0 
5 40 260 0.0 0 
5 33 775 0.00689655172414 0 
6 47 85 0.0 0 
5 36 934 0.0322580645161 0 
8 49 591 0.0 0 
11 45 120 0.0 0 
12 72 0 0.0 0 
6 31 212 0.0 0 
5 31 387 0.0121951219512 0 
7 36 522 0.0 0 
14 85 1065 0.00881057268722 0 
4 32 0 0.0 0 
28 161 0 0.0 0 
11 79 0 0.0 0 
8 42 529 0.0208333333333 0 
15 102 1469 0.00993377483444 0 
16 98 1140 0.0375 0 
31 195 0 0.0 0 
12 76 254 0.016393442623 0 
8 34 560 0.00884955752212 0 
5 35 287 0.0 0 
9 40 0 0.0 0 
56 290 0 0.125 0 
7 43 1259 0.0 0 
13 69 88 0.0 0 
13 70 182 0.0 0 
17 86 335 0.0240963855422 0 
10 72 773 0.0264900662252 0 
26 116 50 0.0 0 
11 56 129 0.0 0 
13 63 124 0.0 0 
16 109 1597 0.0 0 
6 40 0 0.333333333333 0 
3 21 1699 0.00952380952381 0 
10 57 0 0.0 0 
7 46 0 0.0 0 
11 60 602 0.00709219858156 0 
14 73 0 0.0 0 
6 39 306 0.0 0 
11 67 678 0.0 0 
25 129 0 0.0 0 
14 79 0 0.0714285714286 0 
10 63 155 0.0 0 
28 154 0 0.0 0 
13 73 596 0.00763358778626 0 
5 26 1449 0.026936026936 0 
14 59 0 0.0 0 
2 18 363 0.0 0 
18 115 0 0.0 0 
49 277 0 0.0408163265306 0 
10 61 0 0.0 0 
3 24 630 0.024 0 
11 51 575 0.0 0 
5 46 444 0.0 0 
10 63 0 0.0 0 
6 47 0 0.0 0 
4 24 251 0.0 0 
5 43 0 0.0 0 
5 26 250 0.0 0 
10 66 987 0.0150753768844 0 
8 45 0 0.0 0 
10 58 436 0.0 0 
2 12 888 0.0218579234973 0 
23 128 1376 0.00354609929078 0 
11 65 659 0.0 0 
12 71 1030 0.00446428571429 0 
7 49 523 0.0183486238532 0 
9 37 357 0.0126582278481 0 
8 53 1694 0.0207715133531 0 
7 39 0 0.0 0 
3 25 229 0.0 0 
4 25 213 0.0 0 
14 91 0 0.142857142857 0 
12 56 411 0.0 0 
5 27 227 0.0377358490566 0 
15 72 832 0.0 0 
17 105 0 0.0 0 
12 86 447 0.07 0 
9 63 493 0.00980392156863 0 
9 58 0 0.0 0 
3 28 836 0.00602409638554 0 
8 42 529 0.0208333333333 0 
10 60 295 0.0 0 
7 33 570 0.0 0 
8 49 856 0.0 0 
3 20 0 0.0 0 
15 94 506 0.0168067226891 0 
19 93 0 0.0 0 
9 37 129 0.0571428571429 0 
10 53 382 0.0 0 
15 91 1284 0.0 0 
10 46 933 0.0 0 
11 67 240 0.0 0 
14 75 0 0.0714285714286 0 
11 70 902 0.0 0 
3 20 0 0.0 0 
8 49 0 0.0 0 
6 40 1614 0.013698630137 0 
14 81 0 0.0 0 
8 47 394 0.0120481927711 0 
3 15 115 0.0 0 
10 52 612 0.0 0 
16 84 168 0.0 0 
11 47 514 0.00892857142857 0 
12 73 872 0.0240963855422 0 
10 82 0 0.0 0 
7 53 419 0.0 0 
4 27 529 0.0 0 
16 73 215 0.0 0 
23 163 0 0.0434782608696 0 
14 81 0 0.0 0 
31 174 1151 0.0 0 
8 43 605 0.0175438596491 0 
18 99 486 0.0188679245283 0 
13 65 329 0.027397260274 0 
5 37 0 0.0 0 
6 23 25 0.0 0 
4 26 0 0.0 0 
12 64 55 0.0 0 
8 47 365 0.025641025641 0 
9 43 0 0.0 0 
14 69 0 0.0 0 
6 32 1449 0.0 0 
17 85 0 0.0 0 
1 16 53 0.0 0 
8 37 0 0.0 0 
2 11 0 0.0 0 
7 35 0 0.0 0 
8 51 33 0.0 0 
7 27 18 0.0 0 
2 11 0 0.0 0 
24 87 24 0.0 0 
3 20 0 0.0 0 
8 33 40 0.0 0 
18 107 0 0.0 0 
26 123 0 0.0384615384615 0 
4 21 0 0.25 0 
4 17 0 0.0 0 
12 46 17 0.0 0 
4 24 0 0.0 0 
10 52 38 0.0 0 
0 1 0 0 0 
7 34 14 0.0 0 
10 37 3 0.0 0 
3 15 0 0.0 0 
14 69 13 0.0 0 
2 8 0 0.0 0 
12 75 8 0.0 0 
8 46 25 0.0 0 
12 53 26 0.222222222222 0 
8 34 5 0.0 0 
7 40 0 0.0 0 
14 75 0 0.0 0 
10 49 10 0.0 0 
16 70 27 0.0 0 
9 39 42 0.0 0 
11 54 10 0.0 0 
6 21 14 0.0 0 
1 8 0 0.0 0 
7 34 0 0.0 0 
13 69 446 0.0 0 
10 54 47 0.0 0 
3 13 52 0.0 0 
14 61 0 0.0 0 
8 34 39 0.0 0 
13 72 61 0.0 0 
9 51 65 0.04 0 
7 32 12 0.0 0 
10 40 0 0.0 0 
14 67 0 0.0 0 
3 12 21 0.0 0 
4 18 41 0.0 0 
7 35 31 0.0 0 
2 18 322 0.0 0 
4 20 0 0.0 0 
1 7 101 0.0 0 
8 47 30 0.0 0 
13 70 58 0.0 0 
9 39 0 0.0 0 
2 6 142 0.0740740740741 0 
11 48 574 0.0 0 
12 45 29 0.0 0 
8 31 11 0.0 0 
5 25 0 0.0 0 
8 42 12 0.0 0 
4 23 218 0.0 0 
14 85 79 0.0 0 
9 46 18 0.0 0 
7 35 0 0.0 0 
7 33 13 0.0 0 
14 62 45 0.0 0 
9 62 0 0.0 0 
13 61 36 0.0 0 
11 52 0 0.0 0 
9 44 21 0.0 0 
9 38 23 0.0 0 
8 41 5 0.0 0 
2 13 0 0.0 0 
5 30 29 0.0 0 
11 56 419 0.0860215053763 0 
17 89 18 0.0 0 
2 8 0 0.0 0 
1 6 0 0.0 0 
13 55 0 0.0 0 
5 21 31 0.0 0 
8 35 1889 0.00301204819277 0 
3 11 0 0.0 0 
13 62 24 0.0 0 
2 13 0 0.0 0 
5 26 23 0.0 0 
4 20 0 0.0 0 
5 27 164 0.0 0 
9 55 28 0.0 0 
19 81 0 0.0 0 
3 17 0 0.0 0 
2 9 0 0.0 0 
6 31 29 0.0 0 
14 69 24 0.0 0 
1 10 83 0.0 0 
5 34 11 0.0 0 
9 40 22 0.0 0 
5 25 0 0.0 0 
12 53 0 0.0 0 
7 44 0 0.0 0 
4 35 0 0.0 0 
7 40 0 0.0 0 
6 25 26 0.0 0 
6 24 13 0.0 0 
14 64 0 0.0 0 
15 70 0 0.0 0 
3 13 0 0.0 0 
7 35 0 0.0 0 
10 40 15 0.0 0 
5 23 0 0.0 0 
3 14 0 0.0 0 
10 49 27 0.0625 0 
3 17 0 0.0 0 
4 20 0 0.0 0 
7 33 0 0.0 0 
6 29 23 0.0 0 
4 15 1055 0.0 0 
9 39 0 0.111111111111 0 
1 8 0 0.0 0 
8 43 30 0.0 0 
5 21 0 0.0 0 
7 37 37 0.0 0 
8 52 16 0.0 0 
9 52 23 0.0 0 
2 9 0 0.0 0 
9 47 246 0.0 0 
9 47 44 0.0 0 
3 18 0 0.0 0 
4 21 0 0.0 0 
16 65 33 0.0 0 
7 32 27 0.0 0 
4 21 25 0.0 0 
7 33 140 0.0 0 
12 62 10 0.0 0 
11 59 14 0.0 0 
6 22 21 0.0 0 
7 30 0 0.0 0 
8 40 47 0.0 0 
12 63 28 0.0 0 
10 53 20 0.0 0 
3 17 0 0.0 0 
5 26 26 0.0 0 
2 8 0 0.0 0 
8 33 277 0.0 0 
2 9 0 0.0 0 
4 18 0 0.0 0 
9 48 29 0.0 0 
9 51 14 0.0 0 
9 45 50 0.0 0 
7 39 0 0.0 0 
7 30 0 0.0 0 
11 54 30 0.0 0 
2 5 105 0.0 0 
2 10 0 0.0 0 
3 15 0 0.0 0 
8 41 30 0.0 0 
10 54 30 0.0 0 
9 41 25 0.0 0 
16 68 0 0.0 0 
9 39 18 0.0 0 
8 34 0 0.0 0 
2 17 25 0.0 0 
10 59 10 0.0 0 
6 41 33 0.0 0 
4 21 485 0.0 0 
16 75 35 0.0 0 
6 30 35 0.0 0 
9 49 8 0.0 0 
11 48 10 0.0 0 
6 28 242 0.0166666666667 0 
2 13 607 0.0 0 
11 46 0 0.0 0 
10 42 31 0.0 0 
13 63 47 0.0 0 
0 8 0 0 0 
15 65 23 0.0 0 
11 55 25 0.0 0 
2 12 0 0.0 0 
13 56 0 0.0 0 
16 71 27 0.0 0 
7 34 32 0.0 0 
6 39 0 0.0 0 
14 71 19 0.0 0 
7 25 13 0.0 0 
8 35 24 0.0 0 
6 32 122 0.0 0 
8 43 12 0.0 0 
12 65 86 0.0 0 
4 23 0 0.0 0 
8 40 0 0.0 0 
4 36 0 0.0 0 
4 15 25 0.0 0 
5 21 112 0.0 0 
18 97 0 0.0 0 
14 68 30 0.0 0 
13 68 8 0.0 0 
16 63 21 0.0 0 
7 46 14 0.0 0 
1 7 0 0.0 0 
8 35 27 0.0 0 
6 32 0 0.0 0 
7 35 0 0.0 0 
3 15 0 0.0 0 
2 10 0 0.0 0 
6 28 0 0.0 0 
2 12 0 0.0 0 
11 49 30 0.0 0 
4 16 0 0.0 0 
11 47 26 0.0 0 
8 34 59 0.0 0 
8 41 13 0.0 0 
3 16 0 0.0 0 
1 4 0 0.0 0 
12 65 0 0.0 0 
12 61 13 0.0 0 
10 44 63 0.047619047619 0 
6 29 0 0.0 0 
17 83 12 0.0 0 
2 9 141 0.0 0 
8 37 0 0.0 0 
1 4 0 0.0 0 
3 27 0 0.0 0 
14 58 31 0.0 0 
1 5 0 0.0 0 
9 51 29 0.0 0 
16 82 56 0.0 0 
2 10 0 0.0 0 
21 84 0 0.0 0 
11 51 101 0.0 0 
8 40 43 0.0526315789474 0 
15 73 13 0.0 0 
7 37 18 0.0 0 
2 14 0 0.0 0 
15 66 119 0.025 0 
8 34 8 0.0 0 
8 43 12 0.0 0 
5 17 68 0.0 0 
11 50 219 0.0 0 
2 4 0 0.0 0 
9 47 10 0.0 0 
5 23 0 0.0 0 
14 62 16 0.0 0 
7 22 0 0.0 0 
3 24 0 0.0 0 
4 18 0 0.0 0 
5 27 0 0.0 0 
6 36 49 0.0 0 
8 41 399 0.0238095238095 0 
6 34 0 0.0 0 
20 113 1221 0.0 0 
10 53 18 0.0 0 
9 42 26 0.0 0 
4 22 0 0.0 0 
17 74 15 0.0 0 
3 12 0 0.0 0 
16 91 182 0.0 0 
4 15 0 0.0 0 
12 57 20 0.0 0 
4 21 49 0.0 0 
6 26 0 0.0 0 
7 34 0 0.0 0 
15 74 0 0.0 0 
9 52 30 0.0 0 
17 77 13 0.0 0 
27 130 57 0.0294117647059 0 
4 21 65 0.0555555555556 0 
5 21 0 0.0 0 
2 14 0 0.0 0 
10 54 0 0.0 0 
9 44 60 0.0 0 
5 24 119 0.0 0 
5 23 0 0.0 0 
4 17 97 0.0 0 
8 47 9 0.0 0 
13 75 74 0.0 0 
2 13 0 0.0 0 
8 47 49 0.0 0 
13 73 55 0.0 0 
15 75 0 0.0 0 
0 1 0 0 0 
0 5 89 0.0 0 
6 20 38 0.0 0 
17 84 19 0.0454545454545 0 
9 44 23 0.0 0 
10 58 16 0.0 0 
7 32 18 0.0 0 
14 77 0 0.0 0 
8 38 0 0.0 0 
10 49 33 0.0 0 
5 43 32 0.0 0 
13 66 25 0.0 0 
3 24 0 0.0 0 
15 71 19 0.0 0 
5 18 0 0.0 0 
5 23 0 0.0 0 
7 29 13 0.0 0 
11 58 26 0.0 0 
6 36 29 0.0769230769231 0 
1 3 0 0.0 0 
12 58 12 0.0 0 
2 9 0 0.0 0 
17 88 0 0.0 0 
5 25 0 0.0 0 
6 22 16 0.1 0 
11 53 10 0.0 0 
11 55 14 0.0 0 
7 34 0 0.0 0 
8 33 0 0.0 0 
8 46 0 0.0 0 
18 87 0 0.0 0 
4 26 104 0.0 0 
16 78 0 0.0 0 
5 17 0 0.0 0 
15 65 0 0.0 0 
13 67 14 0.0 0 
2 9 0 0.0 0 
8 34 10 0.0 0 
7 34 19 0.0 0 
9 44 32 0.0 0 
7 38 62 0.0 0 
5 25 0 0.0 0 
3 11 0 0.0 0 
6 33 24 0.0 0 
10 60 9 0.0 0 
9 48 0 0.0 0 
9 42 0 0.0 0 
10 50 26 0.0 0 
7 24 30 0.0 0 
11 54 0 0.0 0 
8 35 0 0.0 0 
10 46 0 0.0 0 
11 53 32 0.0 0 
11 51 66 0.0 0 
11 58 12 0.0 0 
11 41 10 0.0 0 
5 28 45 0.0 0 
3 19 629 0.0 0 
15 65 62 0.0 0 
9 40 11 0.0 0 
2 9 811 0.0253164556962 0 
13 72 0 0.0 0 
5 25 0 0.0 0 
5 24 0 0.0 0 
8 30 38 0.0 0 
13 65 33 0.0 0 
13 74 0 0.0 0 
11 55 6 0.0 0 
12 64 42 0.0 0 
15 56 16 0.0 0 
7 47 48 0.0 0 
4 30 0 0.0 0 
21 87 13 0.0 0 
7 35 0 0.0 0 
9 42 0 0.0 0 
16 73 34 0.0 0 
6 25 0 0.0 0 
6 34 407 0.0 0 
10 46 38 0.222222222222 0 
7 39 13 0.0 0 
3 16 0 0.0 0 
8 25 0 0.0 0 
7 41 27 0.0 0 
10 40 40 0.0 0 
3 15 0 0.0 0 
5 20 24 0.0 0 
7 32 15 0.0 0 
9 43 13 0.0 0 
17 70 37 0.0 0 
12 42 54 0.0 0 
15 70 30 0.0 0 
6 28 27 0.0 0 
16 79 17 0.0 0 
5 25 0 0.0 0 
8 41 19 0.0 0 
13 68 42 0.0 0 
9 44 26 0.0 0 
6 35 0 0.0 0 
6 22 20 0.0 0 
13 65 27 0.0 0 
16 78 10 0.0 0 
9 40 24 0.0 0 
12 60 79 0.0 0 
20 94 25 0.0 0 
14 69 0 0.0 0 
10 53 10 0.0 0 
10 47 24 0.0 0 
29 131 28 0.0 0 
8 37 25 0.0 0 
4 23 24 0.0 0 
15 57 0 0.0 0 
14 38 39 0.0 0 
6 34 78 0.0 0 
15 69 0 0.0 0 
5 27 228 0.0 0 
3 14 0 0.0 0 
11 49 50 0.0 0 
14 58 23 0.0 0 
1 11 0 0.0 0 
10 52 28 0.0 0 
8 49 41 0.0 0 
2 15 0 0.0 0 
13 55 35 0.0 0 
16 75 27 0.0 0 
6 27 21 0.0 0 
8 35 14 0.0 0 
9 37 0 0.0 0 
8 50 96 0.0 0 
1 4 0 0.0 0 
6 34 0 0.0 0 
10 53 32 0.0 0 
18 73 61 0.0 0 
13 68 30 0.0 0 
1 9 0 0.0 0 
10 45 0 0.0 0 
8 31 0 0.0 0 
2 9 0 0.0 0 
10 55 13 0.0 0 
9 45 0 0.0 0 
4 19 84 0.0 0 
8 35 37 0.0 0 
12 58 0 0.0 0 
20 99 128 0.0 0 
6 28 44 0.0 0 
1 6 0 0.0 0 
7 31 35 0.0 0 
10 52 245 0.0204081632653 0 
6 29 0 0.0 0 
9 47 0 0.0 0 
14 54 0 0.0 0 
12 70 0 0.0 0 
9 37 13 0.0 0 
8 33 25 0.0 0 
2 8 19 0.0 0 
7 42 24 0.0 0 
14 69 23 0.0 0 
16 90 0 0.0 0 
6 33 0 0.0 0 
11 44 0 0.0 0 
10 53 10 0.0 0 
11 54 0 0.0 0 
5 16 0 0.0 0 
6 27 23 0.0 0 
6 29 30 0.0 0 
9 44 246 0.0 0 
9 51 26 0.0 0 
3 15 25 0.0 0 
2 4 0 0.0 0 
10 48 25 0.0 0 
7 38 0 0.0 0 
9 39 23 0.0714285714286 0 
1 6 49 0.0 0 
3 18 0 0.0 0 
5 17 0 0.0 0 
3 16 0 0.0 0 
5 26 0 0.0 0 
15 80 353 0.0 0 
5 29 0 0.0 0 
9 47 20 0.0 0 
10 42 23 0.0 0 
10 38 11 0.0 0 
7 32 17 0.0 0 
13 62 45 0.0 0 
8 33 12 0.0 0 
6 34 11 0.0 0 
10 47 28 0.0666666666667 0 
6 32 10 0.0 0 
15 65 0 0.0 0 
19 73 0 0.0 0 
1 9 0 0.0 0 
15 68 7 0.0 0 
7 44 783 0.0 0 
8 40 33 0.0 0 
5 20 23 0.0 0 
1 8 0 0.0 0 
5 27 0 0.0 0 
3 17 33 0.0 0 
6 22 0 0.0 0 
9 51 26 0.0 0 
6 33 40 0.0 0 
7 29 2 0.0 0 
9 49 0 0.0 0 
11 47 110 0.0 0 
15 63 17 0.0 0 
8 45 0 0.0 0 
2 10 0 0.0 0 
6 30 28 0.0 0 
9 39 0 0.0 0 
8 42 19 0.0 0 
18 70 0 0.0 0 
6 24 14 0.0 0 
4 21 0 0.0 0 
2 13 0 0.0 0 
15 77 49 0.0 0 
17 94 50 0.0 0 
11 55 0 0.0 0 
11 54 12 0.0 0 
12 51 0 0.0 0 
17 73 15 0.0 0 
9 35 290 0.0 0 
9 46 0 0.0 0 
6 31 15 0.0 0 
8 51 0 0.0 0 
7 41 20 0.0 0 
7 31 20 0.0 0 
6 23 0 0.0 0 
10 46 33 0.0 0 
3 18 41 0.0 0 
9 41 35 0.0 0 
10 46 0 0.0 0 
10 58 21 0.0 0 
7 31 41 0.0 0 
20 86 0 0.0 0 
15 72 9 0.0 0 
12 48 16 0.0 0 
2 11 69 0.0 0 
5 42 23 0.0 0 
8 40 18 0.0 0 
9 41 0 0.0 0 
14 87 7 0.0 0 
11 41 18 0.0 0 
4 27 0 0.0 0 
6 34 27 0.0 0 
7 37 20 0.0 0 
10 59 27 0.0 0 
11 54 45 0.0 0 
16 59 0 0.0 0 
5 21 0 0.0 0 
6 22 0 0.0 0 
6 40 40 0.0 0 
13 61 47 0.0 0 
19 97 249 0.0 0 
1 5 0 0.0 0 
14 63 19 0.0 0 
6 26 88 0.0 0 
12 80 0 0.0 0 
8 31 0 0.0 0 
8 34 12 0.0 0 
1 8 0 0.0 0 
14 65 14 0.0 0 
6 37 42 0.0 0 
10 45 9 0.0 0 
8 32 6 0.0 0 
8 33 0 0.0 0 
2 8 96 0.0 0 
7 37 86 0.0 0 
2 11 137 0.0 0 
12 63 32 0.0 0 
4 19 182 0.0 0 
5 29 0 0.0 0 
0 9 10 0.0 0 
2 9 0 0.0 0 
4 10 0 0.0 0 
14 66 22 0.0 0 
2 10 0 0.0 0 
7 28 0 0.0 0 
17 92 17 0.0 0 
4 28 190 0.0222222222222 0 
5 24 0 0.0 0 
12 71 267 0.0 0 
24 120 189 0.0 0 
9 45 29 0.0 0 
10 50 15 0.0 0 
5 18 0 0.0 0 
2 8 0 0.0 0 
6 30 12 0.0 0 
8 43 40 0.0 0 
2 14 0 0.0 0 
2 11 63 0.0 0 
8 38 40 0.0 0 
9 39 16 0.0 0 
17 86 72 0.0 0 
9 36 20 0.0 0 
2 13 0 0.0 0 
10 57 11 0.0 0 
5 52 0 0.0 0 
1 7 0 0.0 0 
19 96 25 0.0 0 
8 33 13 0.0 0 
6 30 17 0.0 0 
6 33 0 0.0 0 
28 132 32 0.0 0 
9 41 18 0.0 0 
1 6 0 0.0 0 
5 34 0 0.0 0 
11 74 18 0.0 0 
6 46 0 0.0 0 
13 55 12 0.0 0 
3 23 0 0.0 0 
10 45 23 0.0 0 
1 9 31 0.0 0 
7 32 18 0.0 0 
2 8 1272 0.0124481327801 0 
6 30 23 0.0 0 
22 76 57 0.242424242424 0 
16 70 13 0.0 0 
9 37 0 0.0 0 
2 7 0 0.0 0 
12 68 31 0.0 0 
11 55 175 0.0 0 
4 22 11 0.0 0 
7 35 13 0.0 0 
9 43 11 0.0 0 
9 37 41 0.0 0 
2 15 0 0.0 0 
13 61 10 0.0 0 
11 66 189 0.0408163265306 0 
4 26 0 0.0 0 
8 28 42 0.111111111111 0 
8 45 456 0.0 0 
5 34 0 0.0 0 
6 22 67 0.130434782609 0 
10 42 45 0.0 0 
4 17 206 0.0 0 
6 25 55 0.0 0 
4 21 0 0.0 0 
17 73 0 0.0 0 
9 39 51 0.0 0 
6 18 0 0.0 0 
8 35 0 0.0 0 
3 19 0 0.0 0 
8 30 28 0.0 0 
9 43 47 0.0 0 
7 40 43 0.0 0 
5 25 0 0.0 0 
7 45 16 0.0 0 
8 45 57 0.0 0 
15 74 12 0.0 0 
8 42 58 0.0 0 
2 14 0 0.0 0 
5 21 0 0.0 0 
6 29 0 0.0 0 
2 8 0 0.0 0 
9 36 4 0.0 0 
14 48 0 0.142857142857 0 
6 24 0 0.0 0 
2 7 0 0.0 0 
6 35 0 0.0 0 
11 58 33 0.0 0 
5 26 14 0.0 0 
10 41 11 0.0 0 
19 81 11 0.05 0 
8 38 40 0.0 0 
9 39 15 0.0 0 
15 72 21 0.0 0 
0 1 0 0 0 
5 21 0 0.2 0 
10 46 16 0.0 0 
10 59 37 0.0 0 
2 20 0 0.0 0 
9 45 16 0.0 0 
11 52 43 0.0 0 
12 55 0 0.0 0 
11 52 96 0.0 0 
4 20 49 0.0 0 
8 43 14 0.0 0 
28 131 0 0.0357142857143 0 
10 47 0 0.0 0 
12 52 33 0.0 0 
13 52 10 0.0 0 
14 66 33 0.0 0 
8 30 0 0.0 0 
10 50 9 0.0 0 
21 98 0 0.0 0 
16 84 17 0.0 0 
8 38 11 0.0 0 
8 42 10 0.0 0 
3 12 0 0.0 0 
14 61 5 0.0 0 
6 38 26 0.0 0 
16 93 0 0.0 0 
18 78 34 0.0 0 
9 40 0 0.0 0 
2 14 0 0.0 0 
55 270 0 0.0181818181818 0 
4 13 0 0.0 0 
9 46 0 0.0 0 
14 54 13 0.0 0 
9 43 15 0.0 0 
16 72 0 0.0 0 
5 22 0 0.0 0 
9 43 14 0.0 0 
17 72 17 0.0 0 
17 92 188 0.0 0 
8 46 26 0.0 0 
8 45 37 0.0 0 
11 57 11 0.0 0 
15 77 13 0.0 0 
4 21 0 0.0 0 
13 70 0 0.0 0 
11 53 26 0.0 0 
4 23 27 0.0 0 
18 112 45 0.0 0 
12 53 9 0.0 0 
9 41 52 0.0 0 
3 11 0 0.0 0 
4 29 0 0.0 0 
6 33 39 0.0 0 
8 45 38 0.0 0 
7 39 766 0.0 0 
8 34 27 0.0 0 
5 20 0 0.0 0 
7 32 21 0.0 0 
6 33 38 0.0 0 
2 6 0 0.0 0 
10 42 12 0.0 0 
21 103 56 0.0 0 
3 16 0 0.0 0 
6 31 49 0.0 0 
6 34 49 0.0 0 
8 35 8 0.0 0 
12 42 44 0.0 0 
12 61 16 0.0 0 
12 53 19 0.0 0 
6 40 16 0.0 0 
7 26 8 0.0 0 
28 167 15 0.0 0 
10 42 0 0.0 0 
1 7 0 0.0 0 
11 49 35 0.0 0 
2 7 0 0.0 0 
3 16 0 0.0 0 
8 32 343 0.0 0 
10 44 14 0.0 0 
11 54 0 0.0909090909091 0 
7 31 66 0.0 0 
5 20 35 0.0 0 
9 44 52 0.0 0 
13 57 14 0.0 0 
0 1 0 0 0 
2 9 0 0.0 0 
7 31 13 0.0 0 
13 63 14 0.0 0 
2 13 0 0.0 0 
6 35 0 0.0 0 
6 25 36 0.0 0 
19 84 0 0.0 0 
4 12 0 0.0 0 
8 44 0 0.0 0 
0 1 0 0 0 
6 22 28 0.0 0 
4 26 0 0.0 0 
9 47 612 0.030303030303 0 
3 18 98 0.0 0 
0 1 0 0 0 
7 41 48 0.0 0 
3 17 0 0.0 0 
10 43 157 0.0 0 
8 29 12 0.0 0 
16 89 17 0.0 0 
10 52 176 0.0 0 
9 37 0 0.0 0 
2 10 121 0.0 0 
7 29 17 0.0 0 
6 31 0 0.0 0 
5 18 0 0.0 0 
25 127 11 0.0 0 
7 33 39 0.0 0 
6 22 21 0.0 0 
5 23 88 0.0 0 
12 59 43 0.0 0 
9 47 277 0.0 0 
2 10 0 0.0 0 
11 52 0 0.0 0 
8 38 0 0.125 0 
6 38 0 0.0 0 
8 32 33 0.0 0 
7 34 27 0.0 0 
16 79 183 0.0 0 
6 31 0 0.0 0 
8 36 17 0.0 0 
12 56 0 0.0 0 
6 37 0 0.0 0 
15 74 19 0.0 0 
9 53 48 0.0 0 
5 26 0 0.0 0 
5 20 0 0.0 0 
10 49 0 0.0 0 
8 44 44 0.0 0 
12 61 33 0.0 0 
11 55 0 0.0 0 
14 71 18 0.0 0 
5 26 41 0.0 0 
6 28 2800 0.0107913669065 0 
3 19 0 0.0 0 
13 57 29 0.0 0 
7 30 18 0.0 0 
13 57 26 0.0 0 
7 30 30 0.0 0 
10 68 0 0.0 0 
5 20 0 0.0 0 
7 28 11 0.111111111111 0 
12 51 14 0.0 0 
3 16 82 0.0 0 
12 61 74 0.0 0 
8 38 0 0.0 0 
9 47 40 0.0 0 
3 16 0 0.0 0 
13 60 160 0.0212765957447 0 
16 83 21 0.0 0 
9 51 12 0.0 0 
10 53 40 0.0 0 
10 38 7 0.0 0 
11 58 0 0.0 0 
12 56 19 0.0 0 
2 11 90 0.0 0 
3 13 0 0.0 0 
2 13 0 0.0 0 
0 2 0 0 0 
11 69 28 0.0 0 
8 42 0 0.0 0 
11 53 20 0.0 0 
8 35 10 0.0 0 
5 15 0 0.0 0 
2 13 0 0.0 0 
2 14 0 0.0 0 
17 74 21 0.0 0 
15 66 32 0.0 0 
7 34 12 0.0 0 
10 55 11 0.0 0 
11 52 28 0.0 0 
7 29 0 0.0 0 
6 22 0 0.0 0 
8 36 39 0.0 0 
7 39 0 0.0 0 
6 35 33 0.0 0 
7 41 0 0.0 0 
8 41 237 0.0 0 
2 21 0 0.0 0 
7 26 0 0.0 0 
5 13 140 0.0 0 
5 18 24 0.0 0 
10 46 35 0.0 0 
9 48 46 0.0526315789474 0 
9 50 0 0.0 0 
6 30 322 0.0 0 
6 30 0 0.0 0 
6 28 36 0.0 0 
7 37 35 0.0 0 
6 28 0 0.0 0 
4 16 0 0.0 0 
18 97 36 0.0 0 
4 17 0 0.0 0 
8 35 36 0.0 0 
5 19 0 0.0 0 
14 65 27 0.0 0 
4 24 0 0.0 0 
9 37 340 0.0 0 
10 48 38 0.0 0 
14 70 0 0.0 0 
9 40 9 0.0 0 
1 8 0 0.0 0 
3 21 24 0.0 0 
12 48 34 0.0 0 
5 23 0 0.0 0 
7 37 17 0.0 0 
8 40 771 0.0 0 
13 50 0 0.0 0 
2 12 0 0.0 0 
10 53 0 0.0 0 
5 18 44 0.0 0 
6 33 221 0.0 0 
10 38 24 0.0 0 
13 56 0 0.0 0 
2 12 0 0.0 0 
9 52 34 0.0 0 
5 22 0 0.0 0 
17 69 15 0.0 0 
1 8 0 0.0 0 
9 40 1 0.0 0 
8 46 0 0.125 0 
4 28 203 0.0 0 
9 54 17 0.0 0 
3 13 0 0.0 0 
6 26 0 0.0 0 
6 25 25 0.0 0 
14 72 35 0.0 0 
12 54 0 0.0 0 
12 56 11 0.0 0 
7 39 34 0.0 0 
3 12 41 0.0 0 
12 58 35 0.0 0 
10 56 210 0.0 0 
6 42 0 0.0 0 
3 18 0 0.0 0 
6 31 0 0.0 0 
6 23 0 0.333333333333 0 
9 50 34 0.0 0 
19 98 0 0.0 0 
13 66 0 0.0 0 
8 42 26 0.0 0 
3 17 0 0.0 0 
8 37 45 0.0 0 
11 52 0 0.0 0 
9 40 14 0.0 0 
19 85 0 0.0526315789474 0 
11 52 17 0.0 0 
2 8 0 0.0 0 
1 9 0 0.0 0 
2 8 0 0.0 0 
8 37 20 0.0 0 
13 50 0 0.0 0 
8 42 8 0.0 0 
12 52 30 0.0588235294118 0 
5 17 0 0.0 0 
3 12 75 0.0 0 
9 51 53 0.0 0 
10 42 79 0.0 0 
11 62 0 0.0 0 
4 29 129 0.0 0 
15 80 129 0.0 0 
6 33 0 0.0 0 
3 12 0 0.0 0 
3 19 220 0.0 0 
11 56 0 0.0 0 
25 114 0 0.0 0 
7 48 32 0.0 0 
2 9 0 0.0 0 
2 8 0 0.0 0 
9 47 44 0.0 0 
3 14 0 0.0 0 
14 67 48 0.0 0 
2 14 0 0.0 0 
13 64 69 0.0 0 
9 48 78 0.0 0 
7 42 183 0.0 0 
9 38 0 0.0 0 
11 64 0 0.0 0 
13 73 33 0.0 0 
7 33 332 0.0 0 
3 15 0 0.0 0 
14 68 85 0.0571428571429 0 
6 34 14 0.0 0 
4 31 0 0.0 0 
2 8 0 0.0 0 
14 68 31 0.0 0 
13 54 33 0.0 0 
10 46 15 0.0 0 
8 33 19 0.0 0 
7 30 729 0.0 0 
2 12 20 0.0 0 
7 30 17 0.0 0 
8 34 27 0.0 0 
2 13 462 0.0 0 
11 60 22 0.0 0 
5 28 0 0.0 0 
9 39 0 0.0 0 
9 42 30 0.0 0 
5 20 64 0.0 0 
31 150 22 0.0 0 
11 47 16 0.0 0 
3 23 0 0.0 0 
11 54 0 0.0 0 
7 32 10 0.0 0 
10 51 32 0.0 0 
13 83 42 0.0 0 
5 24 379 0.0 0 
6 28 0 0.0 0 
13 57 30 0.0 0 
6 33 0 0.0 0 
10 58 85 0.0 0 
7 31 10 0.0 0 
6 38 170 0.0 0 
7 43 707 0.00645161290323 0 
3 19 294 0.0 0 
6 45 343 0.0 0 
4 21 157 0.0 0 
10 47 174 0.0 0 
14 80 356 0.0 0 
8 45 1422 0.0253164556962 0 
11 43 149 0.047619047619 0 
25 121 136 0.0 0 
7 52 523 0.0 0 
12 60 104 0.0 0 
14 69 220 0.0526315789474 0 
7 32 742 0.0448717948718 0 
3 23 321 0.0735294117647 0 
6 28 0 0.0 0 
6 39 422 0.0 0 
3 12 78 0.0 0 
9 49 73 0.0909090909091 0 
7 32 517 0.0103092783505 0 
6 35 352 0.118421052632 0 
7 47 499 0.0 0 
2 9 176 0.0 0 
5 21 366 0.0126582278481 0 
8 37 63 0.0 0 
5 35 214 0.0 0 
6 49 670 0.0 0 
9 46 256 0.0862068965517 0 
2 10 589 0.00833333333333 0 
3 17 512 0.0315789473684 0 
3 24 278 0.0 0 
16 75 0 0.125 0 
10 50 650 0.0 0 
15 72 530 0.0 0 
14 75 1975 0.0189189189189 0 
11 65 2379 0.00217391304348 0 
8 40 14 0.0 0 
8 41 147 0.0263157894737 0 
4 32 1101 0.0593607305936 0 
6 28 211 0.0 0 
7 35 333 0.0 0 
4 19 54 0.0 0 
3 21 255 0.0 0 
10 38 15 0.0714285714286 0 
7 41 780 0.00649350649351 0 
4 18 380 0.0126582278481 0 
3 21 605 0.0406504065041 0 
9 41 222 0.0357142857143 0 
14 70 438 0.0 0 
6 32 0 0.333333333333 0 
3 10 129 0.0 0 
3 16 221 0.04 0 
4 16 244 0.0545454545455 0 
4 15 166 0.108108108108 0 
6 27 179 0.0227272727273 0 
8 37 446 0.112244897959 0 
11 46 172 0.0 0 
8 36 31 0.0 0 
6 37 262 0.0701754385965 0 
2 8 0 0.0 0 
6 26 212 0.0408163265306 0 
20 122 1474 0.0612244897959 0 
6 27 0 0.0 0 
5 25 539 0.0 0 
6 33 463 0.0229885057471 0 
2 8 174 0.0 0 
5 22 356 0.027397260274 0 
11 74 1683 0.073482428115 0 
29 125 63 0.0 0 
6 35 271 0.0806451612903 0 
3 17 142 0.0625 0 
9 48 521 0.00869565217391 0 
4 21 279 0.0338983050847 0 
16 84 503 0.0265486725664 0 
8 32 255 0.0 0 
12 69 0 0.0 0 
2 14 211 0.027027027027 0 
4 25 191 0.0 0 
10 49 447 0.0 0 
6 29 213 0.0 0 
11 55 417 0.25 0 
6 34 329 0.0 0 
5 21 0 0.0 0 
6 22 0 0.166666666667 0 
10 43 234 0.0333333333333 0 
9 47 496 0.0194174757282 0 
2 17 255 0.0 0 
4 16 870 0.0588235294118 0 
2 11 245 0.04 0 
3 17 175 0.0285714285714 0 
2 13 183 0.0 0 
8 56 680 0.0 0 
3 10 96 0.0 0 
3 14 292 0.0606060606061 0 
5 28 281 0.0166666666667 0 
5 27 0 0.0 0 
5 37 361 0.0487804878049 0 
13 59 536 0.0162601626016 0 
16 74 269 0.0428571428571 0 
4 23 37 0.0 0 
5 32 827 0.00578034682081 0 
3 17 252 0.0 0 
12 81 0 0.0 0 
6 31 140 0.0 0 
7 52 597 0.0 0 
3 16 138 0.0 0 
4 27 383 0.0125 0 
3 18 184 0.0 0 
4 23 147 0.0322580645161 0 
7 30 168 0.0 0 
6 34 191 0.0 0 
6 35 288 0.0 0 
3 15 228 0.0 0 
14 87 0 0.0 0 
15 67 266 0.0142857142857 0 
5 31 173 0.0 0 
14 69 0 0.0 0 
8 59 110 0.0689655172414 0 
12 57 764 0.0 0 
5 25 284 0.047619047619 0 
5 47 139 0.0 0 
10 55 83 0.0 0 
10 48 151 0.0 0 
4 22 368 0.0441176470588 0 
6 36 737 0.012987012987 0 
4 26 420 0.0222222222222 0 
12 64 258 0.0 0 
9 49 296 0.0 0 
9 58 143 0.025641025641 0 
8 42 305 0.041095890411 0 
5 28 80 0.0 0 
10 44 397 0.260273972603 0 
3 23 0 0.0 0 
3 14 305 0.0 0 
19 73 0 0.0 0 
8 35 162 0.0487804878049 0 
4 23 473 0.0505050505051 0 
4 29 476 0.0277777777778 0 
5 38 127 0.0 0 
4 15 107 0.04 0 
6 21 94 0.192307692308 0 
7 40 351 0.0375 0 
11 47 593 0.0393700787402 0 
4 22 185 0.0 0 
13 69 600 0.0077519379845 0 
11 56 349 0.0 0 
10 42 27 0.117647058824 0 
16 75 12 0.0 0 
18 85 0 0.111111111111 0 
6 33 329 0.0 0 
11 53 277 0.0 0 
6 31 129 0.0 0 
3 20 302 0.0 0 
5 29 111 0.0333333333333 0 
10 47 385 0.271428571429 0 
2 20 240 0.0 0 
3 19 250 0.0 0 
3 18 399 0.0 0 
2 16 133 0.0 0 
3 20 0 0.0 0 
2 10 0 0.0 0 
8 45 200 0.0212765957447 0 
16 79 127 0.0 0 
20 102 709 0.0128205128205 0 
6 35 246 0.0576923076923 0 
8 41 209 0.0 0 
5 16 109 0.0833333333333 0 
7 40 1316 0.00392156862745 0 
26 130 0 0.0 0 
5 21 651 0.0375939849624 0 
10 48 162 0.0 0 
5 25 258 0.0175438596491 0 
9 52 615 0.0 0 
6 27 280 0.0 0 
6 30 613 0.0483870967742 0 
3 15 314 0.030303030303 0 
11 46 0 0.181818181818 0 
3 17 76 0.0909090909091 0 
9 40 255 0.0161290322581 0 
4 27 329 0.0606060606061 0 
3 21 154 0.0 0 
6 28 223 0.0 0 
8 39 600 0.0 0 
21 149 0 0.047619047619 0 
22 118 254 0.0281690140845 0 
12 102 253 0.0 0 
11 62 1268 0.0204081632653 0 
6 26 206 0.0 0 
6 27 525 0.0373831775701 0 
7 29 458 0.0408163265306 0 
3 18 44 0.0 0 
7 46 0 0.0 0 
5 31 135 0.0 0 
4 17 113 0.0 0 
4 17 228 0.0454545454545 0 
7 28 324 0.0588235294118 0 
30 157 0 0.0 0 
13 77 0 0.0 0 
8 45 368 0.0119047619048 0 
11 56 16 0.0 0 
4 26 335 0.0 0 
11 49 103 0.030303030303 0 
8 56 862 0.00564971751412 0 
6 19 289 0.0422535211268 0 
12 51 388 0.256756756757 0 
8 34 317 0.0416666666667 0 
6 26 333 0.0277777777778 0 
4 26 225 0.0425531914894 0 
10 54 1658 0.0185185185185 0 
8 42 972 0.005 0 
12 57 625 0.024 0 
10 49 221 0.0727272727273 0 
8 37 156 0.0487804878049 0 
4 15 463 0.130841121495 0 
8 59 723 0.00729927007299 0 
8 47 0 0.0 0 
3 15 225 0.0434782608696 0 
7 34 0 0.0 0 
6 35 644 0.0518518518519 0 
8 39 2577 0.0694143167028 0 
8 45 216 0.0 0 
3 22 0 0.0 0 
3 28 326 0.0810810810811 0 
4 19 343 0.0 0 
6 26 673 0.0 0 
6 26 224 0.0 0 
2 14 213 0.0 0 
8 36 202 0.0 0 
8 50 110 0.0 0 
7 43 197 0.0 0 
6 39 0 0.0 0 
6 45 283 0.0185185185185 0 
8 40 1054 0.0 0 
18 83 228 0.0461538461538 0 
12 50 2559 0.0693512304251 0 
11 51 614 0.0534351145038 0 
8 49 0 0.0 0 
7 44 0 0.0 0 
4 33 208 0.0 0 
10 51 0 0.1 0 
8 36 161 0.0 0 
9 56 496 0.0 0 
8 33 96 0.0714285714286 0 
7 35 169 0.1 0 
4 22 318 0.03125 0 
14 65 143 0.0227272727273 0 
3 9 141 0.027027027027 0 
6 30 117 0.0714285714286 0 
14 82 0 0.0 0 
6 36 172 0.0 0 
10 47 130 0.0 0 
10 50 200 0.0 0 
5 28 131 0.0 0 
6 29 522 0.0 0 
4 20 150 0.03125 0 
8 32 543 0.0546875 0 
6 17 542 0.0 0 
2 13 208 0.0975609756098 0 
5 34 94 0.04 0 
4 18 199 0.0 0 
16 92 11 0.166666666667 0 
6 31 582 0.0 0 
10 49 63 0.0434782608696 0 
3 25 70 0.05 0 
2 8 346 0.0645161290323 0 
5 32 180 0.0 0 
7 31 84 0.0740740740741 0 
11 68 466 0.0 0 
15 78 0 0.0666666666667 0 
10 33 348 0.0 0 
10 57 0 0.0 0 
8 38 157 0.0 0 
4 15 258 0.0344827586207 0 
14 74 0 0.0714285714286 0 
5 31 470 0.0 0 
8 60 0 0.0 0 
6 45 416 0.0113636363636 0 
22 98 151 0.0943396226415 0 
13 56 96 0.0277777777778 0 
19 97 7 0.0 0 
1 8 291 0.0 0 
4 27 285 0.0634920634921 0 
3 17 179 0.0 0 
3 17 108 0.0 0 
2 7 121 0.037037037037 0 
6 40 550 0.0 0 
10 53 551 0.0 0 
10 44 369 0.246376811594 0 
7 32 212 0.0 0 
9 43 0 0.111111111111 0 
8 61 381 0.0125 0 
16 92 0 0.0 0 
4 32 911 0.0118343195266 0 
6 31 148 0.0 0 
13 60 263 0.147058823529 0 
10 37 411 0.07 0 
5 22 195 0.0 0 
8 40 165 0.0869565217391 0 
2 19 392 0.0 0 
15 95 467 0.0188679245283 0 
8 43 178 0.0 0 
9 41 0 0.0 0 
9 51 0 0.222222222222 0 
5 29 26 0.0 0 
11 78 0 0.0 0 
4 27 198 0.0697674418605 0 
5 21 96 0.0 0 
5 29 0 0.0 0 
9 52 535 0.0 0 
10 58 1284 0.0 0 
5 34 350 0.0 0 
15 90 0 0.0 0 
15 75 806 0.0 0 
6 32 313 0.0 0 
14 74 78 0.0 0 
5 25 288 0.0 0 
11 52 838 0.0 0 
9 50 211 0.0 0 
3 12 466 0.0212765957447 0 
6 27 320 0.0 0 
2 8 303 0.0294117647059 0 
4 44 246 0.0 0 
9 66 524 0.00909090909091 0 
22 112 0 0.0 0 
3 18 476 0.0416666666667 0 
5 20 158 0.0 0 
8 39 267 0.0 0 
2 10 86 0.0 0 
14 70 28 0.05 0 
5 33 125 0.0 0 
18 82 0 0.0555555555556 0 
7 42 478 0.0112359550562 0 
9 47 565 0.0666666666667 0 
14 59 0 0.142857142857 0 
6 33 72 0.0454545454545 0 
5 28 116 0.0 0 
12 54 252 0.0 0 
4 23 359 0.0649350649351 0 
6 34 202 0.0 0 
9 62 0 0.0 0 
7 27 136 0.0 0 
9 47 317 0.0 0 
3 16 500 0.0540540540541 0 
3 20 369 0.0 0 
15 74 299 0.0 0 
7 43 374 0.0348837209302 0 
2 4 119 0.0 0 
8 43 394 0.0 0 
5 33 471 0.03 0 
6 29 222 0.0 0 
14 66 25 0.05 0 
4 15 370 0.0617283950617 0 
3 19 196 0.047619047619 0 
8 53 294 0.0 0 
5 22 535 0.0 0 
10 39 765 0.0705128205128 0 
5 26 273 0.0344827586207 0 
6 20 177 0.0731707317073 0 
8 49 480 0.049504950495 0 
10 44 166 0.0625 0 
8 36 350 0.0 0 
2 8 70 0.0625 0 
9 41 322 0.012987012987 0 
7 31 43 0.0666666666667 0 
7 33 245 0.0535714285714 0 
7 51 0 0.0 0 
7 34 38 0.0 0 
13 58 36 0.130434782609 0 
10 58 269 0.03125 0 
5 34 695 0.0 0 
4 19 209 0.0625 0 
10 51 77 0.0 0 
6 23 144 0.0 0 
12 65 291 0.0 0 
3 18 1380 0.00344827586207 0 
5 18 156 0.171428571429 0 
7 49 619 0.0 0 
4 29 619 0.126213592233 0 
14 61 0 0.0 0 
5 28 152 0.0 0 
9 41 230 0.0 0 
12 73 1351 0.0147601476015 0 
5 40 368 0.0 0 
23 113 0 0.0869565217391 0 
6 22 165 0.0888888888889 0 
6 28 227 0.0 0 
11 58 473 0.0176991150442 0 
5 29 270 0.0166666666667 0 
3 20 249 0.0 0 
9 56 58 0.0 0 
12 69 272 0.0 0 
10 49 194 0.0 0 
7 32 0 0.0 0 
10 51 0 0.0 0 
5 21 716 0.0 0 
10 43 323 0.0 0 
9 58 735 0.0 0 
4 25 362 0.15 0 
4 14 618 0.0588235294118 0 
4 26 124 0.0 0 
6 29 306 0.0 0 
10 54 294 0.0 0 
9 43 431 0.0222222222222 0 
4 31 244 0.0 0 
7 39 271 0.0172413793103 0 
4 19 60 0.0 0 
8 46 436 0.0760869565217 0 
4 25 38 0.0 0 
4 39 287 0.0161290322581 0 
3 16 136 0.0 0 
3 22 599 0.0 0 
12 69 39 0.0 0 
3 19 505 0.0265486725664 0 
12 66 171 0.0 0 
6 40 587 0.047619047619 0 
5 31 705 0.02 0 
7 31 166 0.0238095238095 0 
2 8 293 0.0483870967742 0 
5 30 223 0.0 0 
4 17 0 0.0 0 
3 14 128 0.0344827586207 0 
5 28 103 0.0 0 
4 25 524 0.0588235294118 0 
3 24 194 0.0 0 
11 55 0 0.0 0 
9 45 291 0.0454545454545 0 
9 57 1735 0.03125 0 
4 18 49 0.0666666666667 0 
11 39 422 0.0 0 
7 34 759 0.0674846625767 0 
14 74 0 0.0 0 
3 7 216 0.0434782608696 0 
2 11 498 0.0188679245283 0 
6 43 468 0.0 0 
7 44 0 0.0 0 
9 42 91 0.0 0 
15 74 818 0.0 0 
7 36 206 0.0 0 
36 226 0 0.0 0 
5 40 81 0.0 0 
10 50 113 0.0 0 
5 27 109 0.0 0 
10 47 61 0.0 0 
10 52 655 0.0 0 
7 40 144 0.0 0 
8 46 105 0.0 0 
8 45 265 0.0 0 
13 76 2408 0.0 0 
4 29 407 0.0 0 
4 29 193 0.0 0 
2 9 108 0.0 0 
11 48 204 0.0 0 
7 40 1114 0.0093023255814 0 
2 16 232 0.0425531914894 0 
8 41 263 0.0 0 
6 28 239 0.0 0 
4 16 314 0.118421052632 0 
8 49 0 0.0 0 
10 54 377 0.0112359550562 0 
8 43 341 0.0 0 
3 19 173 0.0 0 
6 35 72 0.05 0 
8 51 0 0.0 0 
3 21 184 0.0 0 
3 20 424 0.0125 0 
13 68 0 0.0769230769231 0 
9 55 477 0.0 0 
14 63 121 0.0 0 
7 36 324 0.0909090909091 0 
7 24 268 0.0 0 
13 46 90 0.108108108108 0 
11 59 0 0.0909090909091 0 
8 39 72 0.0 0 
2 9 211 0.0555555555556 0 
6 41 260 0.0204081632653 0 
16 83 0 0.0 0 
3 10 238 0.0 0 
6 34 0 0.333333333333 0 
5 30 143 0.0285714285714 0 
7 48 179 0.0227272727273 0 
9 37 235 0.06 0 
3 16 394 0.0246913580247 0 
6 26 0 0.0 0 
4 20 539 0.0762711864407 0 
7 50 297 0.0 0 
2 7 262 0.0 0 
7 42 313 0.0 0 
8 51 211 0.0 0 
17 103 156 0.0 0 
7 28 578 0.0420168067227 0 
14 69 274 0.027027027027 0 
6 32 437 0.0842105263158 0 
2 16 635 0.031007751938 0 
4 27 888 0.0 0 
6 34 34 0.0 0 
7 44 613 0.00819672131148 0 
6 56 242 0.0566037735849 0 
7 35 218 0.0 0 
13 81 227 0.0 0 
13 68 0 0.0 0 
6 22 560 0.00793650793651 0 
3 27 333 0.0 0 
8 45 0 0.0 0 
16 66 254 0.0 0 
14 71 0 0.0714285714286 0 
4 16 499 0.0952380952381 0 
6 37 171 0.046511627907 0 
4 21 235 0.111111111111 0 
3 26 201 0.0 0 
6 34 371 0.0 0 
11 53 340 0.0243902439024 0 
11 80 512 0.0990990990991 0 
6 27 310 0.027397260274 0 
9 42 485 0.0188679245283 0 
9 42 231 0.122807017544 0 
16 78 165 0.0 0 
8 32 455 0.0192307692308 0 
16 55 528 0.0 0 
3 19 205 0.0 0 
3 19 1348 0.00380228136882 0 
8 39 321 0.041095890411 0 
3 19 65 0.0526315789474 0 
6 37 0 0.0 0 
11 50 389 0.27397260274 0 
3 25 457 0.0 0 
5 41 634 0.00900900900901 0 
3 11 124 0.0 0 
5 26 157 0.0 0 
3 20 248 0.0 0 
13 56 866 0.0540540540541 0 
2 9 33 0.0909090909091 0 
19 84 413 0.0 0 
7 41 253 0.0645161290323 0 
11 51 410 0.263157894737 0 
5 28 504 0.0196078431373 0 
10 50 136 0.0232558139535 0 
4 21 140 0.0625 0 
2 20 238 0.0408163265306 0 
31 189 1267 0.0522088353414 0 
5 30 283 0.0 0 
5 21 466 0.06 0 
3 22 99 0.0909090909091 0 
5 30 150 0.0810810810811 0 
7 35 518 0.0183486238532 0 
4 26 0 0.0 0 
4 27 312 0.0327868852459 0 
5 18 188 0.0227272727273 0 
2 11 265 0.0 0 
12 49 0 0.166666666667 0 
8 43 0 0.0 0 
5 29 379 0.0 0 
7 39 171 0.0243902439024 0 
16 76 287 0.0 0 
13 72 0 0.0769230769231 0 
3 21 66 0.0 0 
4 19 611 0.0 0 
9 47 15 0.181818181818 0 
7 40 208 0.0 0 
10 57 356 0.0 0 
6 34 91 0.153846153846 0 
16 94 549 0.046875 0 
38 179 2453 0.0205992509363 0 
9 55 140 0.025 0 
30 131 561 0.0135135135135 0 
6 27 143 0.0588235294118 0 
11 54 237 0.047619047619 0 
14 63 36 0.0434782608696 0 
7 42 268 0.0 0 
5 20 269 0.0178571428571 0 
4 28 381 0.075 0 
4 17 121 0.0 0 
7 29 32 0.2 0 
4 21 136 0.0645161290323 0 
5 30 286 0.0327868852459 0 
17 82 206 0.0 0 
8 40 434 0.010752688172 0 
14 103 0 0.0714285714286 0 
5 19 226 0.0 0 
3 14 204 0.0 0 
7 24 133 0.0 0 
5 21 208 0.0888888888889 0 
6 34 251 0.0392156862745 0 
6 38 433 0.0989010989011 0 
6 20 57 0.0555555555556 0 
6 32 903 0.0 0 
5 29 447 0.0531914893617 0 
5 30 96 0.0 0 
20 87 324 0.0 0 
5 27 375 0.025 0 
5 38 232 0.0689655172414 0 
3 20 207 0.0 0 
9 57 218 0.0 0 
7 34 55 0.0 0 
5 20 59 0.3125 0 
4 10 65 0.0 0 
6 43 454 0.010752688172 0 
10 62 0 0.0 0 
7 37 23 0.1 0 
5 24 307 0.031746031746 0 
8 36 258 0.0175438596491 0 
6 29 338 0.027397260274 0 
3 14 142 0.15625 0 
3 14 430 0.0531914893617 0 
5 27 204 0.0416666666667 0 
5 29 98 0.0 0 
9 37 155 0.105263157895 0 
2 13 324 0.0 0 
5 25 203 0.0227272727273 0 
3 17 213 0.0 0 
13 74 452 0.0 0 
11 78 1005 0.0103626943005 0 
3 16 237 0.0 0 
20 98 0 0.0 0 
5 23 408 0.0243902439024 0 
4 20 449 0.0 0 
9 40 125 0.108108108108 0 
9 62 69 0.1 0 
10 48 307 0.0 0 
4 23 193 0.0 0 
26 125 0 0.0 0 
15 71 41 0.0 0 
7 45 0 0.142857142857 0 
9 49 0 0.0 0 
9 32 412 0.0425531914894 0 
5 26 61 0.0 0 
4 21 114 0.0333333333333 0 
3 20 1198 0.0 0 
4 19 131 0.0 0 
8 44 180 0.0 0 
4 15 115 0.0357142857143 0 
11 49 119 0.0 0 
14 79 395 0.0 0 
4 28 306 0.0 0 
2 14 116 0.0384615384615 0 
11 52 657 0.0144927536232 0 
3 16 201 0.0 0 
2 20 242 0.0 0 
6 33 225 0.0 0 
8 40 386 0.0357142857143 0 
7 39 504 0.0102040816327 0 
20 110 711 0.0251572327044 0 
4 16 82 0.0 0 
14 62 0 0.0 0 
11 51 433 0.03125 0 
2 8 227 0.0238095238095 0 
10 57 0 0.0 0 
7 38 246 0.0 0 
7 42 702 0.0373134328358 0 
7 41 189 0.0 0 
2 12 140 0.0294117647059 0 
5 29 852 0.0 0 
12 70 2209 0.0653153153153 0 
4 24 583 0.0 0 
8 41 311 0.0 0 
13 81 100 0.030303030303 0 
5 23 341 0.0142857142857 0 
4 16 145 0.0 0 
17 101 992 0.0 0 
4 30 1497 0.0103806228374 0 
11 55 81 0.0 0 
14 67 641 0.0232558139535 0 
9 42 243 0.0 0 
4 20 710 0.0428571428571 0 
18 84 392 0.114583333333 0 
3 23 1255 0.030303030303 0 
11 58 0 0.0909090909091 0 
8 49 0 0.125 0 
7 32 206 0.0 0 
7 49 144 0.030303030303 0 
11 45 372 0.0 0 
10 47 367 0.238805970149 0 
7 36 0 0.0 0 
3 9 326 0.0144927536232 0 
2 5 0 0.0 0 
9 48 381 0.0 0 
5 25 220 0.02 0 
3 23 460 0.0116279069767 0 
5 31 203 0.0 0 
1 19 0 0.0 0 
2 12 127 0.0 0 
3 15 299 0.0 0 
6 37 160 0.0 0 
12 65 0 0.0 0 
9 51 231 0.0181818181818 0 
8 51 188 0.0 0 
9 41 252 0.0677966101695 0 
3 18 349 0.0 0 
10 74 306 0.0540540540541 0 
7 45 1489 0.0290909090909 0 
3 20 131 0.0 0 
4 22 421 0.0 0 
9 41 652 0.0 0 
5 35 301 0.0 0 
9 49 197 0.0 0 
12 69 75 0.0357142857143 0 
1 4 0 0.0 0 
15 80 145 0.0238095238095 0 
4 18 424 0.0243902439024 0 
21 129 55 0.0 0 
9 49 194 0.04 0 
8 42 311 0.0 0 
4 25 275 0.0 0 
8 51 143 0.037037037037 0 
11 55 0 0.0 0 
16 86 69 0.0 0 
8 44 562 0.0579710144928 0 
6 33 0 0.0 0 
10 56 125 0.0 0 
9 52 0 0.0 0 
7 30 569 0.0 0 
13 65 680 0.0 0 
7 40 203 0.0 0 
6 36 0 0.0 0 
10 69 46 0.0526315789474 0 
7 43 818 0.0320512820513 0 
5 30 1134 0.0 0 
4 27 70 0.0555555555556 0 
9 58 0 0.0 0 
4 24 164 0.025641025641 0 
6 36 0 0.0 0 
8 41 0 0.125 0 
8 47 0 0.0 0 
8 44 158 0.0243902439024 0 
3 20 193 0.0487804878049 0 
5 28 84 0.0 0 
7 49 309 0.0 0 
8 49 146 0.0 0 
4 15 360 0.0526315789474 0 
5 29 253 0.0 0 
6 34 334 0.0147058823529 0 
5 21 621 0.0396825396825 0 
5 24 127 0.0 0 
10 59 314 0.0 0 
5 18 235 0.0 0 
7 48 719 0.0575539568345 0 
11 81 482 0.036036036036 0 
13 60 91 0.1 0 
13 65 0 0.0769230769231 0 
6 26 613 0.0 0 
2 8 159 0.125 0 
6 28 240 0.147540983607 0 
3 20 416 0.0217391304348 0 
11 50 211 0.0 0 
3 32 2103 0.0369127516779 0 
6 42 290 0.0327868852459 0 
4 26 399 0.0 0 
3 20 225 0.0 0 
8 41 183 0.0 0 
3 17 209 0.0454545454545 0 
9 38 26 0.0666666666667 0 
6 39 474 0.0842105263158 0 
2 9 276 0.0181818181818 0 
9 49 224 0.1 0 
11 49 410 0.253333333333 0 
11 61 395 0.0425531914894 0 
11 67 478 0.0185185185185 0 
8 39 64 0.0 0 
12 47 511 0.0169491525424 0 
4 24 147 0.0714285714286 0 
9 45 126 0.0540540540541 0 
6 28 108 0.0 0 
6 25 103 0.0 0 
11 66 0 0.0909090909091 0 
5 38 925 0.0368421052632 0 
4 20 316 0.016393442623 0 
7 41 264 0.0 0 
5 24 166 0.0 0 
5 25 265 0.0 0 
10 67 0 0.0 0 
5 36 303 0.0526315789474 0 
8 42 184 0.0 0 
5 25 0 0.0 0 
2 18 622 0.0 0 
6 28 460 0.030612244898 0 
10 63 213 0.0 0 
10 64 999 0.0 0 
11 58 53 0.181818181818 0 
4 27 458 0.0113636363636 0 
9 64 404 0.0116279069767 0 
3 19 123 0.0 0 
16 82 416 0.0 0 
4 27 115 0.0 0 
10 53 301 0.0 0 
10 76 0 0.0 0 
13 69 705 0.0 0 
3 16 298 0.0 0 
4 26 0 0.25 0 
10 53 263 0.09375 0 
11 48 162 0.046511627907 0 
3 15 0 0.0 0 
6 17 214 0.0833333333333 0 
11 49 293 0.0 0 
7 42 420 0.0113636363636 0 
1 7 297 0.015625 0 
9 45 139 0.0 0 
6 37 0 0.166666666667 0 
2 8 68 0.0666666666667 0 
3 17 282 0.046875 0 
3 30 326 0.0 0 
4 27 452 0.0 0 
9 50 914 0.00555555555556 0 
11 79 0 0.0 0 
2 15 393 0.0 0 
12 64 304 0.0 0 
10 39 1042 0.0824742268041 0 
4 18 353 0.0 0 
6 37 3694 0.0364656381487 0 
8 40 331 0.0666666666667 0 
5 31 127 0.0740740740741 0 
22 102 208 0.0 0 
4 25 142 0.0 0 
17 93 751 0.00613496932515 0 
7 36 229 0.169811320755 0 
9 44 160 0.047619047619 0 
7 29 95 0.0 0 
5 24 203 0.0 0 
15 97 554 0.00751879699248 0 
4 27 132 0.0 0 
2 9 132 0.0740740740741 0 
7 27 311 0.10447761194 0 
4 19 279 0.126984126984 0 
13 58 510 0.034188034188 0 
5 30 42 0.0 0 
8 30 100 0.0333333333333 0 
2 9 104 0.037037037037 0 
6 37 311 0.0277777777778 0 
10 71 72 0.0 0 
3 14 243 0.0769230769231 0 
56 265 0 0.0357142857143 0 
7 35 191 0.0 0 
7 44 839 0.0 0 
8 57 339 0.0416666666667 0 
3 14 198 0.0232558139535 0 
12 68 25 0.0 0 
2 13 159 0.121212121212 0 
17 114 0 0.0 0 
4 53 0 0.0 0 
6 32 457 0.0294117647059 0 
10 61 0 0.0 0 
6 44 69 0.0 0 
3 22 443 0.0243902439024 0 
13 62 202 0.0 0 
4 20 184 0.0 0 
6 39 243 0.0 0 
20 89 0 0.0 0 
12 56 209 0.05 0 
3 18 354 0.0 0 
5 22 705 0.0335570469799 0 
18 88 0 0.0 0 
8 52 0 0.0 0 
3 24 173 0.0294117647059 0 
7 38 15 0.0 0 
10 63 327 0.0 0 
4 15 202 0.127659574468 0 
7 34 189 0.0 0 
12 52 94 0.0322580645161 0 
14 81 0 0.0 0 
21 132 0 0.0 0 
11 45 466 0.0185185185185 0 
17 102 2468 0.00770712909441 0 
7 46 154 0.0 0 
9 54 0 0.111111111111 0 
20 90 127 0.0 0 
6 34 305 0.015625 0 
9 45 0 0.0 0 
12 52 163 0.0 0 
9 40 25 0.0 0 
14 78 142 0.0 0 
4 29 233 0.0 0 
3 19 126 0.0434782608696 0 
4 13 279 0.0350877192982 0 
20 95 304 0.0 0 
15 103 0 0.0666666666667 0 
13 66 187 0.0576923076923 0 
14 72 461 0.0 0 
8 32 12 0.0 0 
4 18 380 0.0909090909091 0 
14 76 259 0.0606060606061 0 
5 24 426 0.0 0 
2 16 106 0.037037037037 0 
5 17 378 0.025641025641 0 
6 32 262 0.0172413793103 0 
13 73 103 0.157894736842 0 
9 46 276 0.0307692307692 0 
4 18 297 0.0666666666667 0 
6 39 21 0.0 0 
10 53 423 0.0106382978723 0 
10 52 193 0.0208333333333 0 
6 25 202 0.0612244897959 0 
21 105 0 0.0 0 
3 12 253 0.04 0 
6 43 760 0.0441176470588 0 
9 59 258 0.0 0 
2 9 123 0.0689655172414 0 
13 61 192 0.0178571428571 0 
6 28 268 0.0 0 
8 40 87 0.08 0 
5 20 1391 0.0149253731343 0 
13 58 27 0.105263157895 0 
6 28 161 0.0789473684211 0 
8 36 170 0.111111111111 0 
14 72 56 0.115384615385 0 
2 14 101 0.0 0 
6 30 227 0.0 0 
4 30 861 0.0564971751412 0 
16 87 0 0.0625 0 
3 18 348 0.142857142857 0 
9 39 113 0.0416666666667 0 
2 11 130 0.037037037037 0 
14 65 133 0.0 0 
10 44 100 0.0 0 
5 29 305 0.0 0 
4 12 193 0.0 0 
15 87 254 0.0 0 
8 48 113 0.0 0 
9 56 714 0.0191082802548 0 
5 42 361 0.0810810810811 0 
7 34 517 0.118181818182 0 
10 45 145 0.0 0 
14 82 291 0.0138888888889 0 
5 41 1301 0.0266666666667 0 
11 60 336 0.0116279069767 0 
4 22 411 0.0113636363636 0 
7 34 238 0.0 0 
4 18 124 0.0 0 
11 60 828 0.0180722891566 0 
33 181 868 0.0944444444444 0 
4 26 468 0.0947368421053 0 
7 34 323 0.0131578947368 0 
21 91 241 0.0281690140845 0 
5 25 170 0.0 0 
18 88 100 0.0 0 
15 76 306 0.0 0 
4 16 266 0.078431372549 0 
4 30 446 0.142857142857 0 
3 8 150 0.0689655172414 0 
17 109 1152 0.00431034482759 0 
3 21 177 0.0 0 
17 76 0 0.0 0 
6 30 492 0.030303030303 0 
9 35 0 0.0 0 
6 43 371 0.0128205128205 0 
5 31 271 0.0606060606061 0 
16 84 0 0.0 0 
5 24 1900 0.00253164556962 0 
3 19 144 0.0 0 
11 70 0 0.0 0 
5 18 313 0.0 0 
2 15 353 0.012987012987 0 
2 15 481 0.0 0 
27 123 0 0.0 0 
9 53 1722 0.0 0 
5 23 348 0.0 0 
6 28 448 0.0555555555556 0 
15 74 120 0.0 0 
10 46 57 0.047619047619 0 
16 64 500 0.0 0 
10 53 0 0.1 0 
3 12 121 0.0 0 
11 58 235 0.0172413793103 0 
6 34 211 0.0212765957447 0 
3 16 277 0.0338983050847 0 
3 19 1182 0.0440528634361 0 
11 54 567 0.0 0 
11 48 402 0.256756756757 0 
5 24 248 0.0 0 
4 14 101 0.0869565217391 0 
3 15 6735 0.00235849056604 0 
13 91 0 0.0 0 
7 46 0 0.428571428571 0 
3 17 540 0.0380952380952 0 
5 27 0 0.0 0 
2 8 0 0.0 0 
21 119 0 0.047619047619 0 
12 61 438 0.0104166666667 0 
2 7 141 0.0666666666667 0 
12 74 1316 0.0314960629921 0 
10 61 403 0.0731707317073 0 
13 73 237 0.09375 0 
9 46 60 0.0869565217391 0 
7 34 293 0.015625 0 
7 41 426 0.0215053763441 0 
10 48 1447 0.00682593856655 0 
9 64 518 0.0 0 
4 27 259 0.0 0 
8 35 55 0.0 0 
14 62 97 0.0294117647059 0 
9 48 630 0.0503597122302 0 
8 47 592 0.0 0 
9 48 517 0.0 0 
8 41 178 0.0 0 
9 32 180 0.0 0 
8 39 107 0.0 0 
8 34 176 0.0 0 
10 52 275 0.0597014925373 0 
11 74 0 0.0909090909091 0 
5 21 282 0.0 0 
9 33 281 0.0422535211268 0 
