50 0 0.0 
127 53 0.0 
81 168 0.0 
45 72 0.0246913580247 
73 46 0.0 
104 0 0.0 
15 37 0.0 
57 0 0.0 
70 0 0.333333333333 
132 88 0.0 
57 126 0.0 
30 51 0.0 
193 0 0.0 
72 55 0.0294117647059 
148 81 0.0 
86 42 0.0 
88 0 0.0 
39 74 0.0 
282 0 0.0185185185185 
21 36 0.0 
48 108 0.0 
73 0 0.0666666666667 
40 41 0.0416666666667 
87 93 0.0 
55 100 0.00934579439252 
52 28 0.0 
51 69 0.0506329113924 
88 41 0.0 
47 60 0.0149253731343 
83 109 0.0 
56 34 0.0 
108 139 0.0 
38 78 0.0 
34 101 0.0 
94 54 0.0 
40 48 0.0 
43 34 0.05 
58 30 0.0 
71 113 0.0 
36 120 0.0 
97 558 0.00523560209424 
92 40 0.0701754385965 
38 0 0.0 
128 67 0.0 
77 131 0.0 
90 60 0.0 
38 54 0.0 
77 51 0.0634920634921 
14 162 0.0 
59 45 0.0 
36 0 0.0 
48 76 0.0 
81 94 0.0 
53 98 0.0275229357798 
68 0 0.0833333333333 
39 69 0.0 
137 74 0.0 
67 174 0.00537634408602 
52 0 0.0 
36 286 0.0136054421769 
38 45 0.0 
20 226 0.0 
147 48 0.0 
42 190 0.0154639175258 
53 0 0.0 
75 92 0.0188679245283 
50 48 0.0 
50 72 0.025 
32 38 0.0227272727273 
43 72 0.0 
90 50 0.0 
40 84 0.0 
144 0 0.0 
59 71 0.0123456790123 
66 55 0.0289855072464 
104 113 0.00757575757576 
37 56 0.0 
101 39 0.0 
42 93 0.0 
46 48 0.0 
34 0 0.0 
51 93 0.0 
47 0 0.0 
30 107 0.0 
41 44 0.0 
71 50 0.0 
35 56 0.0 
47 1753 0.00738216922203 
52 91 0.0 
5 41 0.0 
264 0 0.0 
98 0 0.0555555555556 
39 153 0.0 
124 47 0.0 
76 122 0.00740740740741 
44 0 0.0 
62 0 0.0 
125 0 0.0 
61 110 0.0 
99 51 0.0 
81 0 0.0 
109 113 0.00751879699248 
43 145 0.0 
57 0 0.0 
68 34 0.0 
18 199 0.0 
37 57 0.015625 
44 275 0.0140845070423 
55 130 0.0 
138 63 0.0 
37 61 0.0149253731343 
99 394 0.0 
58 49 0.0 
79 44 0.0 
37 104 0.0 
113 171 0.0157068062827 
88 74 0.0 
26 0 0.0 
57 0 0.0 
67 0 0.0 
67 28 0.025 
90 0 0.0 
89 39 0.0 
186 101 0.00740740740741 
41 70 0.0 
25 46 0.0 
42 39 0.0 
96 67 0.0 
76 44 0.0166666666667 
38 100 0.0 
58 50 0.0 
48 89 0.0 
84 72 0.0 
19 95 0.040404040404 
40 61 0.0 
100 0 0.0 
24 51 0.0 
97 0 0.0 
60 71 0.0 
39 86 0.0108695652174 
79 73 0.0 
101 104 0.0 
41 89 0.0 
26 98 0.0 
125 62 0.0120481927711 
289 186 0.00858369098712 
79 0 0.0833333333333 
80 58 0.0 
46 595 0.0116279069767 
149 0 0.0 
55 0 0.0 
38 51 0.0175438596491 
134 0 0.0384615384615 
34 41 0.0 
37 37 0.0 
33 59 0.0 
111 79 0.010101010101 
29 59 0.0 
37 371 0.0026525198939 
96 0 0.0588235294118 
36 64 0.0 
105 129 0.00662251655629 
15 137 0.0 
62 47 0.0333333333333 
89 57 0.0 
46 43 0.0 
47 0 0.0 
70 430 0.00226244343891 
46 0 0.0 
43 254 0.0114068441065 
98 54 0.0 
130 58 0.0 
44 147 0.0322580645161 
52 0 0.0 
61 82 0.0 
48 91 0.0 
57 49 0.0 
74 81 0.0105263157895 
37 62 0.0 
48 177 0.0437158469945 
56 105 0.00869565217391 
34 93 0.0 
64 48 0.0 
75 55 0.0 
40 40 0.0217391304348 
71 57 0.0 
143 38 0.0 
48 158 0.0 
65 0 0.25 
15 37 0.0 
126 0 0.0625 
88 58 0.0 
49 68 0.0 
36 105 0.0181818181818 
20 37 0.0 
22 41 0.0 
47 62 0.0 
69 54 0.0 
161 41 0.0 
60 0 0.0 
59 64 0.0 
80 131 0.0138888888889 
24 419 0.00236966824645 
54 0 0.0 
35 83 0.010989010989 
37 63 0.0 
47 98 0.0 
27 85 0.0 
66 37 0.0 
75 77 0.010989010989 
40 56 0.0 
69 70 0.0 
26 91 0.0 
60 43 0.0 
42 83 0.0 
23 59 0.0 
53 229 0.0 
24 83 0.0 
105 383 0.0075 
82 45 0.0 
88 149 0.0 
90 52 0.0 
74 36 0.0 
64 157 0.0235294117647 
55 173 0.0110497237569 
39 61 0.0 
18 88 0.0 
111 0 0.0 
52 53 0.0161290322581 
55 0 0.222222222222 
21 0 0.0 
89 0 0.0 
74 69 0.0 
44 0 0.142857142857 
17 119 0.0 
300 0 0.0434782608696 
59 89 0.0 
81 0 0.0 
42 63 0.0 
19 41 0.0 
62 103 0.0254237288136 
89 107 0.0 
25 59 0.0 
62 74 0.0 
87 69 0.0 
68 65 0.0253164556962 
107 0 0.0 
58 65 0.0133333333333 
63 45 0.0 
60 54 0.0 
56 39 0.0 
65 90 0.0 
74 58 0.0 
41 101 0.00925925925926 
136 66 0.0 
44 83 0.0 
80 50 0.0 
148 160 0.0 
60 83 0.0 
39 0 0.0 
58 146 0.0 
65 65 0.0 
56 0 0.0 
45 101 0.0 
25 85 0.0224719101124 
58 36 0.0217391304348 
30 51 0.0 
105 661 0.0176470588235 
73 52 0.0461538461538 
43 97 0.0576923076923 
90 114 0.015625 
37 146 0.0 
146 0 0.0740740740741 
71 0 0.0 
71 113 0.0 
90 81 0.0 
33 39 0.0227272727273 
14 50 0.0 
41 71 0.0 
76 37 0.0 
111 67 0.0 
26 89 0.0 
74 47 0.0 
138 107 0.0 
157 60 0.0 
72 67 0.0 
205 39 0.0 
40 280 0.00696864111498 
16 37 0.0 
66 0 0.0 
65 0 0.0 
76 0 0.0 
54 0 0.0 
280 99 0.0 
42 41 0.0 
79 122 0.0 
122 40 0.0 
59 73 0.0 
41 37 0.0 
90 36 0.0192307692308 
30 46 0.0 
80 59 0.0 
62 0 0.0 
72 0 0.0 
103 56 0.0138888888889 
64 40 0.04 
226 0 0.0 
68 53 0.0307692307692 
97 44 0.0 
98 0 0.0 
18 43 0.0217391304348 
76 88 0.01 
81 60 0.0 
39 70 0.0 
77 0 0.0714285714286 
54 98 0.037037037037 
136 80 0.0 
231 86 0.093023255814 
118 51 0.0 
61 237 0.0 
64 39 0.0 
91 0 0.0 
36 497 0.00595238095238 
85 0 0.0666666666667 
85 58 0.0 
136 0 0.0 
51 0 0.0 
68 0 0.0 
51 45 0.0185185185185 
189 0 0.0 
146 0 0.0384615384615 
122 83 0.00925925925926 
72 204 0.0 
57 317 0.0122699386503 
157 0 0.0714285714286 
160 81 0.0 
54 0 0.125 
43 34 0.05 
87 0 0.0 
81 68 0.0253164556962 
126 53 0.0253164556962 
47 724 0.0013698630137 
161 481 0.0177514792899 
90 79 0.0 
12 37 0.05 
15 0 0.0 
91 206 0.00454545454545 
52 154 0.0 
78 54 0.0142857142857 
232 0 0.0238095238095 
114 286 0.00327868852459 
49 35 0.0 
41 0 0.0 
35 0 0.166666666667 
60 0 0.153846153846 
66 0 0.0 
62 0 0.0 
43 99 0.0 
36 58 0.0 
12 44 0.0 
77 61 0.0 
55 114 0.0 
29 137 0.00694444444444 
65 82 0.0 
38 110 0.0172413793103 
25 71 0.0 
41 95 0.0 
177 118 0.0138888888889 
29 63 0.0 
31 0 0.0 
108 30 0.0 
90 89 0.0 
120 84 0.018691588785 
50 0 0.0 
37 0 0.142857142857 
72 70 0.0 
57 61 0.0140845070423 
43 47 0.0545454545455 
44 86 0.0 
64 64 0.0 
31 65 0.0 
85 36 0.0 
68 76 0.0114942528736 
66 211 0.0 
80 54 0.0428571428571 
136 180 0.010101010101 
83 94 0.0 
82 68 0.0 
91 73 0.0 
28 47 0.0 
60 55 0.0 
123 251 0.0 
30 51 0.0 
91 0 0.0 
15 52 0.0181818181818 
50 83 0.0 
82 61 0.0 
87 50 0.015625 
60 57 0.0144927536232 
47 161 0.0119760479042 
89 145 0.00621118012422 
46 71 0.0253164556962 
86 40 0.0 
54 0 0.0 
36 202 0.00480769230769 
26 38 0.0238095238095 
69 92 0.0 
290 94 0.0 
16 60 0.0 
70 50 0.0 
67 96 0.0 
80 86 0.0 
33 0 0.0 
25 0 0.0 
58 36 0.0222222222222 
60 38 0.0 
41 0 0.0 
28 71 0.0 
231 0 0.0 
34 51 0.0 
49 68 0.0 
56 48 0.0 
69 64 0.0126582278481 
33 45 0.08 
38 62 0.0142857142857 
76 40 0.0 
66 47 0.0 
50 100 0.0 
68 1043 0.00568720379147 
57 38 0.0 
74 39 0.0 
24 124 0.0 
30 52 0.0 
98 68 0.0 
60 75 0.0 
45 228 0.0381355932203 
46 51 0.0 
85 56 0.0416666666667 
85 72 0.0337078651685 
57 176 0.0217391304348 
68 455 0.0 
17 73 0.0266666666667 
47 244 0.0238095238095 
112 55 0.0 
51 96 0.0377358490566 
61 48 0.0172413793103 
64 45 0.0178571428571 
73 47 0.0 
63 48 0.0 
23 71 0.0 
60 40 0.0 
103 47 0.0 
38 0 0.0 
49 73 0.0365853658537 
51 51 0.0169491525424 
29 58 0.016393442623 
43 34 0.05 
89 0 0.0 
101 173 0.0 
78 96 0.0 
30 92 0.0 
58 56 0.0147058823529 
54 45 0.0 
109 0 0.117647058824 
45 199 0.0478468899522 
63 0 0.0 
32 73 0.0 
81 40 0.0 
62 0 0.0 
41 105 0.0434782608696 
81 19 0.0 
59 80 0.0 
72 149 0.0 
136 111 0.0289855072464 
35 28 0.0 
38 109 0.0 
67 0 0.0 
64 0 0.0909090909091 
22 0 0.25 
36 52 0.0 
58 41 0.0 
83 97 0.0178571428571 
34 50 0.0363636363636 
86 0 0.0 
106 52 0.0 
70 61 0.0 
102 66 0.0 
58 0 0.0 
36 80 0.0229885057471 
28 318 0.0246913580247 
40 47 0.0 
52 0 0.0 
33 176 0.00552486187845 
46 92 0.00990099009901 
277 0 0.0238095238095 
105 136 0.0 
126 39 0.0 
65 110 0.0168067226891 
41 40 0.0 
90 50 0.0 
65 0 0.0909090909091 
63 0 0.0 
134 96 0.00854700854701 
63 48 0.0 
66 45 0.0 
44 107 0.0 
89 95 0.0183486238532 
88 129 0.0 
53 54 0.0 
61 57 0.030303030303 
37 53 0.0 
93 0 0.0 
27 108 0.0442477876106 
107 58 0.0657894736842 
51 45 0.0 
36 167 0.0 
47 119 0.0 
58 130 0.00709219858156 
93 38 0.0 
43 68 0.0 
124 115 0.0 
38 59 0.0153846153846 
96 0 0.0 
70 46 0.0344827586207 
51 21 0.0 
87 0 0.153846153846 
120 80 0.0 
67 136 0.013698630137 
79 62 0.012987012987 
67 60 0.013698630137 
85 0 0.0 
43 34 0.05 
58 64 0.0 
133 41 0.0 
256 132 0.0 
35 49 0.0 
37 0 0.0 
114 56 0.0 
79 15 0.0 
78 44 0.0 
48 51 0.0 
48 40 0.063829787234 
53 338 0.0 
117 133 0.025641025641 
26 87 0.0 
41 57 0.0 
45 76 0.0117647058824 
50 156 0.0 
48 37 0.0 
152 24 0.0 
48 132 0.00709219858156 
73 90 0.0291262135922 
45 64 0.0 
90 44 0.0 
48 107 0.0175438596491 
67 48 0.0 
28 133 0.0 
74 37 0.0 
37 90 0.0105263157895 
95 83 0.0 
31 52 0.0344827586207 
96 36 0.0 
132 0 0.0 
74 170 0.0054347826087 
42 35 0.0 
57 0 0.0 
60 66 0.0 
47 0 0.0 
42 82 0.0 
64 62 0.0138888888889 
73 40 0.0 
157 0 0.107142857143 
65 133 0.0 
55 116 0.0 
38 55 0.0 
49 0 0.0 
37 45 0.02 
39 70 0.0 
74 59 0.0 
27 38 0.0 
22 34 0.0 
68 0 0.0 
88 0 0.0 
41 51 0.0 
76 49 0.0 
113 48 0.0 
79 0 0.0 
18 46 0.0 
108 50 0.0142857142857 
57 232 0.00833333333333 
80 97 0.0900900900901 
48 40 0.0 
104 0 0.0 
17 39 0.0 
76 70 0.0123456790123 
111 47 0.0 
31 82 0.0 
13 123 0.0 
32 223 0.0263157894737 
106 0 0.0 
52 52 0.0 
39 65 0.0 
19 156 0.0251572327044 
58 113 0.0 
84 101 0.0172413793103 
23 203 0.0144927536232 
96 4 0.0 
29 212 0.0 
134 121 0.0201342281879 
37 56 0.0322580645161 
64 0 0.0 
16 41 0.0 
105 99 0.00833333333333 
83 43 0.0 
45 186 0.0456852791878 
41 22 0.0 
33 45 0.0 
21 59 0.0 
26 66 0.0 
80 304 0.0188679245283 
81 99 0.0 
47 86 0.0 
36 68 0.0 
53 211 0.0136363636364 
39 80 0.0 
60 148 0.0126582278481 
37 37 0.0 
83 232 0.0 
36 97 0.0873786407767 
21 37 0.0 
28 148 0.0 
116 14 0.0 
37 56 0.0322580645161 
58 102 0.0178571428571 
23 45 0.0 
154 89 0.0 
43 197 0.0343137254902 
85 175 0.0 
30 41 0.0 
98 153 0.0 
150 16 0.0 
33 230 0.021186440678 
53 52 0.015625 
117 198 0.0227272727273 
98 133 0.0392156862745 
76 16 0.0 
36 39 0.0 
65 203 0.0093896713615 
25 311 0.0031847133758 
37 70 0.0 
62 61 0.0 
40 50 0.0363636363636 
18 137 0.0 
40 60 0.0 
98 64 0.0 
26 175 0.0223463687151 
45 63 0.0 
75 108 0.0495867768595 
86 22 0.0 
40 131 0.00724637681159 
98 117 0.0 
80 154 0.0120481927711 
45 64 0.0 
35 196 0.00995024875622 
28 60 0.0 
61 253 0.00377358490566 
62 37 0.0 
18 125 0.0 
66 131 0.0 
68 107 0.0677966101695 
42 68 0.0133333333333 
35 81 0.0348837209302 
15 206 0.0382775119617 
53 191 0.00505050505051 
51 44 0.0 
61 140 0.0 
39 298 0.0 
36 97 0.0873786407767 
64 369 0.0131578947368 
141 56 0.0123456790123 
56 227 0.00851063829787 
18 41 0.0 
72 33 0.0 
77 50 0.0 
85 57 0.0281690140845 
123 215 0.0127118644068 
29 93 0.0 
32 96 0.019801980198 
24 155 0.0 
25 23 0.0 
93 221 0.0 
71 88 0.0 
54 154 0.0 
14 66 0.0 
45 267 0.0 
26 28 0.0 
41 132 0.0 
93 3 0.0 
65 24 0.0 
45 43 0.0 
155 0 0.0333333333333 
62 203 0.0234741784038 
56 419 0.0232018561485 
30 162 0.0 
46 40 0.0 
40 91 0.0 
217 217 0.0 
61 311 0.0216049382716 
144 144 0.0 
23 194 0.010152284264 
43 132 0.0 
102 151 0.0115606936416 
30 232 0.0042194092827 
66 109 0.0252100840336 
44 246 0.0119047619048 
33 151 0.0 
37 56 0.0322580645161 
35 137 0.00704225352113 
71 252 0.00749063670412 
60 79 0.0 
37 56 0.0322580645161 
137 130 0.038961038961 
50 52 0.0 
57 88 0.02 
106 50 0.0 
79 232 0.0123966942149 
51 138 0.0135135135135 
36 97 0.0873786407767 
112 60 0.0 
64 236 0.00806451612903 
45 374 0.00261096605744 
18 102 0.0 
51 200 0.0 
39 18 0.0 
52 38 0.0212765957447 
97 13 0.0322580645161 
41 0 0.0 
40 81 0.0229885057471 
35 265 0.00732600732601 
59 218 0.00444444444444 
26 126 0.00769230769231 
83 124 0.0223880597015 
129 347 0.0 
55 88 0.0 
49 35 0.0 
123 46 0.0 
60 75 0.0 
70 19 0.0 
48 32 0.0 
67 156 0.0178571428571 
98 140 0.00649350649351 
29 15 0.0 
47 181 0.0 
55 13 0.0 
130 160 0.00549450549451 
42 195 0.0197044334975 
75 145 0.0125786163522 
33 55 0.0 
39 85 0.0222222222222 
35 99 0.0 
82 131 0.0 
37 30 0.0 
43 199 0.0144230769231 
108 54 0.0 
40 111 0.0 
118 34 0.0 
96 51 0.0149253731343 
82 0 0.0 
27 169 0.0 
54 169 0.0 
113 360 0.0105263157895 
92 491 0.0337301587302 
58 546 0.00541516245487 
23 188 0.015625 
176 3 0.0 
105 29 0.0 
32 69 0.0 
70 639 0.00153374233129 
74 65 0.0 
30 225 0.017316017316 
69 112 0.008 
86 64 0.0 
68 91 0.029702970297 
79 65 0.0 
100 131 0.0198675496689 
111 36 0.0 
65 202 0.0093896713615 
84 298 0.00320512820513 
89 64 0.0 
104 2 0.0 
16 49 0.0 
37 56 0.0322580645161 
23 21 0.0 
54 52 0.0166666666667 
21 84 0.0 
72 53 0.0298507462687 
36 160 0.0 
50 31 0.0 
43 55 0.0161290322581 
58 496 0.0296442687747 
40 44 0.0 
46 87 0.0 
23 70 0.0135135135135 
58 221 0.0 
98 0 0.0 
37 43 0.0 
28 47 0.0188679245283 
32 193 0.00507614213198 
15 136 0.0 
70 214 0.0177777777778 
17 145 0.0 
131 98 0.0 
23 306 0.0129449838188 
31 83 0.0 
32 43 0.0 
57 40 0.0 
47 145 0.0263157894737 
17 40 0.0 
70 52 0.0 
91 150 0.00595238095238 
29 37 0.0 
48 51 0.0 
55 129 0.0 
131 53 0.0 
67 102 0.0 
46 43 0.0 
36 11 0.0 
112 74 0.0105263157895 
29 343 0.014367816092 
71 0 0.0 
94 176 0.0102564102564 
59 0 0.0 
34 32 0.0 
10 271 0.00367647058824 
19 78 0.0365853658537 
27 120 0.0 
17 40 0.0 
293 80 0.0 
70 81 0.0 
41 39 0.0 
196 0 0.0 
120 421 0.0 
107 346 0.00815217391304 
79 219 0.00862068965517 
35 20 0.0 
28 17 0.0 
40 49 0.0350877192982 
99 124 0.0 
35 168 0.0 
81 262 0.0108303249097 
75 105 0.0 
66 279 0.00692041522491 
51 0 0.0 
58 1010 0.0137120470127 
38 66 0.0138888888889 
19 159 0.0123456790123 
82 149 0.0 
51 66 0.012987012987 
50 144 0.0197368421053 
49 38 0.0 
92 326 0.0028901734104 
71 43 0.0 
43 91 0.0 
134 118 0.0140845070423 
158 574 0.0 
15 87 0.0222222222222 
54 271 0.00359712230216 
54 144 0.0 
105 16 0.0 
107 13 0.0322580645161 
18 35 0.0 
44 20 0.0 
53 498 0.0 
108 104 0.0 
53 861 0.0207134637514 
57 181 0.0157894736842 
81 252 0.0 
44 74 0.0 
45 25 0.0625 
75 134 0.0 
125 86 0.00900900900901 
69 18 0.0 
83 106 0.0 
29 95 0.0 
97 61 0.012987012987 
142 109 0.00751879699248 
18 60 0.0 
140 439 0.00642398286938 
34 103 0.00925925925926 
75 3 0.0666666666667 
33 37 0.047619047619 
40 251 0.0 
30 181 0.0 
104 154 0.0115606936416 
44 142 0.0 
94 163 0.010989010989 
176 331 0.0137741046832 
32 58 0.0307692307692 
36 155 0.01875 
36 164 0.0235294117647 
78 500 0.00194931773879 
159 283 0.0357142857143 
86 0 0.0 
34 77 0.0 
18 81 0.0238095238095 
40 71 0.0 
43 13 0.0 
20 15 0.0 
57 76 0.0117647058824 
60 86 0.0 
28 27 0.0 
39 117 0.00806451612903 
76 1964 0.0141700404858 
51 15 0.0 
42 46 0.0192307692308 
59 83 0.0 
45 60 0.0307692307692 
69 72 0.0120481927711 
24 87 0.010989010989 
32 148 0.0261437908497 
91 75 0.0113636363636 
48 443 0.0155902004454 
79 784 0.0337922403004 
60 68 0.0 
90 67 0.0119047619048 
72 167 0.0279329608939 
7 6 0.0 
36 151 0.0128205128205 
16 141 0.00689655172414 
35 24 0.0 
65 21 0.0 
48 33 0.0 
38 104 0.0 
50 32 0.025 
88 31 0.0 
159 512 0.00554528650647 
95 322 0.00591715976331 
52 320 0.0271903323263 
28 56 0.0 
46 92 0.0 
35 80 0.0235294117647 
67 31 0.0 
72 128 0.00699300699301 
116 48 0.0 
59 551 0.0124113475177 
61 77 0.0 
70 39 0.04 
57 56 0.046875 
104 59 0.0 
57 72 0.0 
54 185 0.0 
76 77 0.0 
106 48 0.0 
23 164 0.0119047619048 
34 44 0.0754716981132 
38 75 0.0 
79 467 0.002079002079 
68 91 0.029702970297 
14 113 0.0 
103 14 0.0625 
59 17 0.0 
33 285 0.0172413793103 
9 9 0.0 
23 53 0.0175438596491 
55 14 0.0 
84 264 0.0142348754448 
72 60 0.0547945205479 
48 60 0.013698630137 
77 504 0.0019267822736 
33 40 0.0425531914894 
69 228 0.0124481327801 
22 170 0.00571428571429 
49 159 0.0178571428571 
40 62 0.0 
77 83 0.0 
75 123 0.00735294117647 
44 102 0.0183486238532 
36 150 0.0128205128205 
29 104 0.045871559633 
52 388 0.0200501253133 
75 89 0.00990099009901 
43 0 0.0 
56 132 0.0428571428571 
32 73 0.0 
40 74 0.0 
32 84 0.0 
38 23 0.0 
53 130 0.036496350365 
72 32 0.0 
48 58 0.0 
62 242 0.0156862745098 
65 147 0.0316455696203 
47 40 0.0 
29 128 0.0 
61 39 0.0 
89 250 0.00740740740741 
71 149 0.0432098765432 
121 130 0.0 
28 409 0.0217391304348 
19 38 0.0 
65 323 0.00298507462687 
29 19 0.0 
41 128 0.0 
46 267 0.021897810219 
39 177 0.00546448087432 
59 304 0.0 
69 161 0.0113636363636 
53 143 0.0 
65 235 0.00813008130081 
58 106 0.0 
15 69 0.0 
82 133 0.00671140939597 
91 383 0.005 
96 357 0.0159574468085 
92 321 0.00297619047619 
70 119 0.015037593985 
36 193 0.015 
58 150 0.025 
71 0 0.0 
150 169 0.00515463917526 
36 97 0.0873786407767 
22 217 0.0 
40 81 0.0229885057471 
37 56 0.0322580645161 
7 25 0.0 
22 114 0.00854700854701 
31 80 0.0 
70 440 0.011135857461 
29 115 0.0 
41 33 0.0 
78 55 0.0 
38 175 0.0276243093923 
57 40 0.0 
39 118 0.04 
33 97 0.0 
148 82 0.00900900900901 
56 66 0.0 
30 56 0.0 
62 224 0.0 
27 447 0.00660792951542 
41 281 0.0103092783505 
32 34 0.0 
34 134 0.00719424460432 
42 97 0.00925925925926 
16 35 0.0 
42 35 0.0 
95 201 0.00925925925926 
40 26 0.0 
87 194 0.0 
41 22 0.0 
102 76 0.0 
18 276 0.0107913669065 
60 117 0.00769230769231 
37 56 0.0322580645161 
57 390 0.00992555831266 
47 88 0.0208333333333 
66 101 0.0 
89 98 0.0 
92 287 0.0 
61 210 0.0135135135135 
51 27 0.0 
37 286 0.0171821305842 
54 142 0.00666666666667 
51 100 0.0181818181818 
33 20 0.0 
34 164 0.0 
39 58 0.0 
86 161 0.0 
69 89 0.0196078431373 
49 95 0.0480769230769 
34 53 0.016393442623 
70 186 0.00505050505051 
33 144 0.0 
59 272 0.0106382978723 
71 274 0.0 
69 71 0.0235294117647 
69 157 0.00578034682081 
19 84 0.0 
185 69 0.0 
69 357 0.00271739130435 
32 160 0.0 
105 59 0.0 
78 250 0.00377358490566 
42 47 0.0 
38 26 0.125 
32 40 0.0 
128 136 0.00645161290323 
173 45 0.0133333333333 
51 535 0.00367647058824 
43 53 0.0 
62 257 0.0185873605948 
60 65 0.0133333333333 
69 13 0.0 
36 86 0.010989010989 
9 33 0.0571428571429 
101 13 0.03125 
95 283 0.0 
51 28 0.0 
84 243 0.0077519379845 
96 11 0.0 
29 43 0.0 
30 214 0.00456621004566 
87 13 0.0 
95 40 0.0 
25 45 0.0 
59 98 0.0 
65 222 0.00858369098712 
64 176 0.00540540540541 
32 108 0.0 
27 59 0.0 
19 44 0.0 
74 65 0.0 
17 156 0.00625 
130 29 0.0 
27 60 0.0 
49 64 0.0 
60 156 0.0 
61 164 0.0113636363636 
40 220 0.0 
56 164 0.0173410404624 
54 16 0.0 
58 137 0.027027027027 
146 85 0.0 
45 44 0.0 
62 238 0.0119521912351 
26 39 0.0 
34 106 0.00900900900901 
29 71 0.0 
69 150 0.0124223602484 
123 210 0.0174672489083 
29 232 0.00418410041841 
37 56 0.0322580645161 
63 110 0.0 
26 54 0.0175438596491 
55 48 0.0 
76 49 0.03125 
58 98 0.0183486238532 
130 72 0.0 
49 82 0.0 
27 87 0.0217391304348 
50 209 0.00925925925926 
49 89 0.0 
70 168 0.0 
76 41 0.0576923076923 
84 123 0.101449275362 
66 348 0.00274725274725 
80 43 0.0 
27 192 0.00510204081633 
67 95 0.0 
132 61 0.0 
69 427 0.0 
52 116 0.0 
37 84 0.0 
30 20 0.0 
17 76 0.0 
28 36 0.0 
56 187 0.00505050505051 
35 17 0.0 
62 308 0.003125 
49 56 0.0 
34 32 0.0 
19 39 0.0 
87 28 0.0 
50 311 0.0124223602484 
23 250 0.0117647058824 
55 209 0.0181818181818 
96 52 0.0298507462687 
57 181 0.0 
35 56 0.0 
102 43 0.0 
63 208 0.00921658986175 
72 179 0.00523560209424 
101 145 0.0 
50 206 0.0140845070423 
75 311 0.00306748466258 
61 108 0.0 
69 155 0.0059880239521 
50 399 0.002457002457 
47 196 0.00497512437811 
62 26 0.0 
54 5 0.0 
63 308 0.00630914826498 
54 95 0.0283018867925 
21 58 0.0 
44 29 0.0 
34 254 0.0307692307692 
25 69 0.0 
81 221 0.00847457627119 
46 79 0.0113636363636 
43 234 0.00826446280992 
31 71 0.0 
77 0 0.153846153846 
45 50 0.0 
65 83 0.0 
83 0 0.0 
83 124 0.0 
38 38 0.0222222222222 
51 121 0.0 
51 15 0.0 
107 106 0.0 
50 30 0.0 
42 105 0.0 
73 22 0.0 
93 38 0.0185185185185 
82 93 0.00925925925926 
60 163 0.0173410404624 
82 53 0.0 
86 194 0.00480769230769 
70 135 0.0206896551724 
28 59 0.0 
66 216 0.0304347826087 
29 29 0.0 
47 25 0.0 
57 34 0.0 
19 126 0.0381679389313 
131 192 0.0093023255814 
56 120 0.0 
26 72 0.0 
83 43 0.0 
102 82 0.0 
37 383 0.0179028132992 
112 27 0.0222222222222 
73 62 0.0 
91 292 0.0258064516129 
89 54 0.0 
32 103 0.00909090909091 
87 44 0.0 
43 81 0.0 
59 368 0.0 
61 14 0.0 
148 59 0.0 
40 71 0.0263157894737 
29 121 0.0 
44 143 0.0 
40 71 0.0263157894737 
39 33 0.0731707317073 
87 129 0.0 
80 33 0.0 
25 127 0.0 
60 55 0.030303030303 
25 31 0.0 
57 112 0.0 
18 59 0.0161290322581 
51 40 0.02 
35 23 0.0 
33 23 0.0 
48 88 0.03125 
45 234 0.0 
62 72 0.0 
74 176 0.0 
62 42 0.0 
58 51 0.0 
18 37 0.0243902439024 
96 304 0.0155279503106 
76 159 0.0 
61 94 0.0 
28 38 0.0 
85 96 0.00892857142857 
29 26 0.0 
35 152 0.0 
46 41 0.0 
53 26 0.0294117647059 
83 111 0.0234375 
83 190 0.00990099009901 
20 40 0.047619047619 
62 48 0.0 
37 56 0.0322580645161 
44 82 0.0444444444444 
54 30 0.0 
27 121 0.0 
84 16 0.0 
54 250 0.015444015444 
55 19 0.0 
20 48 0.0 
37 56 0.0322580645161 
61 256 0.00757575757576 
41 54 0.0483870967742 
40 71 0.0263157894737 
55 281 0.0207612456747 
71 351 0.00544959128065 
39 21 0.0 
76 288 0.0397350993377 
73 88 0.0 
68 61 0.0 
77 36 0.0 
31 102 0.0188679245283 
56 594 0.00331674958541 
25 93 0.0 
34 28 0.0625 
77 257 0.00369003690037 
74 26 0.0 
59 96 0.0190476190476 
42 83 0.0 
43 34 0.0 
52 1019 0.000973709834469 
81 86 0.00961538461538 
53 253 0.0152671755725 
65 201 0.00473933649289 
42 125 0.0 
97 0 0.0 
49 88 0.0 
47 38 0.0 
37 56 0.0322580645161 
35 49 0.0 
93 39 0.0 
31 109 0.00862068965517 
116 247 0.0 
39 37 0.0 
82 6 0.0 
52 49 0.0 
65 40 0.0 
127 371 0.00759493670886 
75 211 0.0222222222222 
55 285 0.0201342281879 
76 48 0.0 
44 39 0.0208333333333 
29 289 0.0271186440678 
40 292 0.0301003344482 
97 9 0.0 
52 101 0.0 
32 31 0.0 
46 78 0.0114942528736 
72 300 0.0448717948718 
28 119 0.0243902439024 
41 20 0.0 
29 26 0.0 
50 40 0.0 
80 7 0.0526315789474 
38 132 0.00724637681159 
70 0 0.0 
52 52 0.0625 
41 112 0.0 
42 43 0.0 
66 331 0.0410557184751 
40 381 0.00769230769231 
29 232 0.0127118644068 
125 92 0.00862068965517 
93 118 0.0 
138 124 0.0 
89 110 0.0 
53 50 0.0169491525424 
49 35 0.0 
82 44 0.0 
53 85 0.0 
47 594 0.0115702479339 
43 17 0.0 
46 16 0.0 
23 76 0.0 
28 46 0.02 
28 61 0.0 
44 184 0.00518134715026 
39 36 0.0 
49 138 0.02 
65 126 0.0144927536232 
55 15 0.0 
18 92 0.0105263157895 
100 62 0.0526315789474 
67 1557 0.0114722753346 
152 239 0.0148698884758 
25 29 0.0 
71 149 0.0 
51 24 0.0 
41 105 0.0 
130 96 0.0 
30 66 0.0142857142857 
72 50 0.0 
26 222 0.0132158590308 
74 83 0.0102040816327 
68 208 0.00462962962963 
45 44 0.0 
87 92 0.0 
42 105 0.0 
62 95 0.0384615384615 
56 138 0.0 
14 123 0.015873015873 
54 122 0.0 
68 80 0.0 
22 68 0.0140845070423 
123 328 0.0112994350282 
43 170 0.0 
49 61 0.0 
163 18 0.0 
34 394 0.00501253132832 
38 107 0.00884955752212 
37 56 0.0 
97 52 0.0 
34 161 0.0 
41 123 0.0 
49 163 0.00578034682081 
69 102 0.0178571428571 
88 76 0.0111111111111 
19 336 0.0176470588235 
29 35 0.0 
72 92 0.0291262135922 
44 88 0.0 
37 56 0.0322580645161 
26 31 0.0285714285714 
40 339 0.0114942528736 
23 181 0.00534759358289 
43 128 0.0 
67 117 0.0300751879699 
98 74 0.010989010989 
26 232 0.00836820083682 
26 34 0.0 
38 42 0.0 
33 67 0.0 
39 54 0.0169491525424 
33 49 0.0 
27 176 0.0111111111111 
90 16 0.0 
32 62 0.0289855072464 
21 68 0.0 
34 135 0.00714285714286 
80 162 0.0113636363636 
51 185 0.0 
13 144 0.0 
18 158 0.0186335403727 
108 0 0.0 
41 47 0.0 
63 86 0.0 
59 959 0.00103519668737 
79 96 0.0357142857143 
70 26 0.0 
75 63 0.0 
38 156 0.0 
37 71 0.0 
85 8 0.0 
57 18 0.0 
14 47 0.0 
40 81 0.0229885057471 
38 81 0.0 
25 254 0.00778210116732 
42 127 0.00757575757576 
50 51 0.0 
14 340 0.166180758017 
36 75 0.0 
85 5 0.0 
93 450 0.0 
73 224 0.00847457627119 
42 113 0.00833333333333 
70 107 0.136752136752 
57 156 0.0 
41 151 0.0188679245283 
77 178 0.0104712041885 
27 131 0.0217391304348 
62 44 0.0 
42 26 0.125 
47 194 0.00490196078431 
83 18 0.0 
78 239 0.0196078431373 
63 283 0.0171232876712 
17 85 0.0227272727273 
90 223 0.0 
100 15 0.0 
34 47 0.0 
210 45 0.0 
19 80 0.0 
69 41 0.0 
72 162 0.0 
42 26 0.0 
24 154 0.0254777070064 
31 57 0.0 
19 269 0.010989010989 
67 37 0.0 
20 48 0.0 
25 56 0.0 
43 47 0.0 
66 137 0.0 
14 100 0.00961538461538 
84 148 0.0 
13 24 0.0 
66 32 0.0 
23 149 0.0131578947368 
202 202 0.0 
49 21 0.0714285714286 
82 165 0.0497237569061 
44 93 0.0 
75 25 0.0 
84 14 0.0 
25 39 0.0 
95 276 0.0203389830508 
53 133 0.0214285714286 
46 389 0.00251889168766 
25 104 0.0 
56 154 0.0 
19 310 0.0031847133758 
37 146 0.0 
55 253 0.00381679389313 
68 428 0.00688073394495 
36 95 0.02 
89 612 0.00476947535771 
89 37 0.0 
18 33 0.0 
53 100 0.0 
25 200 0.00490196078431 
53 19 0.0344827586207 
47 62 0.0428571428571 
40 3 0.0 
68 76 0.0 
84 149 0.00617283950617 
135 270 0.00338983050847 
33 153 0.00625 
78 124 0.0 
59 125 0.0 
35 33 0.0 
101 0 0.0 
117 95 0.0 
69 26 0.0540540540541 
35 170 0.0114285714286 
83 197 0.00961538461538 
32 38 0.0232558139535 
38 236 0.0 
68 184 0.00507614213198 
61 100 0.0 
41 9 0.0 
18 65 0.0 
32 16 0.0 
28 78 0.0120481927711 
17 37 0.0 
70 94 0.00943396226415 
35 66 0.0 
42 257 0.00378787878788 
39 308 0.00630914826498 
35 87 0.0108695652174 
29 102 0.0285714285714 
42 105 0.0178571428571 
36 74 0.0253164556962 
60 169 0.00558659217877 
38 136 0.00704225352113 
69 174 0.0 
53 117 0.0 
123 157 0.0386740331492 
58 241 0.0118577075099 
39 116 0.0243902439024 
33 40 0.0 
47 104 0.0 
57 232 0.0 
74 26 0.0 
29 878 0.0 
40 12 0.05 
57 314 0.0030959752322 
44 43 0.0 
36 58 0.0151515151515 
88 97 0.0 
55 46 0.0 
71 153 0.0484848484848 
30 63 0.0 
64 0 0.0 
44 577 0.013698630137 
58 0 0.0 
54 94 0.0 
49 86 0.010752688172 
44 241 0.0890688259109 
19 0 0.25 
66 129 0.0141843971631 
81 145 0.0 
66 0 0.0 
98 54 0.027397260274 
49 23 0.0333333333333 
65 191 0.0298507462687 
52 26 0.0 
57 338 0.0549132947977 
100 378 0.0 
61 158 0.00584795321637 
53 34 0.0 
27 134 0.021897810219 
22 147 0.0134228187919 
96 0 0.0 
19 68 0.0 
64 150 0.0188679245283 
48 88 0.0 
31 42 0.0 
76 0 0.0 
29 37 0.0 
34 141 0.0 
57 0 0.0 
36 124 0.0 
53 63 0.0 
51 19 0.0 
277 0 0.0 
61 66 0.013698630137 
57 75 0.0 
16 0 0.0 
103 7 0.0 
50 39 0.0212765957447 
24 232 0.0 
20 71 0.027027027027 
43 114 0.0 
118 0 0.0 
56 0 0.0 
27 69 0.0138888888889 
50 0 0.222222222222 
43 77 0.0602409638554 
61 271 0.00354609929078 
19 56 0.0 
39 37 0.0222222222222 
30 31 0.0 
31 84 0.0224719101124 
48 0 0.0 
19 0 0.0 
39 82 0.0 
42 105 0.0267857142857 
34 68 0.0 
20 114 0.017094017094 
35 0 0.0 
53 0 0.0 
55 0 0.0 
79 198 0.00952380952381 
54 13 0.0 
79 127 0.0 
52 59 0.0 
18 46 0.0 
33 0 0.0 
78 107 0.0 
25 0 0.0 
75 209 0.0316742081448 
55 51 0.0 
41 69 0.0266666666667 
45 258 0.00757575757576 
80 0 0.0 
64 0 0.0 
30 0 0.2 
73 16 0.0 
27 0 0.0 
59 0 0.111111111111 
35 0 0.0 
49 0 0.0 
44 200 0.0765550239234 
32 23 0.0 
58 658 0.316816816817 
68 147 0.025641025641 
26 109 0.0 
34 0 0.142857142857 
75 127 0.0143884892086 
49 110 0.00847457627119 
11 35 0.0540540540541 
38 427 0.0115473441109 
24 81 0.0 
38 123 0.031007751938 
159 23 0.0 
132 0 0.0 
116 164 0.0 
60 197 0.0243902439024 
45 68 0.027397260274 
41 32 0.0 
97 0 0.0714285714286 
34 0 0.0 
120 42 0.0 
95 211 0.0130434782609 
57 133 0.0 
40 37 0.0238095238095 
32 325 0.0334346504559 
10 92 0.0215053763441 
26 76 0.0 
46 63 0.0 
28 69 0.0138888888889 
61 26 0.0 
28 25 0.0 
30 90 0.0106382978723 
26 105 0.0 
43 103 0.018018018018 
24 92 0.0 
17 0 0.0 
39 80 0.0 
78 6 0.0 
25 130 0.0225563909774 
109 42 0.0338983050847 
22 48 0.0 
67 271 0.0 
122 0 0.0526315789474 
29 0 0.166666666667 
58 23 0.0 
27 60 0.0 
53 0 0.0 
67 32 0.0 
40 34 0.0 
26 29 0.0 
40 63 0.0 
62 0 0.0 
88 38 0.0 
134 0 0.0 
78 0 0.0 
17 24 0.0 
66 102 0.0 
51 0 0.0 
155 0 0.0 
104 0 0.0 
107 0 0.157894736842 
41 107 0.0 
14 0 0.0 
127 10 0.0606060606061 
113 0 0.0 
56 85 0.0736842105263 
63 0 0.0 
32 145 0.0198675496689 
27 23 0.0 
41 49 0.0 
37 71 0.0 
55 56 0.0 
65 5 0.0 
14 96 0.020202020202 
119 3616 0.0214462469068 
41 147 0.00653594771242 
40 101 0.0277777777778 
66 0 0.0 
27 11 0.0 
45 0 0.0 
39 0 0.0 
47 123 0.0153846153846 
53 100 0.0818181818182 
85 298 0.0226537216828 
92 44 0.0 
44 71 0.0 
47 0 0.0 
85 112 0.0 
15 24 0.0 
49 0 0.111111111111 
21 43 0.108695652174 
107 119 0.0597014925373 
30 122 0.0472440944882 
35 21 0.0 
33 159 0.0 
43 103 0.018018018018 
28 145 0.00666666666667 
83 19 0.0 
25 71 0.0666666666667 
72 149 0.01875 
78 13 0.0 
54 412 0.0190476190476 
51 53 0.0 
61 416 0.0164705882353 
16 103 0.0 
88 21 0.0 
40 0 0.0 
48 0 0.0 
100 0 0.0 
44 0 0.0 
40 113 0.00819672131148 
71 74 0.0 
34 74 0.0 
47 0 0.0 
38 0 0.0 
63 92 0.0 
20 0 0.0 
51 44 0.0 
36 0 0.0 
94 129 0.0 
68 0 0.0 
19 98 0.049504950495 
58 80 0.0 
19 104 0.0 
110 140 0.00625 
37 140 0.013698630137 
42 85 0.0215053763441 
55 88 0.0 
36 12 0.0 
44 146 0.012987012987 
72 123 0.0 
66 7 0.0526315789474 
41 60 0.117647058824 
96 207 0.00896860986547 
76 59 0.0 
37 65 0.0 
24 117 0.0330578512397 
45 123 0.0157480314961 
42 85 0.0215053763441 
44 225 0.0 
89 0 0.0 
112 58 0.0649350649351 
49 187 0.0459183673469 
61 73 0.0114942528736 
50 72 0.0 
47 0 0.0 
47 44 0.0 
30 0 0.0 
83 0 0.0 
83 0 0.0 
30 386 0.0 
54 79 0.0 
89 220 0.0127659574468 
63 104 0.0442477876106 
60 80 0.0108695652174 
258 0 0.0 
35 162 0.0119047619048 
40 33 0.0 
91 0 0.0 
35 0 0.0 
155 11 0.0 
98 451 0.0683760683761 
52 109 0.0336134453782 
102 189 0.00980392156863 
24 108 0.00892857142857 
58 33 0.0 
29 57 0.0161290322581 
52 190 0.020202020202 
46 0 0.0 
59 62 0.0 
50 0 0.0 
73 89 0.0 
41 69 0.0 
76 0 0.0 
18 0 0.0 
22 114 0.00847457627119 
62 210 0.0720720720721 
20 0 0.0 
39 53 0.0 
79 446 0.0261437908497 
38 0 0.0 
97 95 0.027027027027 
107 133 0.0 
77 41 0.0 
38 365 0.0 
79 0 0.1 
60 96 0.12380952381 
33 45 0.0 
155 230 0.0 
43 103 0.018018018018 
27 84 0.0 
54 0 0.125 
52 159 0.0059880239521 
33 70 0.0 
67 75 0.0113636363636 
41 153 0.0379746835443 
55 180 0.0899470899471 
58 94 0.155339805825 
31 43 0.0 
43 37 0.0 
85 0 0.0 
166 0 0.0 
66 58 0.0147058823529 
53 46 0.0 
106 20 0.0294117647059 
93 18 0.0 
47 192 0.020202020202 
33 126 0.0 
43 103 0.018018018018 
43 74 0.0 
34 0 0.0 
38 0 0.0 
66 130 0.00714285714286 
82 123 0.0220588235294 
61 94 0.0 
35 265 0.0257352941176 
51 81 0.0116279069767 
129 5 0.0 
107 0 0.0 
39 85 0.0333333333333 
287 0 0.0 
42 85 0.0215053763441 
66 28 0.0 
37 87 0.0 
43 129 0.0220588235294 
81 118 0.0230769230769 
58 371 0.0105540897098 
64 0 0.0 
22 56 0.0847457627119 
78 92 0.0 
29 52 0.0 
45 0 0.0 
88 0 0.0666666666667 
64 14 0.0 
49 99 0.00934579439252 
88 0 0.0 
42 55 0.0 
46 0 0.0 
114 173 0.0260416666667 
37 95 0.156862745098 
37 112 0.034188034188 
24 159 0.0 
42 0 0.0 
259 0 0.0 
41 90 0.0103092783505 
48 44 0.0 
64 0 0.0 
59 126 0.0 
31 98 0.0194174757282 
31 220 0.0 
31 65 0.0142857142857 
88 0 0.0769230769231 
25 0 0.0 
63 83 0.010989010989 
39 38 0.0 
39 171 0.0 
48 46 0.0 
35 70 0.0133333333333 
37 50 0.0 
79 99 0.0614035087719 
20 24 0.0 
26 62 0.0 
46 28 0.0 
29 21 0.0 
19 41 0.0 
39 101 0.0 
34 0 0.0 
21 0 0.0 
44 88 0.0 
36 30 0.0 
66 0 0.0 
41 34 0.0 
13 52 0.0 
48 77 0.0 
75 113 0.031746031746 
40 117 0.0413223140496 
69 0 0.0 
71 0 0.0 
53 123 0.030303030303 
32 18 0.0 
33 77 0.0120481927711 
104 28 0.0909090909091 
89 14 0.0 
99 82 0.0 
114 292 0.0126582278481 
35 160 0.0239520958084 
108 166 0.0489130434783 
61 22 0.0 
60 0 0.0 
73 187 0.0 
58 0 0.0 
30 30 0.0 
19 27 0.0 
72 93 0.0190476190476 
53 74 0.0 
58 68 0.0 
55 73 0.0120481927711 
57 81 0.0 
65 0 0.0 
63 0 0.0769230769231 
74 103 0.0175438596491 
81 160 0.0229885057471 
25 49 0.0377358490566 
39 61 0.0 
57 142 0.00662251655629 
38 72 0.0 
62 0 0.0 
80 68 0.0823529411765 
17 98 0.0 
39 99 0.0 
22 365 0.0 
80 85 0.0 
36 35 0.0 
19 0 0.0 
75 0 0.0 
45 0 0.0 
25 76 0.0 
86 121 0.0148148148148 
17 29 0.0 
40 91 0.0 
49 74 0.0 
35 12 0.105263157895 
198 0 0.0512820512821 
65 0 0.0 
159 0 0.037037037037 
54 166 0.0113636363636 
40 27 0.0 
18 159 0.00617283950617 
37 108 0.0 
15 70 0.0 
14 0 0.0 
38 20 0.0 
45 169 0.0393258426966 
148 0 0.0 
26 21 0.0 
31 59 0.0 
69 120 0.00763358778626 
152 47 0.0 
20 63 0.0 
115 0 0.0588235294118 
89 174 0.0160427807487 
43 103 0.018018018018 
67 133 0.0211267605634 
33 164 0.0 
37 69 0.0135135135135 
27 102 0.0 
38 138 0.00694444444444 
76 0 0.0 
50 46 0.0 
35 73 0.0 
42 85 0.0215053763441 
40 0 0.0 
32 0 0.0 
41 0 0.0 
42 0 0.0 
45 35 0.05 
95 0 0.0 
22 93 0.0 
129 126 0.0 
22 0 0.0 
33 119 0.0 
75 138 0.0133333333333 
51 0 0.0 
17 80 0.0 
56 0 0.111111111111 
94 33 0.0 
59 60 0.0 
83 108 0.016393442623 
46 97 0.00961538461538 
256 0 0.0 
25 104 0.0185185185185 
36 67 0.0 
49 0 0.0 
77 0 0.0 
89 97 0.0 
53 156 0.00606060606061 
24 110 0.0442477876106 
74 0 0.0 
103 164 0.0 
42 70 0.0 
83 94 0.00917431192661 
28 69 0.0 
48 48 0.0 
150 343 0.00819672131148 
49 41 0.0 
103 211 0.0 
28 80 0.0 
35 95 0.00970873786408 
35 77 0.0602409638554 
47 114 0.0 
142 0 0.111111111111 
24 56 0.0 
53 236 0.0 
70 34 0.0 
98 125 0.0 
152 307 0.0 
32 158 0.0248447204969 
44 0 0.0 
36 126 0.0300751879699 
65 88 0.020202020202 
29 97 0.0 
39 18 0.0 
41 0 0.0 
144 0 0.0 
33 62 0.0 
117 431 0.00440528634361 
50 87 0.0309278350515 
52 159 0.00609756097561 
126 45 0.0 
63 51 0.015873015873 
130 0 0.05 
35 87 0.148936170213 
111 243 0.0224719101124 
55 170 0.0388888888889 
53 11 0.0 
88 144 0.0 
75 0 0.0 
49 170 0.0944444444444 
86 37 0.0 
18 165 0.0 
24 0 0.0 
37 124 0.0307692307692 
50 23 0.0 
41 100 0.0 
79 33 0.0 
56 0 0.0 
43 103 0.018018018018 
57 70 0.0128205128205 
32 84 0.0112359550562 
68 0 0.0 
98 29 0.0434782608696 
109 109 0.00793650793651 
49 217 0.00448430493274 
102 1161 0.000850340136054 
88 0 0.0666666666667 
33 96 0.0 
34 130 0.0 
33 49 0.0363636363636 
59 37 0.0 
47 232 0.00420168067227 
37 189 0.0357142857143 
32 63 0.0 
113 4 0.0 
53 0 0.0 
61 97 0.0185185185185 
45 0 0.0 
33 72 0.0 
30 7 0.0 
33 91 0.0102040816327 
37 47 0.0185185185185 
57 67 0.0 
77 63 0.0 
116 163 0.0111111111111 
36 84 0.0337078651685 
65 31 0.0 
51 361 0.0108108108108 
41 105 0.0 
57 84 0.0 
19 105 0.0 
83 34 0.0 
161 47 0.0135135135135 
42 21 0.0 
93 0 0.0 
70 145 0.0192307692308 
70 459 0.00422832980973 
30 45 0.0 
72 220 0.0 
28 0 0.0 
19 125 0.0077519379845 
49 10 0.0 
36 328 0.0299401197605 
32 35 0.0 
62 47 0.0 
39 84 0.0222222222222 
64 253 0.0306513409962 
43 35 0.0 
49 47 0.0 
44 86 0.0 
72 44 0.0 
28 63 0.0144927536232 
74 187 0.0150753768844 
63 78 0.0 
51 26 0.0 
35 50 0.0 
20 72 0.0266666666667 
36 71 0.025974025974 
78 0 0.0 
55 164 0.0 
39 40 0.0434782608696 
18 52 0.0 
61 125 0.102941176471 
61 31 0.0 
80 0 0.0 
77 125 0.021897810219 
27 53 0.0 
98 0 0.0588235294118 
77 0 0.0 
24 166 0.0117647058824 
75 57 0.0 
42 91 0.08 
31 166 0.00588235294118 
87 56 0.0 
19 0 0.0 
58 171 0.0 
66 0 0.0 
64 0 0.0 
27 17 0.0 
52 0 0.0 
96 90 0.0 
64 87 0.0 
54 75 0.0 
23 74 0.0 
15 156 0.0316455696203 
107 255 0.0037037037037 
49 0 0.0 
44 79 0.0 
120 101 0.0 
34 86 0.0 
72 0 0.1 
67 52 0.0 
69 0 0.0714285714286 
22 154 0.00636942675159 
30 48 0.0 
49 0 0.0 
24 209 0.0 
20 340 0.0 
54 325 0.0358208955224 
64 158 0.0236686390533 
37 147 0.0653594771242 
30 0 0.0 
40 148 0.0192307692308 
22 55 0.05 
28 167 0.0116959064327 
39 62 0.0 
48 0 0.0 
54 83 0.0 
81 593 0.0132890365449 
47 0 0.0 
29 38 0.046511627907 
60 0 0.0 
48 22 0.0 
54 99 0.00934579439252 
33 22 0.0 
67 151 0.0246913580247 
174 41 0.0 
86 93 0.00909090909091 
90 214 0.0129310344828 
99 0 0.0 
45 0 0.0 
41 0 0.0 
69 16 0.0 
28 74 0.0384615384615 
27 0 0.0 
98 0 0.0 
57 0 0.0 
74 38 0.0 
35 0 0.0 
43 0 0.0 
84 204 0.0 
63 208 0.0 
38 156 0.0426829268293 
75 0 0.0 
48 0 0.142857142857 
81 53 0.0 
70 160 0.0119047619048 
54 0 0.0 
44 65 0.0 
14 82 0.0 
37 177 0.0165745856354 
22 109 0.0446428571429 
32 727 0.0204918032787 
85 134 0.0 
87 67 0.0 
59 75 0.0 
88 86 0.0 
30 103 0.0 
53 0 0.222222222222 
22 73 0.0 
31 0 0.0 
43 67 0.0 
41 42 0.0 
97 253 0.0 
28 88 0.0217391304348 
50 100 0.0 
39 53 0.116666666667 
26 74 0.0 
39 50 0.0 
82 69 0.0 
49 0 0.0 
23 41 0.0 
61 63 0.0 
35 0 0.125 
20 235 0.00836820083682 
52 0 0.0 
26 25 0.0 
52 46 0.0 
54 223 0.017316017316 
56 0 0.0 
31 85 0.0333333333333 
21 145 0.0135135135135 
19 0 0.0 
44 51 0.0 
67 61 0.0 
41 49 0.0 
91 0 0.0 
35 145 0.0 
20 249 0.00396825396825 
55 240 0.0604838709677 
27 125 0.0538461538462 
44 94 0.0194174757282 
61 19 0.0 
64 0 0.125 
29 0 0.0 
50 71 0.0759493670886 
106 0 0.0 
53 0 0.0 
77 0 0.0 
32 42 0.0 
12 0 0.0 
66 32 0.0 
38 45 0.0 
86 42 0.0 
21 0 0.0 
54 240 0.00806451612903 
51 57 0.016393442623 
39 91 0.0 
34 153 0.0632911392405 
73 97 0.0 
23 0 0.0 
43 13 0.0 
39 49 0.0 
43 144 0.0933333333333 
69 0 0.0 
45 70 0.0 
29 78 0.0 
31 67 0.0 
86 28 0.0 
69 0 0.111111111111 
65 158 0.0 
67 284 0.0 
36 67 0.0 
59 0 0.0 
100 0 0.0588235294118 
30 81 0.0 
31 0 0.0 
78 124 0.0 
24 0 0.0 
19 84 0.0227272727273 
64 128 0.00735294117647 
88 104 0.0 
51 111 0.0 
66 195 0.0625 
40 106 0.0 
39 93 0.010101010101 
18 95 0.0 
4 33 0.0 
27 45 0.0 
40 0 0.0 
127 0 0.0909090909091 
68 0 0.0 
67 0 0.0 
34 92 0.0 
26 0 0.0 
68 83 0.0105263157895 
30 54 0.0 
86 105 0.00854700854701 
22 117 0.00819672131148 
83 10 0.0 
54 293 0.00662251655629 
26 67 0.0 
19 0 0.0 
42 59 0.0 
39 21 0.0 
53 0 0.166666666667 
38 0 0.0 
111 0 0.0 
26 392 0.0151515151515 
39 49 0.0 
59 150 0.0123456790123 
31 0 0.0 
47 104 0.036036036036 
21 95 0.0 
296 0 0.0727272727273 
53 172 0.032967032967 
27 77 0.0121951219512 
29 189 0.124352331606 
53 70 0.0 
42 22 0.0 
52 132 0.00704225352113 
88 40 0.0 
80 161 0.0 
91 0 0.0 
49 115 0.0 
52 0 0.0 
38 89 0.0104166666667 
29 52 0.0 
63 517 0.0209523809524 
34 75 0.0493827160494 
15 92 0.0 
97 176 0.0 
61 166 0.0171428571429 
35 0 0.0 
38 109 0.0172413793103 
283 0 0.0 
15 82 0.0 
124 0 0.0952380952381 
36 157 0.00613496932515 
85 0 0.0 
72 124 0.00729927007299 
26 45 0.0 
91 0 0.0 
73 63 0.0 
63 67 0.0 
89 115 0.0157480314961 
23 82 0.0117647058824 
100 0 0.0 
135 9 0.03125 
37 101 0.0 
37 23 0.0 
66 38 0.0 
64 136 0.0 
21 0 0.0 
178 0 0.0 
77 0 0.0 
37 519 0.0 
62 37 0.0 
65 45 0.0 
18 55 0.0677966101695 
53 237 0.0201612903226 
47 62 0.0140845070423 
43 0 0.0 
31 93 0.030612244898 
35 139 0.0486111111111 
34 174 0.0 
138 207 0.0 
50 109 0.0 
106 0 0.0 
189 0 0.0357142857143 
86 228 0.0121951219512 
21 347 0.0114285714286 
28 118 0.0573770491803 
48 223 0.00873362445415 
45 17 0.0 
42 291 0.0304054054054 
69 84 0.0 
89 20 0.0 
71 129 0.0 
24 15 0.0 
119 0 0.0 
63 35 0.0 
75 205 0.0045871559633 
22 59 0.0 
61 88 0.0 
46 159 0.0119760479042 
83 0 0.0 
62 0 0.0833333333333 
74 0 0.0 
42 180 0.0320855614973 
58 0 0.142857142857 
37 57 0.0 
68 0 0.0 
40 45 0.0 
33 133 0.00729927007299 
47 13 0.0 
36 168 0.0348837209302 
49 99 0.0 
45 26 0.0 
72 0 0.0 
31 40 0.0 
31 73 0.012987012987 
36 96 0.0 
85 204 0.00921658986175 
32 0 0.0 
161 0 0.0 
79 0 0.0 
42 85 0.0215053763441 
102 263 0.0107913669065 
98 203 0.0414746543779 
195 0 0.0 
76 44 0.0181818181818 
34 100 0.00934579439252 
35 48 0.0 
40 0 0.0 
290 0 0.12962962963 
43 233 0.0 
69 17 0.0 
70 37 0.0 
86 61 0.025974025974 
72 133 0.027972027972 
116 8 0.0 
56 23 0.0 
63 24 0.0 
109 249 0.0 
40 0 0.333333333333 
21 296 0.0100334448161 
57 0 0.0 
46 0 0.0 
60 121 0.00763358778626 
73 0 0.0 
39 49 0.0 
67 121 0.0 
129 0 0.0 
79 0 0.0714285714286 
63 24 0.0 
154 0 0.0 
73 110 0.00819672131148 
26 273 0.028880866426 
59 0 0.0 
18 66 0.0 
115 0 0.0 
277 0 0.0425531914894 
61 0 0.0 
24 117 0.025 
51 111 0.0 
46 79 0.0 
63 0 0.0 
47 0 0.0 
24 43 0.0 
43 0 0.0 
26 48 0.0 
66 181 0.0157068062827 
45 0 0.0 
58 75 0.0 
12 172 0.0229885057471 
128 250 0.003663003663 
65 117 0.0 
71 197 0.0048309178744 
49 99 0.0188679245283 
37 65 0.0138888888889 
53 311 0.0219435736677 
39 0 0.0 
25 32 0.0 
25 42 0.0 
91 0 0.142857142857 
56 74 0.0 
27 43 0.0416666666667 
72 149 0.0 
105 0 0.0 
86 76 0.0804597701149 
63 90 0.010101010101 
58 0 0.0 
28 157 0.00625 
42 85 0.0215053763441 
60 50 0.0 
33 96 0.0 
49 150 0.0 
20 0 0.0 
94 98 0.0178571428571 
93 0 0.0 
37 25 0.0606060606061 
53 71 0.0 
91 225 0.0 
46 157 0.0 
67 43 0.0 
75 0 0.0769230769231 
70 159 0.0 
20 0 0.0 
49 0 0.0 
40 275 0.0142348754448 
81 0 0.0 
47 70 0.012987012987 
15 17 0.0 
52 116 0.0 
84 30 0.0 
47 97 0.00934579439252 
73 146 0.0254777070064 
82 0 0.0 
53 66 0.0 
27 99 0.0 
73 40 0.0 
163 0 0.0434782608696 
81 0 0.0 
174 218 0.0 
43 103 0.018018018018 
99 78 0.0210526315789 
65 56 0.0294117647059 
37 0 0.0 
23 5 0.0 
26 0 0.0 
64 10 0.0 
47 65 0.027397260274 
43 0 0.0 
69 0 0.0 
32 206 0.0 
85 0 0.0 
16 9 0.0 
37 0 0.0 
11 0 0.0 
35 0 0.0 
51 6 0.0 
27 2 0.0 
11 0 0.0 
87 4 0.0 
20 0 0.0 
33 8 0.0 
107 0 0.0 
123 0 0.0416666666667 
21 0 0.25 
17 0 0.0 
46 3 0.0 
24 0 0.0 
52 7 0.0 
1 0 0 
34 2 0.0 
37 0 0.0 
15 0 0.0 
69 3 0.0 
8 0 0.0 
75 2 0.0 
46 6 0.0 
53 5 0.235294117647 
34 1 0.0 
40 0 0.0 
75 0 0.0 
49 1 0.0 
70 5 0.0 
39 7 0.0 
54 3 0.0 
21 3 0.0 
8 0 0.0 
34 0 0.0 
69 80 0.0 
54 7 0.0 
13 12 0.0 
61 0 0.0 
34 8 0.0 
72 9 0.0 
51 15 0.0416666666667 
32 3 0.0 
40 0 0.0 
67 0 0.0 
12 4 0.0 
18 1 0.0 
35 8 0.0 
18 64 0.0 
20 0 0.0 
7 20 0.0 
47 6 0.0 
70 11 0.0 
39 0 0.0 
6 24 0.0769230769231 
48 109 0.0 
45 6 0.0 
31 3 0.0 
25 0 0.0 
42 2 0.0 
23 43 0.0 
85 15 0.0 
46 3 0.0 
35 0 0.0 
33 4 0.0 
62 9 0.0 
62 0 0.0 
61 8 0.0 
52 0 0.0 
44 4 0.0 
38 2 0.0 
41 1 0.0 
13 0 0.0 
30 8 0.0 
56 79 0.0888888888889 
89 3 0.0 
8 0 0.0 
6 0 0.0 
55 0 0.0 
21 5 0.0 
35 306 0.00319488817891 
11 0 0.0 
62 4 0.0 
13 0 0.0 
26 6 0.0 
20 0 0.0 
27 35 0.0 
55 6 0.0 
81 0 0.0 
17 0 0.0 
9 0 0.0 
31 7 0.0 
69 5 0.0 
10 12 0.0 
34 2 0.0 
40 2 0.0 
25 0 0.0 
53 0 0.0 
44 0 0.0 
35 0 0.0 
40 0 0.0 
25 5 0.0 
24 2 0.0 
64 0 0.0 
70 0 0.0 
13 0 0.0 
35 0 0.0 
40 2 0.0 
23 0 0.0 
14 0 0.0 
49 5 0.0714285714286 
17 0 0.0 
20 0 0.0 
33 0 0.0 
29 5 0.0 
15 186 0.0 
39 0 0.125 
8 0 0.0 
43 5 0.0 
21 0 0.0 
37 6 0.0 
52 4 0.0 
52 5 0.0 
9 0 0.0 
47 41 0.0 
47 9 0.0 
18 0 0.0 
21 0 0.0 
65 7 0.0 
32 6 0.0 
21 5 0.0 
33 30 0.0 
62 1 0.0 
59 2 0.0 
22 5 0.0 
30 0 0.0 
40 9 0.0 
63 5 0.0 
53 5 0.0 
17 0 0.0 
26 6 0.0 
8 0 0.0 
33 50 0.0 
9 0 0.0 
18 0 0.0 
48 5 0.0 
51 1 0.0 
45 9 0.0 
39 0 0.0 
30 0 0.0 
54 5 0.0 
5 21 0.0 
10 0 0.0 
15 0 0.0 
41 5 0.0 
54 7 0.0 
41 3 0.0 
68 0 0.0 
39 2 0.0 
34 0 0.0 
17 5 0.0 
59 2 0.0 
41 5 0.0 
21 94 0.0 
75 5 0.0 
30 6 0.0 
49 1 0.0 
48 1 0.0 
28 49 0.0181818181818 
13 120 0.0 
46 0 0.0 
42 5 0.0 
63 12 0.0 
8 0 0 
65 5 0.0 
55 4 0.0 
12 0 0.0 
56 0 0.0 
71 5 0.0 
34 5 0.0 
39 0 0.0 
71 3 0.0 
25 2 0.0 
35 5 0.0 
32 24 0.0 
43 2 0.0 
65 17 0.0 
23 0 0.0 
40 0 0.0 
36 0 0.0 
15 5 0.0 
21 23 0.0 
97 0 0.0 
68 5 0.0 
68 1 0.0 
63 4 0.0 
46 2 0.0 
7 0 0.0 
35 5 0.0 
32 0 0.0 
35 0 0.0 
15 0 0.0 
10 0 0.0 
28 0 0.0 
12 0 0.0 
49 6 0.0 
16 0 0.0 
47 6 0.0 
34 12 0.0 
41 3 0.0 
16 0 0.0 
4 0 0.0 
65 0 0.0 
61 2 0.0 
44 10 0.0526315789474 
29 0 0.0 
83 2 0.0 
9 28 0.0 
37 0 0.0 
4 0 0.0 
27 0 0.0 
58 7 0.0 
5 0 0.0 
51 6 0.0 
82 9 0.0 
10 0 0.0 
84 0 0.0 
51 20 0.0 
40 10 0.0555555555556 
73 3 0.0 
37 4 0.0 
14 0 0.0 
66 24 0.0263157894737 
34 1 0.0 
43 2 0.0 
17 12 0.0 
50 42 0.0 
4 0 0.0 
47 1 0.0 
23 0 0.0 
62 4 0.0 
22 0 0.0 
24 0 0.0 
18 0 0.0 
27 0 0.0 
36 9 0.0 
41 74 0.0246913580247 
34 0 0.0 
113 229 0.0 
53 3 0.0 
42 5 0.0 
22 0 0.0 
74 3 0.0 
12 0 0.0 
91 35 0.0 
15 0 0.0 
57 4 0.0 
21 9 0.0 
26 0 0.0 
34 0 0.0 
74 0 0.0 
52 7 0.0 
77 2 0.0 
130 6 0.0322580645161 
21 13 0.0588235294118 
21 0 0.0 
14 0 0.0 
54 0 0.0 
44 11 0.0 
24 23 0.0 
23 0 0.0 
17 15 0.0 
47 2 0.0 
75 14 0.0 
13 0 0.0 
47 7 0.0 
73 9 0.0 
75 0 0.0 
1 0 0 
5 16 0.0 
20 8 0.0 
84 4 0.05 
44 5 0.0 
58 4 0.0 
32 2 0.0 
77 0 0.0 
38 0 0.0 
49 7 0.0 
43 4 0.0 
66 3 0.0 
24 0 0.0 
71 4 0.0 
18 0 0.0 
23 0 0.0 
29 2 0.0 
58 5 0.0 
36 7 0.0769230769231 
3 0 0.0 
58 2 0.0 
9 0 0.0 
88 0 0.0 
25 0 0.0 
22 4 0.1 
53 2 0.0 
55 3 0.0 
34 0 0.0 
33 0 0.0 
46 0 0.0 
87 0 0.0 
26 22 0.0 
78 0 0.0 
17 0 0.0 
65 0 0.0 
67 2 0.0 
9 0 0.0 
34 1 0.0 
34 3 0.0 
44 5 0.0 
38 12 0.0 
25 0 0.0 
11 0 0.0 
33 5 0.0 
60 1 0.0 
48 0 0.0 
42 0 0.0 
50 5 0.0 
24 5 0.0 
54 0 0.0 
35 0 0.0 
46 0 0.0 
53 7 0.0 
51 10 0.0 
58 3 0.0 
41 3 0.0 
28 11 0.0 
19 125 0.0 
65 13 0.0 
40 1 0.0 
9 143 0.0275862068966 
72 0 0.0 
25 0 0.0 
24 0 0.0 
30 8 0.0 
65 6 0.0 
74 0 0.0 
55 1 0.0 
64 8 0.0 
56 3 0.0 
47 9 0.0 
30 0 0.0 
87 1 0.0 
35 0 0.0 
42 0 0.0 
73 7 0.0 
25 0 0.0 
34 77 0.0 
46 8 0.235294117647 
39 2 0.0 
16 0 0.0 
25 0 0.0 
41 5 0.0 
40 7 0.0 
15 0 0.0 
20 4 0.0 
32 3 0.0 
43 2 0.0 
70 7 0.0 
42 12 0.0 
70 6 0.0 
28 5 0.0 
79 3 0.0 
25 0 0.0 
41 3 0.0 
68 6 0.0 
44 4 0.0 
35 0 0.0 
22 3 0.0 
65 4 0.0 
78 2 0.0 
40 5 0.0 
60 12 0.0 
94 4 0.0 
69 0 0.0 
53 2 0.0 
47 5 0.0 
131 5 0.0 
37 4 0.0 
23 4 0.0 
57 0 0.0 
38 7 0.0 
34 14 0.0 
69 0 0.0 
27 44 0.0 
14 0 0.0 
49 10 0.0 
58 6 0.0 
11 0 0.0 
52 5 0.0 
49 8 0.0 
15 0 0.0 
55 6 0.0 
75 6 0.0 
27 4 0.0 
35 1 0.0 
37 0 0.0 
50 18 0.0 
4 0 0.0 
34 0 0.0 
53 6 0.0 
73 12 0.0 
68 6 0.0 
9 0 0.0 
45 0 0.0 
31 0 0.0 
9 0 0.0 
55 2 0.0 
45 0 0.0 
19 21 0.0 
35 8 0.0 
58 0 0.0 
99 24 0.0 
28 8 0.0 
6 0 0.0 
31 7 0.0 
52 39 0.0208333333333 
29 0 0.0 
47 0 0.0 
54 0 0.0 
70 0 0.0 
37 2 0.0 
33 6 0.0 
8 4 0.0 
42 3 0.0 
69 4 0.0 
90 0 0.0 
33 0 0.0 
44 0 0.0 
53 1 0.0 
54 0 0.0 
16 0 0.0 
27 4 0.0 
29 7 0.0 
44 49 0.0 
51 5 0.0 
15 5 0.0 
4 0 0.0 
48 5 0.0 
38 0 0.0 
39 4 0.0833333333333 
6 10 0.0 
18 0 0.0 
17 0 0.0 
16 0 0.0 
26 0 0.0 
80 63 0.0 
29 0 0.0 
47 3 0.0 
42 4 0.0 
38 3 0.0 
32 2 0.0 
62 8 0.0 
33 3 0.0 
34 3 0.0 
47 5 0.0714285714286 
32 2 0.0 
65 0 0.0 
73 0 0.0 
9 0 0.0 
68 1 0.0 
44 137 0.0 
40 4 0.0 
20 6 0.0 
8 0 0.0 
27 0 0.0 
17 7 0.0 
22 0 0.0 
51 5 0.0 
33 7 0.0 
29 0 0.0 
49 0 0.0 
47 18 0.0 
63 5 0.0 
45 0 0.0 
10 0 0.0 
30 5 0.0 
39 0 0.0 
42 4 0.0 
70 0 0.0 
24 2 0.0 
21 0 0.0 
13 0 0.0 
77 8 0.0 
94 9 0.0 
55 0 0.0 
54 2 0.0 
51 0 0.0 
73 3 0.0 
35 56 0.0 
46 0 0.0 
31 3 0.0 
51 0 0.0 
41 4 0.0 
31 4 0.0 
23 0 0.0 
46 6 0.0 
18 8 0.0 
41 8 0.0 
46 0 0.0 
58 5 0.0 
31 8 0.0 
86 0 0.0 
72 1 0.0 
48 3 0.0 
11 13 0.0 
42 5 0.0 
40 4 0.0 
41 0 0.0 
87 1 0.0 
41 3 0.0 
27 0 0.0 
34 6 0.0 
37 3 0.0 
59 6 0.0 
54 9 0.0 
59 0 0.0 
21 0 0.0 
22 0 0.0 
40 8 0.0 
61 9 0.0 
97 42 0.0 
5 0 0.0 
63 5 0.0 
26 21 0.0 
80 0 0.0 
31 0 0.0 
34 2 0.0 
8 0 0.0 
65 1 0.0 
37 7 0.0 
45 1 0.0 
32 1 0.0 
33 0 0.0 
8 15 0.0 
37 15 0.0 
11 25 0.0 
63 8 0.0 
19 39 0.0 
29 0 0.0 
9 1 0.0 
9 0 0.0 
10 0 0.0 
66 5 0.0 
10 0 0.0 
28 0 0.0 
92 2 0.0 
28 38 0.0238095238095 
24 0 0.0 
71 51 0.0 
120 34 0.0 
45 6 0.0 
50 2 0.0 
18 0 0.0 
8 0 0.0 
30 2 0.0 
43 8 0.0 
14 0 0.0 
11 11 0.0 
38 7 0.0 
39 2 0.0 
86 13 0.0 
36 2 0.0 
13 0 0.0 
57 1 0.0 
52 0 0.0 
7 0 0.0 
96 5 0.0 
33 3 0.0 
30 4 0.0 
33 0 0.0 
132 7 0.0 
41 4 0.0 
6 0 0.0 
34 0 0.0 
74 5 0.0 
46 0 0.0 
55 3 0.0 
23 0 0.0 
45 4 0.0 
9 5 0.0 
32 2 0.0 
8 226 0.0131578947368 
30 4 0.0 
76 10 0.258064516129 
70 3 0.0 
37 0 0.0 
7 0 0.0 
68 6 0.0 
55 35 0.0 
22 2 0.0 
35 3 0.0 
43 0 0.0 
37 6 0.0 
15 0 0.0 
61 2 0.0 
66 36 0.0425531914894 
26 0 0.0 
28 9 0.125 
45 82 0.0 
34 0 0.0 
22 15 0.142857142857 
42 10 0.0 
17 43 0.0 
25 10 0.0 
21 0 0.0 
73 0 0.0 
39 11 0.0 
18 0 0.0 
35 0 0.0 
19 0 0.0 
30 3 0.0 
43 8 0.0 
40 7 0.0 
25 0 0.0 
45 3 0.0 
45 13 0.0 
74 3 0.0 
42 11 0.0 
14 0 0.0 
21 0 0.0 
29 0 0.0 
8 0 0.0 
36 1 0.0 
48 0 0.153846153846 
24 0 0.0 
7 0 0.0 
35 0 0.0 
58 6 0.0 
26 3 0.0 
41 2 0.0 
81 1 0.0526315789474 
38 9 0.0 
39 2 0.0 
72 4 0.0 
1 0 0 
21 0 0.25 
46 2 0.0 
59 9 0.0 
20 0 0.0 
45 3 0.0 
52 8 0.0 
55 0 0.0 
52 22 0.0 
20 7 0.0 
43 2 0.0 
131 0 0.04 
47 0 0.0 
52 6 0.0 
52 1 0.0 
66 7 0.0 
30 0 0.0 
50 2 0.0 
98 0 0.0 
84 4 0.0 
38 3 0.0 
42 2 0.0 
12 0 0.0 
61 1 0.0 
38 5 0.0 
93 0 0.0 
78 8 0.0 
40 0 0.0 
14 0 0.0 
270 0 0.02 
13 0 0.0 
46 0 0.0 
54 3 0.0 
43 2 0.0 
72 0 0.0 
22 0 0.0 
43 2 0.0 
72 4 0.0 
92 38 0.0 
46 5 0.0 
45 8 0.0 
57 2 0.0 
77 3 0.0 
21 0 0.0 
70 0 0.0 
53 5 0.0 
23 5 0.0 
112 8 0.0 
53 1 0.0 
41 10 0.0 
11 0 0.0 
29 0 0.0 
33 8 0.0 
45 8 0.0 
39 133 0.0 
34 4 0.0 
20 0 0.0 
32 4 0.0 
33 9 0.0 
6 0 0.0 
42 2 0.0 
103 10 0.0 
16 0 0.0 
31 11 0.0 
34 5 0.0 
35 1 0.0 
42 9 0.0 
61 4 0.0 
53 3 0.0 
40 3 0.0 
26 1 0.0 
167 3 0.0 
42 0 0.0 
7 0 0.0 
49 8 0.0 
7 0 0.0 
16 0 0.0 
32 67 0.0 
44 2 0.0 
54 0 0.0909090909091 
31 15 0.0 
20 8 0.0 
44 10 0.0 
57 1 0.0 
1 0 0 
9 0 0.0 
31 1 0.0 
63 3 0.0 
13 0 0.0 
35 0 0.0 
25 5 0.0 
84 0 0.0 
12 0 0.0 
44 0 0.0 
1 0 0 
22 5 0.0 
26 0 0.0 
47 115 0.0322580645161 
18 13 0.0 
1 0 0 
41 11 0.0 
17 0 0.0 
43 19 0.0 
29 1 0.0 
89 5 0.0 
52 32 0.0 
37 0 0.0 
10 23 0.0 
29 3 0.0 
31 0 0.0 
18 0 0.0 
127 2 0.0 
33 6 0.0 
22 3 0.0 
23 14 0.0 
59 8 0.0 
47 54 0.0 
10 0 0.0 
52 0 0.0 
38 0 0.125 
38 0 0.0 
32 5 0.0 
34 6 0.0 
79 33 0.0 
31 0 0.0 
36 3 0.0 
56 0 0.0 
37 0 0.0 
74 4 0.0 
53 9 0.0 
26 0 0.0 
20 0 0.0 
49 0 0.0 
44 11 0.0 
61 7 0.0 
55 0 0.0 
71 4 0.0 
26 8 0.0 
28 523 0.0113421550095 
19 0 0.0 
57 5 0.0 
30 3 0.0 
57 6 0.0 
30 6 0.0 
68 0 0.0 
20 0 0.0 
28 2 0.125 
51 3 0.0 
16 14 0.0 
61 11 0.0 
38 0 0.0 
47 7 0.0 
16 0 0.0 
60 33 0.0217391304348 
83 3 0.0 
51 1 0.0 
53 8 0.0 
38 2 0.0 
58 0 0.0 
56 5 0.0 
11 19 0.0 
13 0 0.0 
13 0 0.0 
2 0 0 
69 4 0.0 
42 0 0.0 
53 4 0.0 
35 2 0.0 
15 0 0.0 
13 0 0.0 
14 0 0.0 
74 5 0.0 
66 7 0.0 
34 1 0.0 
55 2 0.0 
52 5 0.0 
29 0 0.0 
22 0 0.0 
36 5 0.0 
39 0 0.0 
35 6 0.0 
41 0 0.0 
41 46 0.0 
21 0 0.0 
26 0 0.0 
13 29 0.0 
18 4 0.0 
46 7 0.0 
48 9 0.0555555555556 
50 0 0.0 
30 58 0.0 
30 0 0.0 
28 6 0.0 
37 8 0.0 
28 0 0.0 
16 0 0.0 
97 6 0.0 
17 0 0.0 
35 7 0.0 
19 0 0.0 
65 5 0.0 
24 0 0.0 
37 67 0.0 
48 7 0.0 
70 0 0.0 
40 2 0.0 
8 0 0.0 
21 4 0.0 
48 8 0.0 
23 0 0.0 
37 3 0.0 
40 122 0.0 
50 0 0.0 
12 0 0.0 
53 0 0.0 
18 7 0.0 
33 40 0.0 
38 4 0.0 
56 0 0.0 
12 0 0.0 
52 8 0.0 
22 0 0.0 
69 3 0.0 
8 0 0.0 
40 1 0.0 
46 0 0.142857142857 
28 41 0.0 
54 3 0.0 
13 0 0.0 
26 0 0.0 
25 6 0.0 
72 8 0.0 
54 0 0.0 
56 3 0.0 
39 7 0.0 
12 8 0.0 
58 5 0.0 
56 41 0.0 
42 0 0.0 
18 0 0.0 
31 0 0.0 
23 0 0.333333333333 
50 6 0.0 
98 0 0.0 
66 0 0.0 
42 5 0.0 
17 0 0.0 
37 7 0.0 
52 0 0.0 
40 2 0.0 
85 0 0.0526315789474 
52 4 0.0 
8 0 0.0 
9 0 0.0 
8 0 0.0 
37 3 0.0 
50 0 0.0 
42 1 0.0 
52 5 0.0625 
17 0 0.0 
12 17 0.0 
51 10 0.0 
42 15 0.0 
62 0 0.0 
29 23 0.0 
80 25 0.0 
33 0 0.0 
12 0 0.0 
19 40 0.0 
56 0 0.0 
114 0 0.0 
48 5 0.0 
9 0 0.0 
8 0 0.0 
47 7 0.0 
14 0 0.0 
67 9 0.0 
14 0 0.0 
64 13 0.0 
48 17 0.0 
42 37 0.0 
38 0 0.0 
64 0 0.0 
73 4 0.0 
33 64 0.0 
15 0 0.0 
68 20 0.0588235294118 
34 2 0.0 
31 0 0.0 
8 0 0.0 
68 5 0.0 
54 5 0.0 
46 3 0.0 
33 3 0.0 
30 143 0.0 
12 4 0.0 
30 3 0.0 
34 6 0.0 
13 91 0.0 
60 3 0.0 
28 0 0.0 
39 0 0.0 
42 5 0.0 
20 9 0.0 
150 4 0.0 
47 4 0.0 
23 0 0.0 
54 0 0.0 
32 2 0.0 
51 6 0.0 
83 10 0.0 
24 74 0.0 
28 0 0.0 
57 6 0.0 
33 0 0.0 
58 14 0.0 
31 1 0.0 
38 27 0.0 
43 140 0.00680272108844 
19 56 0.0 
45 59 0.0 
21 31 0.0 
47 27 0.0 
80 74 0.0 
45 218 0.0265486725664 
43 29 0.0512820512821 
121 26 0.0 
52 98 0.0 
60 21 0.0 
69 39 0.0576923076923 
32 145 0.046357615894 
23 63 0.0757575757576 
28 0 0.0 
39 76 0.0 
12 16 0.0 
49 13 0.0909090909091 
32 86 0.010752688172 
35 64 0.128571428571 
47 88 0.0 
9 27 0.0 
21 66 0.0142857142857 
37 12 0.0 
35 41 0.0 
49 126 0.0 
46 45 0.0925925925926 
10 110 0.00892857142857 
17 88 0.032967032967 
24 60 0.0 
75 0 0.142857142857 
50 133 0.0 
72 98 0.0 
75 340 0.0198300283286 
65 428 0.00228310502283 
40 2 0.0 
41 26 0.030303030303 
32 204 0.0625 
28 37 0.0 
35 65 0.0 
19 9 0.0 
21 49 0.0 
38 3 0.0909090909091 
41 137 0.00694444444444 
18 69 0.0138888888889 
21 116 0.0420168067227 
41 41 0.04 
70 68 0.0 
32 0 0.333333333333 
10 26 0.0 
16 44 0.0425531914894 
16 48 0.0576923076923 
15 29 0.121212121212 
27 36 0.0243902439024 
37 86 0.118279569892 
46 30 0.0 
36 6 0.0 
37 49 0.0727272727273 
8 0 0.0 
26 41 0.0434782608696 
122 212 0.0646551724138 
27 0 0.0 
25 96 0.0 
33 76 0.0246913580247 
8 32 0.0 
22 65 0.0285714285714 
74 285 0.0777027027027 
125 11 0.0 
35 52 0.0862068965517 
17 27 0.0666666666667 
48 100 0.00925925925926 
21 52 0.0363636363636 
84 91 0.0283018867925 
32 49 0.0 
69 0 0.0 
14 32 0.030303030303 
25 31 0.0 
49 83 0.0 
29 40 0.0 
55 58 0.275362318841 
34 61 0.0 
21 0 0.0 
22 0 0.2 
43 45 0.037037037037 
47 88 0.020618556701 
17 45 0.0 
16 158 0.0621118012422 
11 44 0.0434782608696 
17 30 0.030303030303 
13 33 0.0 
56 131 0.0 
10 19 0.0 
14 59 0.0645161290323 
28 50 0.0181818181818 
27 0 0.0 
37 73 0.0512820512821 
59 103 0.0173913043478 
74 52 0.044776119403 
23 6 0.0 
32 160 0.00606060606061 
17 43 0.0 
81 0 0.0 
31 26 0.0 
52 110 0.0 
16 25 0.0 
27 73 0.0131578947368 
18 24 0.0 
23 24 0.037037037037 
30 32 0.0 
34 39 0.0 
35 57 0.0 
15 41 0.0 
87 0 0.0 
67 52 0.0151515151515 
31 34 0.0 
69 0 0.0 
59 19 0.0740740740741 
57 151 0.0 
25 56 0.0491803278689 
47 23 0.0 
55 18 0.0 
48 27 0.0 
22 59 0.047619047619 
36 141 0.013698630137 
26 81 0.0235294117647 
64 46 0.0 
49 54 0.0 
58 29 0.0263157894737 
42 60 0.044776119403 
28 17 0.0 
44 56 0.287878787879 
23 0 0.0 
14 58 0.0 
73 0 0.0 
35 30 0.0526315789474 
23 91 0.0526315789474 
29 99 0.0294117647059 
38 23 0.0 
15 19 0.0454545454545 
21 18 0.217391304348 
40 70 0.0394736842105 
47 112 0.0409836065574 
22 32 0.0 
69 111 0.00806451612903 
56 69 0.0 
42 6 0.133333333333 
75 2 0.0 
85 0 0.111111111111 
33 55 0.0 
53 52 0.0 
31 26 0.0 
20 53 0.0 
29 22 0.037037037037 
47 53 0.301587301587 
20 44 0.0 
19 44 0.0 
18 71 0.0 
16 28 0.0 
20 0 0.0 
10 0 0.0 
45 37 0.0222222222222 
79 23 0.0 
102 126 0.013986013986 
35 43 0.0625 
41 37 0.0 
16 17 0.0952380952381 
40 235 0.00413223140496 
130 0 0.0 
21 122 0.0396825396825 
48 32 0.0 
25 49 0.0188679245283 
52 104 0.0 
27 55 0.0 
30 113 0.0508474576271 
15 60 0.031746031746 
46 0 0.2 
17 18 0.0952380952381 
40 50 0.0172413793103 
27 58 0.0645161290323 
21 27 0.0 
28 44 0.0 
39 112 0.0 
149 0 0.047619047619 
118 48 0.0289855072464 
102 43 0.0 
62 224 0.0213675213675 
26 42 0.0 
27 97 0.0392156862745 
29 86 0.0430107526882 
18 7 0.0 
46 0 0.0 
31 24 0.0 
17 26 0.0 
17 38 0.047619047619 
28 59 0.0615384615385 
157 0 0.0 
77 0 0.0 
45 72 0.0126582278481 
56 3 0.0 
26 70 0.0 
49 19 0.0344827586207 
56 161 0.00591715976331 
19 58 0.047619047619 
51 55 0.283582089552 
34 61 0.0441176470588 
26 61 0.030303030303 
26 37 0.0487804878049 
54 305 0.0191082802548 
42 182 0.00529100529101 
57 107 0.0254237288136 
49 42 0.078431372549 
37 32 0.0512820512821 
15 96 0.14 
59 121 0.0077519379845 
47 0 0.0 
15 41 0.0454545454545 
34 0 0.0 
35 120 0.0555555555556 
39 434 0.0725623582766 
45 41 0.0 
22 0 0.0 
28 68 0.0845070422535 
19 64 0.0 
26 116 0.0 
26 34 0.0 
14 42 0.0 
36 41 0.0 
50 19 0.0 
43 38 0.0 
39 0 0.0 
45 43 0.0204081632653 
40 188 0.0 
83 45 0.0483870967742 
50 413 0.0731132075472 
51 114 0.0564516129032 
49 0 0.0 
44 0 0.0 
33 41 0.0 
51 0 0.1 
36 29 0.0 
56 100 0.0 
33 18 0.08 
35 32 0.105263157895 
22 57 0.0327868852459 
65 27 0.025641025641 
9 32 0.0294117647059 
30 19 0.08 
82 0 0.0 
36 31 0.0 
47 23 0.0 
50 38 0.0 
28 21 0.0 
29 89 0.0 
20 25 0.0357142857143 
32 107 0.0614035087719 
17 108 0.0 
13 36 0.105263157895 
34 19 0.0416666666667 
18 35 0.0 
92 2 0.166666666667 
31 103 0.0 
49 11 0.0526315789474 
25 15 0.0555555555556 
8 57 0.0677966101695 
32 34 0.0 
31 17 0.0869565217391 
68 87 0.0 
78 0 0.0666666666667 
33 71 0.0 
57 0 0.0 
38 31 0.0 
15 50 0.037037037037 
74 0 0.0714285714286 
31 88 0.0 
60 0 0.0 
45 77 0.0120481927711 
98 28 0.102040816327 
56 20 0.0322580645161 
97 1 0.0 
8 49 0.0 
27 53 0.0701754385965 
17 34 0.0 
17 20 0.0 
7 23 0.04 
40 102 0.0 
53 98 0.0 
44 52 0.274193548387 
32 38 0.0 
43 0 0.111111111111 
61 66 0.0135135135135 
92 0 0.0 
32 158 0.0123456790123 
31 29 0.0 
60 52 0.15625 
37 87 0.0729166666667 
22 39 0.0 
40 35 0.0952380952381 
19 67 0.0 
95 87 0.019801980198 
43 35 0.0 
41 0 0.0 
51 0 0.222222222222 
29 5 0.0 
78 0 0.0 
27 39 0.0697674418605 
21 17 0.0 
29 0 0.0 
52 96 0.0 
58 230 0.0 
34 71 0.0 
90 0 0.0 
75 142 0.0 
32 57 0.0 
74 14 0.0 
25 51 0.0 
52 157 0.0 
50 41 0.0 
12 84 0.0232558139535 
27 58 0.0 
8 60 0.0322580645161 
44 42 0.0 
66 95 0.00961538461538 
112 0 0.0 
18 89 0.0434782608696 
20 27 0.0 
39 46 0.0 
10 17 0.0 
70 6 0.0555555555556 
33 23 0.0 
82 0 0.0588235294118 
42 78 0.0117647058824 
47 106 0.0701754385965 
59 0 0.166666666667 
33 14 0.05 
28 22 0.0 
54 49 0.0 
23 67 0.0704225352113 
34 42 0.0 
62 0 0.0 
27 26 0.0 
47 58 0.0 
16 103 0.0566037735849 
20 72 0.0 
74 54 0.0 
43 75 0.037037037037 
4 20 0.0 
43 70 0.0 
33 91 0.03125 
29 43 0.0 
66 4 0.0588235294118 
15 70 0.0675675675676 
19 36 0.0512820512821 
53 50 0.0 
22 104 0.0 
39 140 0.0738255033557 
26 50 0.0363636363636 
20 34 0.0769230769231 
49 90 0.0515463917526 
44 35 0.0681818181818 
36 67 0.0 
8 12 0.0714285714286 
41 65 0.013698630137 
31 7 0.0769230769231 
33 45 0.0576923076923 
51 0 0.0 
34 8 0.0 
58 6 0.166666666667 
58 51 0.0333333333333 
34 126 0.0 
19 41 0.0681818181818 
51 14 0.0 
23 30 0.0 
65 56 0.0 
18 271 0.0036496350365 
18 27 0.1875 
49 106 0.0 
29 95 0.131313131313 
61 0 0.0 
28 29 0.0 
41 42 0.0 
73 237 0.0161290322581 
40 75 0.0 
113 0 0.0952380952381 
22 37 0.0952380952381 
28 38 0.0 
58 97 0.018691588785 
29 52 0.0175438596491 
20 48 0.0 
56 11 0.0 
69 44 0.0 
49 40 0.0 
32 0 0.0 
51 0 0.0 
21 129 0.0 
43 62 0.0 
58 138 0.0 
25 72 0.157894736842 
14 106 0.0642201834862 
26 20 0.0 
29 56 0.0 
54 57 0.0 
43 77 0.0235294117647 
31 43 0.0 
39 48 0.0185185185185 
19 11 0.0 
46 79 0.0813953488372 
25 6 0.0 
39 55 0.0169491525424 
16 23 0.0 
22 95 0.0 
69 7 0.0 
19 98 0.029702970297 
66 36 0.0 
40 115 0.0495867768595 
31 138 0.020979020979 
31 33 0.025 
8 55 0.0526315789474 
30 40 0.0 
17 0 0.0 
14 24 0.0384615384615 
28 18 0.0 
25 93 0.0625 
24 36 0.0 
55 0 0.0 
45 53 0.0483870967742 
57 299 0.0324675324675 
18 10 0.0769230769231 
39 85 0.0 
34 148 0.0714285714286 
74 0 0.0 
7 41 0.046511627907 
11 92 0.0212765957447 
43 92 0.0 
44 0 0.0 
42 16 0.0 
74 156 0.0 
36 39 0.0 
226 0 0.0 
40 17 0.0 
50 23 0.0 
27 17 0.0 
47 12 0.0 
52 110 0.0 
40 26 0.0 
46 16 0.0 
45 48 0.0 
76 449 0.0 
29 77 0.0 
29 38 0.0 
9 22 0.0 
48 37 0.0 
40 199 0.00975609756098 
16 42 0.0454545454545 
41 43 0.0 
28 42 0.0 
16 67 0.12676056338 
49 0 0.0 
54 74 0.0120481927711 
43 63 0.0 
19 32 0.0 
35 14 0.05 
51 0 0.0 
21 31 0.0 
20 72 0.0133333333333 
68 0 0.0769230769231 
55 89 0.0 
63 21 0.0 
36 57 0.0952380952381 
24 51 0.0 
46 22 0.117647058824 
59 0 0.0909090909091 
39 15 0.0 
9 32 0.0588235294118 
41 38 0.0227272727273 
83 0 0.0 
10 46 0.0 
34 0 0.333333333333 
30 29 0.030303030303 
48 35 0.0238095238095 
37 41 0.06 
16 72 0.0266666666667 
26 0 0.0 
20 108 0.0810810810811 
50 50 0.0 
7 54 0.0 
42 47 0.0 
51 35 0.0 
103 23 0.0 
28 107 0.0442477876106 
69 56 0.0289855072464 
32 86 0.0869565217391 
16 121 0.0325203252033 
27 164 0.0 
34 6 0.0 
44 111 0.00854700854701 
56 45 0.0588235294118 
35 39 0.0 
81 41 0.0 
68 0 0.0 
22 113 0.00847457627119 
27 59 0.0 
45 0 0.0 
66 51 0.0 
71 0 0.0714285714286 
16 94 0.102040816327 
37 35 0.0487804878049 
21 46 0.122448979592 
26 37 0.0 
34 69 0.0 
53 65 0.0266666666667 
80 94 0.104761904762 
27 62 0.0298507462687 
42 89 0.0204081632653 
42 45 0.132075471698 
78 33 0.0 
32 92 0.020202020202 
55 110 0.0 
19 41 0.0 
19 250 0.00395256916996 
39 60 0.0441176470588 
19 14 0.0588235294118 
37 0 0.0 
50 55 0.30303030303 
25 86 0.0 
41 99 0.00961538461538 
11 24 0.0 
26 30 0.0 
20 44 0.0 
56 167 0.0558659217877 
9 7 0.111111111111 
84 77 0.0 
41 51 0.0689655172414 
51 58 0.289855072464 
28 93 0.0204081632653 
50 30 0.025641025641 
21 27 0.0645161290323 
20 47 0.0408163265306 
189 205 0.0550847457627 
30 53 0.0 
21 90 0.063829787234 
22 18 0.0952380952381 
30 29 0.0909090909091 
35 96 0.0194174757282 
26 0 0.0 
27 53 0.0350877192982 
18 36 0.025 
11 46 0.0 
49 0 0.181818181818 
43 0 0.0 
29 70 0.0 
39 31 0.027027027027 
76 49 0.0 
72 0 0.0833333333333 
21 13 0.0 
19 116 0.0 
47 2 0.181818181818 
40 37 0.0 
57 65 0.0 
34 18 0.173913043478 
94 106 0.0495867768595 
179 453 0.0225409836066 
55 30 0.0263157894737 
131 110 0.0143884892086 
27 27 0.0625 
54 47 0.0526315789474 
63 8 0.047619047619 
42 52 0.0 
20 47 0.0196078431373 
28 73 0.0779220779221 
17 28 0.0 
29 7 0.214285714286 
21 26 0.0689655172414 
30 53 0.0344827586207 
82 41 0.0 
40 80 0.0114942528736 
103 0 0.0714285714286 
19 46 0.0 
14 37 0.0 
24 25 0.0 
21 38 0.0952380952381 
34 43 0.0408163265306 
38 77 0.10843373494 
20 11 0.0625 
32 171 0.0 
29 82 0.0581395348837 
30 15 0.0 
87 61 0.0 
27 69 0.027027027027 
38 43 0.0833333333333 
20 42 0.0 
57 37 0.0 
34 11 0.0 
20 10 0.357142857143 
10 11 0.0 
43 86 0.0108695652174 
62 0 0.0 
37 3 0.1 
24 55 0.0338983050847 
36 46 0.0185185185185 
29 64 0.0289855072464 
14 26 0.172413793103 
14 87 0.0555555555556 
27 39 0.0454545454545 
29 18 0.0 
37 28 0.111111111111 
13 64 0.0 
25 37 0.0238095238095 
17 37 0.0 
74 80 0.0 
78 174 0.0108108108108 
16 43 0.0 
98 0 0.0 
23 72 0.0263157894737 
20 84 0.0 
40 27 0.114285714286 
62 9 0.111111111111 
48 61 0.0 
23 30 0.0 
125 0 0.0 
71 8 0.0 
45 0 0.142857142857 
49 0 0.0 
32 79 0.0459770114943 
26 12 0.0 
21 24 0.0357142857143 
20 231 0.0 
19 22 0.0 
44 34 0.0 
15 23 0.0384615384615 
49 20 0.0 
79 70 0.0 
28 56 0.0 
14 23 0.04 
52 120 0.0153846153846 
16 41 0.0 
20 46 0.0 
33 43 0.0 
40 73 0.0375 
39 84 0.0111111111111 
110 132 0.0264900662252 
16 13 0.0 
62 0 0.0 
51 82 0.0326086956522 
8 38 0.025 
57 0 0.0 
38 48 0.0 
42 122 0.0387596899225 
41 36 0.0 
12 30 0.03125 
29 167 0.0 
70 406 0.0695443645084 
24 99 0.0 
41 63 0.0 
81 17 0.0357142857143 
23 60 0.0153846153846 
16 30 0.0 
101 168 0.0 
30 275 0.010752688172 
55 17 0.0 
67 110 0.0241935483871 
42 45 0.0 
20 131 0.044776119403 
84 74 0.120879120879 
23 213 0.0324074074074 
58 0 0.0909090909091 
49 0 0.125 
32 38 0.0 
49 24 0.0322580645161 
45 72 0.0 
47 50 0.266666666667 
36 0 0.0 
9 63 0.0153846153846 
5 0 0.0 
48 77 0.0 
25 42 0.0217391304348 
23 77 0.0125 
31 38 0.0 
19 0 0.0 
12 22 0.0 
15 51 0.0 
37 33 0.0 
65 0 0.0 
51 45 0.0185185185185 
51 33 0.0 
41 48 0.0714285714286 
18 64 0.0 
74 61 0.0571428571429 
45 255 0.030534351145 
20 24 0.0 
22 81 0.0 
41 124 0.0 
35 61 0.0 
49 35 0.0 
69 15 0.0384615384615 
4 0 0.0 
80 25 0.025641025641 
18 76 0.0253164556962 
129 10 0.0 
49 37 0.0444444444444 
42 62 0.0 
25 53 0.0 
51 16 0.0416666666667 
55 0 0.0 
86 12 0.0 
44 122 0.0615384615385 
33 0 0.0 
56 23 0.0 
52 0 0.0 
30 107 0.0 
65 122 0.0 
40 33 0.0 
36 0 0.0 
69 9 0.0526315789474 
43 137 0.0347222222222 
30 198 0.0 
27 13 0.0588235294118 
58 0 0.0 
24 33 0.027027027027 
36 0 0.0 
41 0 0.142857142857 
47 0 0.0 
44 32 0.025 
20 36 0.0512820512821 
28 16 0.0 
49 49 0.0 
49 26 0.0 
15 66 0.0571428571429 
29 49 0.0 
34 60 0.0151515151515 
21 113 0.042735042735 
24 25 0.0 
59 60 0.0 
18 48 0.0 
48 128 0.0592592592593 
81 89 0.04 
60 16 0.107142857143 
65 0 0.0833333333333 
26 118 0.0 
8 28 0.133333333333 
28 53 0.155172413793 
20 79 0.0243902439024 
50 44 0.0 
32 272 0.04 
42 53 0.0344827586207 
26 73 0.0 
20 49 0.0 
41 31 0.0 
17 38 0.0487804878049 
38 6 0.0714285714286 
39 84 0.0888888888889 
9 52 0.0185185185185 
49 37 0.111111111111 
49 57 0.279411764706 
61 81 0.043956043956 
67 92 0.0196078431373 
39 12 0.0 
47 100 0.018018018018 
24 23 0.0740740740741 
45 26 0.0588235294118 
28 22 0.0 
25 20 0.0 
66 0 0.0909090909091 
38 172 0.0395480225989 
20 54 0.0172413793103 
41 48 0.0 
24 32 0.0 
25 51 0.0 
67 0 0.0 
36 67 0.0555555555556 
42 34 0.0 
25 0 0.0 
18 113 0.0 
28 90 0.0315789473684 
63 39 0.0 
64 177 0.0 
58 11 0.190476190476 
27 81 0.0119047619048 
64 73 0.0123456790123 
19 23 0.0 
82 70 0.0 
27 22 0.0 
53 58 0.0 
76 0 0.0 
69 134 0.0 
16 52 0.0 
26 0 0.25 
53 51 0.1 
48 29 0.0512820512821 
15 0 0.0 
17 41 0.0869565217391 
49 53 0.0 
42 76 0.0120481927711 
7 59 0.0166666666667 
45 27 0.0 
37 0 0.166666666667 
8 11 0.0769230769231 
17 55 0.051724137931 
30 59 0.0 
27 81 0.0 
50 164 0.00578034682081 
79 0 0.0 
15 77 0.0 
64 64 0.0 
39 182 0.0842105263158 
18 60 0.0 
37 670 0.0384615384615 
40 63 0.0704225352113 
31 20 0.08 
102 40 0.0 
25 31 0.0 
93 139 0.00645161290323 
36 44 0.18 
44 30 0.0526315789474 
29 16 0.0 
24 31 0.0 
97 109 0.00819672131148 
27 23 0.0 
9 21 0.0869565217391 
27 56 0.112903225806 
19 54 0.137931034483 
58 99 0.036036036036 
30 9 0.0 
30 20 0.037037037037 
9 22 0.0416666666667 
37 62 0.0294117647059 
71 14 0.0 
14 46 0.0816326530612 
265 0 0.037037037037 
35 32 0.0 
44 157 0.0 
57 59 0.0454545454545 
14 37 0.025 
68 4 0.0 
13 30 0.125 
114 0 0.0 
53 0 0.0 
32 91 0.0309278350515 
61 0 0.0 
44 11 0.0 
22 74 0.025974025974 
62 38 0.0 
20 36 0.0 
39 39 0.0 
89 0 0.0 
56 46 0.0526315789474 
18 69 0.0 
22 136 0.0357142857143 
88 0 0.0 
52 0 0.0 
24 29 0.03125 
38 3 0.0 
63 58 0.0 
15 40 0.136363636364 
34 33 0.0 
52 18 0.0344827586207 
81 0 0.0 
132 0 0.0 
45 92 0.0196078431373 
102 468 0.00824742268041 
46 22 0.0 
54 0 0.111111111111 
90 23 0.0 
34 55 0.0166666666667 
45 0 0.0 
52 30 0.0 
40 5 0.0 
78 26 0.0 
29 43 0.0 
19 18 0.047619047619 
13 51 0.037037037037 
95 59 0.0 
103 0 0.0714285714286 
66 38 0.06 
72 75 0.0 
32 2 0.0 
18 68 0.0972222222222 
76 49 0.0645161290323 
24 80 0.0 
16 24 0.0384615384615 
17 68 0.0277777777778 
32 49 0.0181818181818 
73 22 0.171428571429 
46 52 0.0327868852459 
18 52 0.0714285714286 
39 5 0.0 
53 78 0.0114942528736 
52 36 0.0222222222222 
25 40 0.0666666666667 
105 0 0.0 
12 44 0.0434782608696 
43 124 0.046511627907 
59 46 0.0 
9 24 0.0769230769231 
61 38 0.02 
28 46 0.0 
40 15 0.0909090909091 
20 253 0.0155642023346 
58 5 0.117647058824 
28 29 0.0857142857143 
36 35 0.119047619048 
72 11 0.125 
14 19 0.0 
30 40 0.0 
30 158 0.0617283950617 
87 0 0.0714285714286 
18 64 0.151515151515 
39 15 0.0434782608696 
11 23 0.04 
65 24 0.0 
44 18 0.0 
29 50 0.0 
12 40 0.0 
87 50 0.0 
48 21 0.0 
56 137 0.0205479452055 
42 66 0.0845070422535 
34 100 0.122641509434 
45 29 0.0 
82 53 0.0151515151515 
41 208 0.0281690140845 
60 68 0.012987012987 
22 80 0.0119047619048 
34 44 0.0 
18 24 0.0 
60 149 0.0188679245283 
181 138 0.100591715976 
26 87 0.0989010989011 
34 64 0.0142857142857 
91 44 0.031746031746 
25 30 0.0 
88 19 0.0 
76 57 0.0 
16 44 0.0833333333333 
30 83 0.149425287356 
8 24 0.0769230769231 
109 201 0.0045871559633 
21 30 0.0 
76 0 0.0 
30 89 0.031914893617 
35 0 0.0 
43 68 0.013698630137 
31 55 0.0666666666667 
84 0 0.0 
24 369 0.00267379679144 
19 26 0.0 
70 0 0.0 
18 64 0.0 
15 73 0.0133333333333 
15 86 0.0 
123 0 0.0 
53 289 0.0 
23 71 0.0 
28 94 0.0606060606061 
74 19 0.0 
46 11 0.05 
64 98 0.0 
53 0 0.1 
12 22 0.0 
58 43 0.0185185185185 
34 40 0.0217391304348 
16 53 0.0357142857143 
19 215 0.045871559633 
54 109 0.0 
48 56 0.283582089552 
24 49 0.0 
14 18 0.0909090909091 
15 1198 0.00249791840133 
91 0 0.0 
46 0 0.428571428571 
17 94 0.0412371134021 
27 0 0.0 
8 0 0.0 
119 0 0.047619047619 
61 80 0.010989010989 
7 27 0.0689655172414 
74 229 0.0331950207469 
61 69 0.0759493670886 
73 49 0.0983606557377 
46 13 0.0952380952381 
34 55 0.0161290322581 
41 79 0.0232558139535 
48 262 0.00735294117647 
64 75 0.0 
27 50 0.0 
35 12 0.0 
62 18 0.0322580645161 
48 114 0.0569105691057 
47 111 0.0 
48 80 0.0 
41 35 0.0 
32 36 0.0 
39 18 0.0 
34 30 0.0 
52 55 0.0625 
74 0 0.0909090909091 
21 54 0.0 
33 59 0.044776119403 
