10 0 0.0 
17 53 0.0 
13 168 0.0 
9 72 0.0246913580247 
11 46 0.0 
16 0 0.0 
3 37 0.0 
10 0 0.0 
12 0 0.333333333333 
26 88 0.0 
6 126 0.0 
5 51 0.0 
30 0 0.0 
13 55 0.0294117647059 
24 81 0.0 
14 42 0.0 
15 0 0.0 
7 74 0.0 
54 0 0.0185185185185 
4 36 0.0 
7 108 0.0 
15 0 0.0666666666667 
7 41 0.0416666666667 
16 93 0.0 
7 100 0.00934579439252 
9 28 0.0 
10 69 0.0506329113924 
15 41 0.0 
7 60 0.0149253731343 
14 109 0.0 
8 34 0.0 
22 139 0.0 
7 78 0.0 
4 101 0.0 
17 54 0.0 
9 48 0.0 
6 34 0.05 
10 30 0.0 
12 113 0.0 
6 120 0.0 
15 558 0.00523560209424 
17 40 0.0701754385965 
8 0 0.0 
20 67 0.0 
12 131 0.0 
17 60 0.0 
7 54 0.0 
12 51 0.0634920634921 
2 162 0.0 
11 45 0.0 
6 0 0.0 
8 76 0.0 
12 94 0.0 
11 98 0.0275229357798 
12 0 0.0833333333333 
6 69 0.0 
23 74 0.0 
12 174 0.00537634408602 
7 0 0.0 
8 286 0.0136054421769 
7 45 0.0 
4 226 0.0 
30 48 0.0 
4 190 0.0154639175258 
7 0 0.0 
14 92 0.0188679245283 
7 48 0.0 
8 72 0.025 
6 38 0.0227272727273 
6 72 0.0 
15 50 0.0 
5 84 0.0 
22 0 0.0 
10 71 0.0123456790123 
14 55 0.0289855072464 
19 113 0.00757575757576 
7 56 0.0 
19 39 0.0 
6 93 0.0 
6 48 0.0 
6 0 0.0 
7 93 0.0 
7 0 0.0 
5 107 0.0 
7 44 0.0 
12 50 0.0 
6 56 0.0 
8 1753 0.00738216922203 
7 91 0.0 
1 41 0.0 
40 0 0.0 
18 0 0.0555555555556 
8 153 0.0 
22 47 0.0 
13 122 0.00740740740741 
7 0 0.0 
8 0 0.0 
20 0 0.0 
11 110 0.0 
19 51 0.0 
12 0 0.0 
20 113 0.00751879699248 
9 145 0.0 
9 0 0.0 
8 34 0.0 
4 199 0.0 
7 57 0.015625 
9 275 0.0140845070423 
9 130 0.0 
20 63 0.0 
6 61 0.0149253731343 
19 394 0.0 
9 49 0.0 
13 44 0.0 
6 104 0.0 
20 171 0.0157068062827 
12 74 0.0 
5 0 0.0 
9 0 0.0 
12 0 0.0 
12 28 0.025 
15 0 0.0 
13 39 0.0 
34 101 0.00740740740741 
5 70 0.0 
4 46 0.0 
5 39 0.0 
16 67 0.0 
16 44 0.0166666666667 
5 100 0.0 
10 50 0.0 
6 89 0.0 
11 72 0.0 
4 95 0.040404040404 
9 61 0.0 
17 0 0.0 
3 51 0.0 
14 0 0.0 
11 71 0.0 
6 86 0.0108695652174 
13 73 0.0 
18 104 0.0 
7 89 0.0 
3 98 0.0 
21 62 0.0120481927711 
47 186 0.00858369098712 
12 0 0.0833333333333 
15 58 0.0 
7 595 0.0116279069767 
23 0 0.0 
8 0 0.0 
6 51 0.0175438596491 
26 0 0.0384615384615 
6 41 0.0 
7 37 0.0 
5 59 0.0 
20 79 0.010101010101 
5 59 0.0 
6 371 0.0026525198939 
17 0 0.0588235294118 
6 64 0.0 
22 129 0.00662251655629 
3 137 0.0 
13 47 0.0333333333333 
16 57 0.0 
7 43 0.0 
8 0 0.0 
12 430 0.00226244343891 
9 0 0.0 
9 254 0.0114068441065 
17 54 0.0 
26 58 0.0 
8 147 0.0322580645161 
8 0 0.0 
11 82 0.0 
7 91 0.0 
11 49 0.0 
14 81 0.0105263157895 
5 62 0.0 
6 177 0.0437158469945 
10 105 0.00869565217391 
7 93 0.0 
10 48 0.0 
13 55 0.0 
6 40 0.0217391304348 
13 57 0.0 
27 38 0.0 
9 158 0.0 
12 0 0.25 
2 37 0.0 
16 0 0.0625 
16 58 0.0 
7 68 0.0 
5 105 0.0181818181818 
3 37 0.0 
3 41 0.0 
7 62 0.0 
13 54 0.0 
28 41 0.0 
10 0 0.0 
12 64 0.0 
13 131 0.0138888888889 
3 419 0.00236966824645 
8 0 0.0 
8 83 0.010989010989 
7 63 0.0 
7 98 0.0 
5 85 0.0 
12 37 0.0 
14 77 0.010989010989 
8 56 0.0 
14 70 0.0 
5 91 0.0 
12 43 0.0 
7 83 0.0 
4 59 0.0 
9 229 0.0 
3 83 0.0 
17 383 0.0075 
14 45 0.0 
13 149 0.0 
15 52 0.0 
14 36 0.0 
13 157 0.0235294117647 
8 173 0.0110497237569 
6 61 0.0 
4 88 0.0 
20 0 0.0 
9 53 0.0161290322581 
9 0 0.222222222222 
3 0 0.0 
11 0 0.0 
13 69 0.0 
7 0 0.142857142857 
3 119 0.0 
46 0 0.0434782608696 
12 89 0.0 
15 0 0.0 
7 63 0.0 
3 41 0.0 
15 103 0.0254237288136 
15 107 0.0 
5 59 0.0 
12 74 0.0 
14 69 0.0 
14 65 0.0253164556962 
18 0 0.0 
10 65 0.0133333333333 
10 45 0.0 
9 54 0.0 
11 39 0.0 
11 90 0.0 
15 58 0.0 
7 101 0.00925925925926 
23 66 0.0 
8 83 0.0 
11 50 0.0 
22 160 0.0 
11 83 0.0 
7 0 0.0 
12 146 0.0 
10 65 0.0 
9 0 0.0 
8 101 0.0 
4 85 0.0224719101124 
10 36 0.0217391304348 
5 51 0.0 
19 661 0.0176470588235 
13 52 0.0461538461538 
7 97 0.0576923076923 
14 114 0.015625 
7 146 0.0 
27 0 0.0740740740741 
10 0 0.0 
11 113 0.0 
16 81 0.0 
5 39 0.0227272727273 
2 50 0.0 
7 71 0.0 
15 37 0.0 
20 67 0.0 
4 89 0.0 
15 47 0.0 
22 107 0.0 
27 60 0.0 
12 67 0.0 
31 39 0.0 
7 280 0.00696864111498 
3 37 0.0 
11 0 0.0 
10 0 0.0 
13 0 0.0 
9 0 0.0 
50 99 0.0 
7 41 0.0 
14 122 0.0 
21 40 0.0 
11 73 0.0 
6 37 0.0 
16 36 0.0192307692308 
4 46 0.0 
14 59 0.0 
10 0 0.0 
13 0 0.0 
16 56 0.0138888888889 
10 40 0.04 
31 0 0.0 
12 53 0.0307692307692 
18 44 0.0 
19 0 0.0 
3 43 0.0217391304348 
12 88 0.01 
13 60 0.0 
6 70 0.0 
14 0 0.0714285714286 
10 98 0.037037037037 
26 80 0.0 
43 86 0.093023255814 
21 51 0.0 
12 237 0.0 
11 39 0.0 
15 0 0.0 
7 497 0.00595238095238 
15 0 0.0666666666667 
15 58 0.0 
19 0 0.0 
10 0 0.0 
11 0 0.0 
9 45 0.0185185185185 
34 0 0.0 
26 0 0.0384615384615 
25 83 0.00925925925926 
9 204 0.0 
9 317 0.0122699386503 
28 0 0.0714285714286 
30 81 0.0 
8 0 0.125 
6 34 0.05 
15 0 0.0 
11 68 0.0253164556962 
26 53 0.0253164556962 
6 724 0.0013698630137 
26 481 0.0177514792899 
13 79 0.0 
3 37 0.05 
3 0 0.0 
14 206 0.00454545454545 
8 154 0.0 
16 54 0.0142857142857 
42 0 0.0238095238095 
19 286 0.00327868852459 
9 35 0.0 
5 0 0.0 
6 0 0.166666666667 
13 0 0.153846153846 
11 0 0.0 
9 0 0.0 
6 99 0.0 
6 58 0.0 
2 44 0.0 
12 61 0.0 
8 114 0.0 
7 137 0.00694444444444 
9 82 0.0 
6 110 0.0172413793103 
3 71 0.0 
6 95 0.0 
26 118 0.0138888888889 
5 63 0.0 
5 0 0.0 
20 30 0.0 
15 89 0.0 
23 84 0.018691588785 
9 0 0.0 
7 0 0.142857142857 
10 70 0.0 
10 61 0.0140845070423 
8 47 0.0545454545455 
7 86 0.0 
12 64 0.0 
5 65 0.0 
15 36 0.0 
11 76 0.0114942528736 
14 211 0.0 
16 54 0.0428571428571 
18 180 0.010101010101 
11 94 0.0 
16 68 0.0 
17 73 0.0 
4 47 0.0 
10 55 0.0 
22 251 0.0 
4 51 0.0 
16 0 0.0 
3 52 0.0181818181818 
8 83 0.0 
13 61 0.0 
14 50 0.015625 
12 57 0.0144927536232 
6 161 0.0119760479042 
16 145 0.00621118012422 
8 71 0.0253164556962 
13 40 0.0 
10 0 0.0 
6 202 0.00480769230769 
4 38 0.0238095238095 
11 92 0.0 
45 94 0.0 
2 60 0.0 
12 50 0.0 
13 96 0.0 
15 86 0.0 
7 0 0.0 
4 0 0.0 
9 36 0.0222222222222 
9 38 0.0 
7 0 0.0 
5 71 0.0 
32 0 0.0 
6 51 0.0 
8 68 0.0 
8 48 0.0 
15 64 0.0126582278481 
5 45 0.08 
8 62 0.0142857142857 
12 40 0.0 
11 47 0.0 
7 100 0.0 
12 1043 0.00568720379147 
12 38 0.0 
13 39 0.0 
4 124 0.0 
5 52 0.0 
19 68 0.0 
11 75 0.0 
8 228 0.0381355932203 
7 51 0.0 
16 56 0.0416666666667 
17 72 0.0337078651685 
8 176 0.0217391304348 
12 455 0.0 
2 73 0.0266666666667 
8 244 0.0238095238095 
17 55 0.0 
10 96 0.0377358490566 
10 48 0.0172413793103 
11 45 0.0178571428571 
15 47 0.0 
10 48 0.0 
4 71 0.0 
10 40 0.0 
14 47 0.0 
6 0 0.0 
9 73 0.0365853658537 
8 51 0.0169491525424 
3 58 0.016393442623 
6 34 0.05 
17 0 0.0 
18 173 0.0 
13 96 0.0 
4 92 0.0 
12 56 0.0147058823529 
11 45 0.0 
17 0 0.117647058824 
10 199 0.0478468899522 
11 0 0.0 
4 73 0.0 
14 40 0.0 
12 0 0.0 
10 105 0.0434782608696 
15 19 0.0 
10 80 0.0 
15 149 0.0 
27 111 0.0289855072464 
6 28 0.0 
7 109 0.0 
10 0 0.0 
11 0 0.0909090909091 
4 0 0.25 
7 52 0.0 
11 41 0.0 
15 97 0.0178571428571 
5 50 0.0363636363636 
12 0 0.0 
19 52 0.0 
11 61 0.0 
20 66 0.0 
9 0 0.0 
7 80 0.0229885057471 
6 318 0.0246913580247 
8 47 0.0 
6 0 0.0 
5 176 0.00552486187845 
9 92 0.00990099009901 
42 0 0.0238095238095 
16 136 0.0 
22 39 0.0 
9 110 0.0168067226891 
6 40 0.0 
14 50 0.0 
11 0 0.0909090909091 
12 0 0.0 
21 96 0.00854700854701 
12 48 0.0 
13 45 0.0 
8 107 0.0 
14 95 0.0183486238532 
14 129 0.0 
10 54 0.0 
9 57 0.030303030303 
5 53 0.0 
14 0 0.0 
5 108 0.0442477876106 
18 58 0.0657894736842 
10 45 0.0 
7 167 0.0 
8 119 0.0 
11 130 0.00709219858156 
15 38 0.0 
6 68 0.0 
23 115 0.0 
6 59 0.0153846153846 
16 0 0.0 
12 46 0.0344827586207 
8 21 0.0 
13 0 0.153846153846 
18 80 0.0 
10 136 0.013698630137 
15 62 0.012987012987 
13 60 0.013698630137 
15 0 0.0 
6 34 0.05 
8 64 0.0 
26 41 0.0 
43 132 0.0 
6 49 0.0 
7 0 0.0 
17 56 0.0 
12 15 0.0 
14 44 0.0 
5 51 0.0 
7 40 0.063829787234 
8 338 0.0 
23 133 0.025641025641 
4 87 0.0 
6 57 0.0 
9 76 0.0117647058824 
6 156 0.0 
6 37 0.0 
27 24 0.0 
9 132 0.00709219858156 
13 90 0.0291262135922 
8 64 0.0 
15 44 0.0 
7 107 0.0175438596491 
10 48 0.0 
4 133 0.0 
13 37 0.0 
5 90 0.0105263157895 
15 83 0.0 
6 52 0.0344827586207 
16 36 0.0 
20 0 0.0 
14 170 0.0054347826087 
8 35 0.0 
10 0 0.0 
8 66 0.0 
8 0 0.0 
9 82 0.0 
10 62 0.0138888888889 
11 40 0.0 
28 0 0.107142857143 
12 133 0.0 
10 116 0.0 
6 55 0.0 
9 0 0.0 
5 45 0.02 
7 70 0.0 
10 59 0.0 
5 38 0.0 
5 34 0.0 
11 0 0.0 
16 0 0.0 
7 51 0.0 
12 49 0.0 
19 48 0.0 
12 0 0.0 
3 46 0.0 
20 50 0.0142857142857 
8 232 0.00833333333333 
14 97 0.0900900900901 
9 40 0.0 
19 0 0.0 
4 39 0.0 
11 70 0.0123456790123 
19 47 0.0 
4 82 0.0 
2 123 0.0 
5 223 0.0263157894737 
15 0 0.0 
10 52 0.0 
7 65 0.0 
3 156 0.0251572327044 
10 113 0.0 
15 101 0.0172413793103 
4 203 0.0144927536232 
18 4 0.0 
6 212 0.0 
28 121 0.0201342281879 
6 56 0.0322580645161 
14 0 0.0 
3 41 0.0 
21 99 0.00833333333333 
16 43 0.0 
11 186 0.0456852791878 
7 22 0.0 
4 45 0.0 
3 59 0.0 
5 66 0.0 
14 304 0.0188679245283 
14 99 0.0 
6 86 0.0 
7 68 0.0 
9 211 0.0136363636364 
8 80 0.0 
10 148 0.0126582278481 
7 37 0.0 
16 232 0.0 
6 97 0.0873786407767 
4 37 0.0 
3 148 0.0 
17 14 0.0 
6 56 0.0322580645161 
10 102 0.0178571428571 
4 45 0.0 
28 89 0.0 
7 197 0.0343137254902 
18 175 0.0 
5 41 0.0 
18 153 0.0 
22 16 0.0 
6 230 0.021186440678 
12 52 0.015625 
22 198 0.0227272727273 
20 133 0.0392156862745 
12 16 0.0 
4 39 0.0 
10 203 0.0093896713615 
3 311 0.0031847133758 
5 70 0.0 
8 61 0.0 
5 50 0.0363636363636 
3 137 0.0 
9 60 0.0 
14 64 0.0 
4 175 0.0223463687151 
9 63 0.0 
13 108 0.0495867768595 
17 22 0.0 
7 131 0.00724637681159 
15 117 0.0 
12 154 0.0120481927711 
6 64 0.0 
5 196 0.00995024875622 
5 60 0.0 
12 253 0.00377358490566 
11 37 0.0 
2 125 0.0 
11 131 0.0 
11 107 0.0677966101695 
7 68 0.0133333333333 
5 81 0.0348837209302 
3 206 0.0382775119617 
7 191 0.00505050505051 
12 44 0.0 
9 140 0.0 
6 298 0.0 
6 97 0.0873786407767 
11 369 0.0131578947368 
25 56 0.0123456790123 
8 227 0.00851063829787 
3 41 0.0 
15 33 0.0 
13 50 0.0 
14 57 0.0281690140845 
21 215 0.0127118644068 
5 93 0.0 
5 96 0.019801980198 
4 155 0.0 
4 23 0.0 
19 221 0.0 
13 88 0.0 
9 154 0.0 
2 66 0.0 
7 267 0.0 
4 28 0.0 
6 132 0.0 
15 3 0.0 
12 24 0.0 
7 43 0.0 
30 0 0.0333333333333 
10 203 0.0234741784038 
12 419 0.0232018561485 
5 162 0.0 
9 40 0.0 
8 91 0.0 
39 217 0.0 
13 311 0.0216049382716 
29 144 0.0 
3 194 0.010152284264 
9 132 0.0 
22 151 0.0115606936416 
5 232 0.0042194092827 
10 109 0.0252100840336 
6 246 0.0119047619048 
7 151 0.0 
6 56 0.0322580645161 
5 137 0.00704225352113 
15 252 0.00749063670412 
9 79 0.0 
6 56 0.0322580645161 
24 130 0.038961038961 
12 52 0.0 
12 88 0.02 
16 50 0.0 
10 232 0.0123966942149 
10 138 0.0135135135135 
6 97 0.0873786407767 
20 60 0.0 
12 236 0.00806451612903 
9 374 0.00261096605744 
2 102 0.0 
7 200 0.0 
8 18 0.0 
9 38 0.0212765957447 
18 13 0.0322580645161 
10 0 0.0 
6 81 0.0229885057471 
8 265 0.00732600732601 
7 218 0.00444444444444 
4 126 0.00769230769231 
10 124 0.0223880597015 
26 347 0.0 
11 88 0.0 
10 35 0.0 
22 46 0.0 
12 75 0.0 
12 19 0.0 
8 32 0.0 
12 156 0.0178571428571 
14 140 0.00649350649351 
5 15 0.0 
9 181 0.0 
8 13 0.0 
22 160 0.00549450549451 
8 195 0.0197044334975 
14 145 0.0125786163522 
6 55 0.0 
5 85 0.0222222222222 
7 99 0.0 
15 131 0.0 
7 30 0.0 
9 199 0.0144230769231 
20 54 0.0 
7 111 0.0 
18 34 0.0 
16 51 0.0149253731343 
17 0 0.0 
5 169 0.0 
8 169 0.0 
20 360 0.0105263157895 
13 491 0.0337301587302 
8 546 0.00541516245487 
4 188 0.015625 
28 3 0.0 
20 29 0.0 
5 69 0.0 
13 639 0.00153374233129 
14 65 0.0 
6 225 0.017316017316 
13 112 0.008 
15 64 0.0 
10 91 0.029702970297 
13 65 0.0 
20 131 0.0198675496689 
22 36 0.0 
11 202 0.0093896713615 
14 298 0.00320512820513 
13 64 0.0 
16 2 0.0 
3 49 0.0 
6 56 0.0322580645161 
4 21 0.0 
8 52 0.0166666666667 
4 84 0.0 
14 53 0.0298507462687 
6 160 0.0 
9 31 0.0 
7 55 0.0161290322581 
10 496 0.0296442687747 
6 44 0.0 
8 87 0.0 
4 70 0.0135135135135 
11 221 0.0 
16 0 0.0 
7 43 0.0 
6 47 0.0188679245283 
4 193 0.00507614213198 
3 136 0.0 
11 214 0.0177777777778 
3 145 0.0 
20 98 0.0 
3 306 0.0129449838188 
5 83 0.0 
7 43 0.0 
11 40 0.0 
7 145 0.0263157894737 
3 40 0.0 
14 52 0.0 
18 150 0.00595238095238 
3 37 0.0 
8 51 0.0 
10 129 0.0 
20 53 0.0 
13 102 0.0 
8 43 0.0 
4 11 0.0 
21 74 0.0105263157895 
5 343 0.014367816092 
10 0 0.0 
19 176 0.0102564102564 
12 0 0.0 
7 32 0.0 
1 271 0.00367647058824 
4 78 0.0365853658537 
7 120 0.0 
2 40 0.0 
47 80 0.0 
10 81 0.0 
5 39 0.0 
34 0 0.0 
22 421 0.0 
22 346 0.00815217391304 
13 219 0.00862068965517 
7 20 0.0 
3 17 0.0 
8 49 0.0350877192982 
16 124 0.0 
5 168 0.0 
15 262 0.0108303249097 
14 105 0.0 
10 279 0.00692041522491 
9 0 0.0 
11 1010 0.0137120470127 
6 66 0.0138888888889 
3 159 0.0123456790123 
13 149 0.0 
11 66 0.012987012987 
8 144 0.0197368421053 
9 38 0.0 
20 326 0.0028901734104 
12 43 0.0 
5 91 0.0 
24 118 0.0140845070423 
32 574 0.0 
3 87 0.0222222222222 
7 271 0.00359712230216 
8 144 0.0 
19 16 0.0 
18 13 0.0322580645161 
2 35 0.0 
8 20 0.0 
10 498 0.0 
18 104 0.0 
8 861 0.0207134637514 
9 181 0.0157894736842 
11 252 0.0 
7 74 0.0 
7 25 0.0625 
11 134 0.0 
25 86 0.00900900900901 
9 18 0.0 
12 106 0.0 
5 95 0.0 
16 61 0.012987012987 
24 109 0.00751879699248 
3 60 0.0 
28 439 0.00642398286938 
5 103 0.00925925925926 
12 3 0.0666666666667 
5 37 0.047619047619 
5 251 0.0 
6 181 0.0 
19 154 0.0115606936416 
10 142 0.0 
19 163 0.010989010989 
32 331 0.0137741046832 
7 58 0.0307692307692 
5 155 0.01875 
6 164 0.0235294117647 
13 500 0.00194931773879 
25 283 0.0357142857143 
16 0 0.0 
6 77 0.0 
3 81 0.0238095238095 
8 71 0.0 
8 13 0.0 
2 15 0.0 
9 76 0.0117647058824 
12 86 0.0 
4 27 0.0 
7 117 0.00806451612903 
12 1964 0.0141700404858 
6 15 0.0 
6 46 0.0192307692308 
11 83 0.0 
5 60 0.0307692307692 
11 72 0.0120481927711 
4 87 0.010989010989 
5 148 0.0261437908497 
13 75 0.0113636363636 
6 443 0.0155902004454 
15 784 0.0337922403004 
11 68 0.0 
17 67 0.0119047619048 
12 167 0.0279329608939 
1 6 0.0 
5 151 0.0128205128205 
4 141 0.00689655172414 
5 24 0.0 
11 21 0.0 
8 33 0.0 
7 104 0.0 
8 32 0.025 
11 31 0.0 
29 512 0.00554528650647 
16 322 0.00591715976331 
11 320 0.0271903323263 
5 56 0.0 
7 92 0.0 
5 80 0.0235294117647 
11 31 0.0 
15 128 0.00699300699301 
17 48 0.0 
13 551 0.0124113475177 
10 77 0.0 
11 39 0.04 
8 56 0.046875 
18 59 0.0 
9 72 0.0 
9 185 0.0 
17 77 0.0 
17 48 0.0 
4 164 0.0119047619048 
9 44 0.0754716981132 
7 75 0.0 
14 467 0.002079002079 
10 91 0.029702970297 
2 113 0.0 
18 14 0.0625 
10 17 0.0 
5 285 0.0172413793103 
1 9 0.0 
4 53 0.0175438596491 
11 14 0.0 
17 264 0.0142348754448 
13 60 0.0547945205479 
13 60 0.013698630137 
15 504 0.0019267822736 
7 40 0.0425531914894 
13 228 0.0124481327801 
5 170 0.00571428571429 
9 159 0.0178571428571 
9 62 0.0 
14 83 0.0 
13 123 0.00735294117647 
7 102 0.0183486238532 
6 150 0.0128205128205 
5 104 0.045871559633 
11 388 0.0200501253133 
12 89 0.00990099009901 
9 0 0.0 
8 132 0.0428571428571 
7 73 0.0 
8 74 0.0 
5 84 0.0 
6 23 0.0 
7 130 0.036496350365 
17 32 0.0 
8 58 0.0 
13 242 0.0156862745098 
11 147 0.0316455696203 
9 40 0.0 
3 128 0.0 
10 39 0.0 
20 250 0.00740740740741 
13 149 0.0432098765432 
20 130 0.0 
5 409 0.0217391304348 
2 38 0.0 
12 323 0.00298507462687 
5 19 0.0 
7 128 0.0 
7 267 0.021897810219 
6 177 0.00546448087432 
13 304 0.0 
15 161 0.0113636363636 
9 143 0.0 
11 235 0.00813008130081 
11 106 0.0 
2 69 0.0 
16 133 0.00671140939597 
17 383 0.005 
19 357 0.0159574468085 
15 321 0.00297619047619 
14 119 0.015037593985 
7 193 0.015 
10 150 0.025 
12 0 0.0 
25 169 0.00515463917526 
6 97 0.0873786407767 
4 217 0.0 
6 81 0.0229885057471 
6 56 0.0322580645161 
2 25 0.0 
3 114 0.00854700854701 
5 80 0.0 
9 440 0.011135857461 
4 115 0.0 
6 33 0.0 
13 55 0.0 
6 175 0.0276243093923 
11 40 0.0 
7 118 0.04 
6 97 0.0 
29 82 0.00900900900901 
9 66 0.0 
6 56 0.0 
12 224 0.0 
7 447 0.00660792951542 
10 281 0.0103092783505 
4 34 0.0 
5 134 0.00719424460432 
11 97 0.00925925925926 
2 35 0.0 
4 35 0.0 
15 201 0.00925925925926 
7 26 0.0 
16 194 0.0 
7 22 0.0 
18 76 0.0 
2 276 0.0107913669065 
13 117 0.00769230769231 
6 56 0.0322580645161 
13 390 0.00992555831266 
8 88 0.0208333333333 
12 101 0.0 
18 98 0.0 
20 287 0.0 
12 210 0.0135135135135 
9 27 0.0 
5 286 0.0171821305842 
8 142 0.00666666666667 
10 100 0.0181818181818 
6 20 0.0 
5 164 0.0 
6 58 0.0 
16 161 0.0 
13 89 0.0196078431373 
9 95 0.0480769230769 
8 53 0.016393442623 
12 186 0.00505050505051 
6 144 0.0 
10 272 0.0106382978723 
15 274 0.0 
14 71 0.0235294117647 
16 157 0.00578034682081 
4 84 0.0 
36 69 0.0 
11 357 0.00271739130435 
6 160 0.0 
14 59 0.0 
15 250 0.00377358490566 
6 47 0.0 
6 26 0.125 
4 40 0.0 
19 136 0.00645161290323 
30 45 0.0133333333333 
9 535 0.00367647058824 
6 53 0.0 
12 257 0.0185873605948 
10 65 0.0133333333333 
10 13 0.0 
5 86 0.010989010989 
2 33 0.0571428571429 
19 13 0.03125 
19 283 0.0 
9 28 0.0 
15 243 0.0077519379845 
19 11 0.0 
5 43 0.0 
5 214 0.00456621004566 
17 13 0.0 
17 40 0.0 
3 45 0.0 
10 98 0.0 
11 222 0.00858369098712 
9 176 0.00540540540541 
4 108 0.0 
5 59 0.0 
3 44 0.0 
14 65 0.0 
4 156 0.00625 
26 29 0.0 
3 60 0.0 
11 64 0.0 
6 156 0.0 
12 164 0.0113636363636 
6 220 0.0 
9 164 0.0173410404624 
9 16 0.0 
11 137 0.027027027027 
20 85 0.0 
9 44 0.0 
13 238 0.0119521912351 
4 39 0.0 
5 106 0.00900900900901 
4 71 0.0 
11 150 0.0124223602484 
19 210 0.0174672489083 
7 232 0.00418410041841 
6 56 0.0322580645161 
11 110 0.0 
3 54 0.0175438596491 
12 48 0.0 
15 49 0.03125 
11 98 0.0183486238532 
20 72 0.0 
9 82 0.0 
5 87 0.0217391304348 
7 209 0.00925925925926 
9 89 0.0 
13 168 0.0 
11 41 0.0576923076923 
15 123 0.101449275362 
16 348 0.00274725274725 
15 43 0.0 
4 192 0.00510204081633 
13 95 0.0 
19 61 0.0 
13 427 0.0 
8 116 0.0 
8 84 0.0 
4 20 0.0 
3 76 0.0 
5 36 0.0 
11 187 0.00505050505051 
5 17 0.0 
12 308 0.003125 
8 56 0.0 
5 32 0.0 
4 39 0.0 
18 28 0.0 
11 311 0.0124223602484 
5 250 0.0117647058824 
11 209 0.0181818181818 
15 52 0.0298507462687 
11 181 0.0 
7 56 0.0 
18 43 0.0 
9 208 0.00921658986175 
12 179 0.00523560209424 
19 145 0.0 
7 206 0.0140845070423 
15 311 0.00306748466258 
10 108 0.0 
12 155 0.0059880239521 
8 399 0.002457002457 
5 196 0.00497512437811 
10 26 0.0 
11 5 0.0 
9 308 0.00630914826498 
11 95 0.0283018867925 
4 58 0.0 
6 29 0.0 
6 254 0.0307692307692 
3 69 0.0 
15 221 0.00847457627119 
9 79 0.0113636363636 
8 234 0.00826446280992 
4 71 0.0 
13 0 0.153846153846 
6 50 0.0 
10 83 0.0 
13 0 0.0 
14 124 0.0 
7 38 0.0222222222222 
9 121 0.0 
7 15 0.0 
15 106 0.0 
8 30 0.0 
6 105 0.0 
14 22 0.0 
16 38 0.0185185185185 
15 93 0.00925925925926 
10 163 0.0173410404624 
15 53 0.0 
14 194 0.00480769230769 
10 135 0.0206896551724 
5 59 0.0 
14 216 0.0304347826087 
5 29 0.0 
7 25 0.0 
9 34 0.0 
5 126 0.0381679389313 
23 192 0.0093023255814 
13 120 0.0 
3 72 0.0 
16 43 0.0 
21 82 0.0 
8 383 0.0179028132992 
18 27 0.0222222222222 
15 62 0.0 
18 292 0.0258064516129 
19 54 0.0 
7 103 0.00909090909091 
15 44 0.0 
7 81 0.0 
11 368 0.0 
9 14 0.0 
25 59 0.0 
5 71 0.0263157894737 
6 121 0.0 
8 143 0.0 
5 71 0.0263157894737 
8 33 0.0731707317073 
14 129 0.0 
14 33 0.0 
5 127 0.0 
11 55 0.030303030303 
4 31 0.0 
13 112 0.0 
3 59 0.0161290322581 
10 40 0.02 
4 23 0.0 
6 23 0.0 
8 88 0.03125 
8 234 0.0 
12 72 0.0 
11 176 0.0 
12 42 0.0 
8 51 0.0 
4 37 0.0243902439024 
18 304 0.0155279503106 
16 159 0.0 
13 94 0.0 
3 38 0.0 
16 96 0.00892857142857 
6 26 0.0 
8 152 0.0 
8 41 0.0 
8 26 0.0294117647059 
17 111 0.0234375 
12 190 0.00990099009901 
2 40 0.047619047619 
10 48 0.0 
6 56 0.0322580645161 
8 82 0.0444444444444 
9 30 0.0 
4 121 0.0 
15 16 0.0 
9 250 0.015444015444 
11 19 0.0 
3 48 0.0 
6 56 0.0322580645161 
8 256 0.00757575757576 
8 54 0.0483870967742 
5 71 0.0263157894737 
8 281 0.0207612456747 
16 351 0.00544959128065 
5 21 0.0 
14 288 0.0397350993377 
12 88 0.0 
13 61 0.0 
16 36 0.0 
4 102 0.0188679245283 
9 594 0.00331674958541 
3 93 0.0 
4 28 0.0625 
14 257 0.00369003690037 
12 26 0.0 
9 96 0.0190476190476 
6 83 0.0 
6 34 0.0 
8 1019 0.000973709834469 
18 86 0.00961538461538 
9 253 0.0152671755725 
10 201 0.00473933649289 
4 125 0.0 
20 0 0.0 
7 88 0.0 
9 38 0.0 
6 56 0.0322580645161 
4 49 0.0 
16 39 0.0 
7 109 0.00862068965517 
25 247 0.0 
6 37 0.0 
14 6 0.0 
8 49 0.0 
10 40 0.0 
24 371 0.00759493670886 
14 211 0.0222222222222 
13 285 0.0201342281879 
12 48 0.0 
9 39 0.0208333333333 
6 289 0.0271186440678 
7 292 0.0301003344482 
18 9 0.0 
9 101 0.0 
4 31 0.0 
9 78 0.0114942528736 
12 300 0.0448717948718 
4 119 0.0243902439024 
4 20 0.0 
3 26 0.0 
8 40 0.0 
12 7 0.0526315789474 
6 132 0.00724637681159 
12 0 0.0 
12 52 0.0625 
7 112 0.0 
7 43 0.0 
10 331 0.0410557184751 
9 381 0.00769230769231 
4 232 0.0127118644068 
24 92 0.00862068965517 
18 118 0.0 
19 124 0.0 
19 110 0.0 
9 50 0.0169491525424 
9 35 0.0 
15 44 0.0 
12 85 0.0 
11 594 0.0115702479339 
6 17 0.0 
8 16 0.0 
4 76 0.0 
4 46 0.02 
3 61 0.0 
9 184 0.00518134715026 
5 36 0.0 
12 138 0.02 
12 126 0.0144927536232 
11 15 0.0 
3 92 0.0105263157895 
14 62 0.0526315789474 
12 1557 0.0114722753346 
30 239 0.0148698884758 
3 29 0.0 
12 149 0.0 
13 24 0.0 
8 105 0.0 
25 96 0.0 
4 66 0.0142857142857 
13 50 0.0 
5 222 0.0132158590308 
15 83 0.0102040816327 
8 208 0.00462962962963 
6 44 0.0 
17 92 0.0 
7 105 0.0 
9 95 0.0384615384615 
10 138 0.0 
3 123 0.015873015873 
7 122 0.0 
10 80 0.0 
3 68 0.0140845070423 
26 328 0.0112994350282 
9 170 0.0 
8 61 0.0 
33 18 0.0 
5 394 0.00501253132832 
6 107 0.00884955752212 
5 56 0.0 
17 52 0.0 
4 161 0.0 
9 123 0.0 
10 163 0.00578034682081 
10 102 0.0178571428571 
14 76 0.0111111111111 
4 336 0.0176470588235 
4 35 0.0 
11 92 0.0291262135922 
8 88 0.0 
6 56 0.0322580645161 
4 31 0.0285714285714 
9 339 0.0114942528736 
6 181 0.00534759358289 
6 128 0.0 
16 117 0.0300751879699 
17 74 0.010989010989 
7 232 0.00836820083682 
5 34 0.0 
7 42 0.0 
3 67 0.0 
5 54 0.0169491525424 
5 49 0.0 
4 176 0.0111111111111 
14 16 0.0 
7 62 0.0289855072464 
3 68 0.0 
5 135 0.00714285714286 
14 162 0.0113636363636 
8 185 0.0 
2 144 0.0 
3 158 0.0186335403727 
21 0 0.0 
7 47 0.0 
9 86 0.0 
7 959 0.00103519668737 
16 96 0.0357142857143 
11 26 0.0 
13 63 0.0 
6 156 0.0 
5 71 0.0 
14 8 0.0 
9 18 0.0 
2 47 0.0 
6 81 0.0229885057471 
7 81 0.0 
3 254 0.00778210116732 
5 127 0.00757575757576 
7 51 0.0 
3 340 0.166180758017 
7 75 0.0 
14 5 0.0 
14 450 0.0 
12 224 0.00847457627119 
7 113 0.00833333333333 
10 107 0.136752136752 
8 156 0.0 
8 151 0.0188679245283 
13 178 0.0104712041885 
7 131 0.0217391304348 
11 44 0.0 
6 26 0.125 
10 194 0.00490196078431 
14 18 0.0 
16 239 0.0196078431373 
9 283 0.0171232876712 
3 85 0.0227272727273 
13 223 0.0 
23 15 0.0 
5 47 0.0 
40 45 0.0 
4 80 0.0 
12 41 0.0 
14 162 0.0 
8 26 0.0 
3 154 0.0254777070064 
4 57 0.0 
4 269 0.010989010989 
9 37 0.0 
3 48 0.0 
3 56 0.0 
7 47 0.0 
9 137 0.0 
4 100 0.00961538461538 
16 148 0.0 
3 24 0.0 
15 32 0.0 
3 149 0.0131578947368 
43 202 0.0 
7 21 0.0714285714286 
16 165 0.0497237569061 
8 93 0.0 
13 25 0.0 
15 14 0.0 
4 39 0.0 
19 276 0.0203389830508 
7 133 0.0214285714286 
8 389 0.00251889168766 
3 104 0.0 
12 154 0.0 
4 310 0.0031847133758 
8 146 0.0 
9 253 0.00381679389313 
8 428 0.00688073394495 
5 95 0.02 
17 612 0.00476947535771 
15 37 0.0 
4 33 0.0 
6 100 0.0 
4 200 0.00490196078431 
10 19 0.0344827586207 
8 62 0.0428571428571 
7 3 0.0 
10 76 0.0 
13 149 0.00617283950617 
25 270 0.00338983050847 
7 153 0.00625 
13 124 0.0 
10 125 0.0 
4 33 0.0 
17 0 0.0 
18 95 0.0 
11 26 0.0540540540541 
5 170 0.0114285714286 
11 197 0.00961538461538 
5 38 0.0232558139535 
6 236 0.0 
13 184 0.00507614213198 
10 100 0.0 
7 9 0.0 
3 65 0.0 
6 16 0.0 
5 78 0.0120481927711 
3 37 0.0 
12 94 0.00943396226415 
6 66 0.0 
7 257 0.00378787878788 
9 308 0.00630914826498 
5 87 0.0108695652174 
3 102 0.0285714285714 
7 105 0.0178571428571 
5 74 0.0253164556962 
10 169 0.00558659217877 
6 136 0.00704225352113 
14 174 0.0 
12 117 0.0 
24 157 0.0386740331492 
12 241 0.0118577075099 
7 116 0.0243902439024 
5 40 0.0 
8 104 0.0 
11 232 0.0 
12 26 0.0 
6 878 0.0 
8 12 0.05 
9 314 0.0030959752322 
6 43 0.0 
8 58 0.0151515151515 
14 97 0.0 
8 46 0.0 
12 153 0.0484848484848 
4 63 0.0 
10 0 0.0 
7 577 0.013698630137 
9 0 0.0 
9 94 0.0 
7 86 0.010752688172 
6 241 0.0890688259109 
4 0 0.25 
12 129 0.0141843971631 
13 145 0.0 
10 0 0.0 
19 54 0.027397260274 
7 23 0.0333333333333 
10 191 0.0298507462687 
7 26 0.0 
8 338 0.0549132947977 
19 378 0.0 
13 158 0.00584795321637 
10 34 0.0 
3 134 0.021897810219 
2 147 0.0134228187919 
20 0 0.0 
4 68 0.0 
9 150 0.0188679245283 
7 88 0.0 
5 42 0.0 
11 0 0.0 
5 37 0.0 
5 141 0.0 
12 0 0.0 
5 124 0.0 
10 63 0.0 
8 19 0.0 
36 0 0.0 
7 66 0.013698630137 
9 75 0.0 
3 0 0.0 
17 7 0.0 
8 39 0.0212765957447 
3 232 0.0 
3 71 0.027027027027 
7 114 0.0 
19 0 0.0 
8 0 0.0 
3 69 0.0138888888889 
9 0 0.222222222222 
6 77 0.0602409638554 
11 271 0.00354609929078 
3 56 0.0 
8 37 0.0222222222222 
3 31 0.0 
5 84 0.0224719101124 
6 0 0.0 
3 0 0.0 
6 82 0.0 
7 105 0.0267857142857 
3 68 0.0 
3 114 0.017094017094 
5 0 0.0 
8 0 0.0 
6 0 0.0 
12 198 0.00952380952381 
8 13 0.0 
15 127 0.0 
8 59 0.0 
2 46 0.0 
6 0 0.0 
14 107 0.0 
4 0 0.0 
12 209 0.0316742081448 
10 51 0.0 
6 69 0.0266666666667 
6 258 0.00757575757576 
15 0 0.0 
9 0 0.0 
5 0 0.2 
13 16 0.0 
3 0 0.0 
9 0 0.111111111111 
7 0 0.0 
9 0 0.0 
9 200 0.0765550239234 
5 23 0.0 
8 658 0.316816816817 
9 147 0.025641025641 
5 109 0.0 
7 0 0.142857142857 
12 127 0.0143884892086 
8 110 0.00847457627119 
2 35 0.0540540540541 
6 427 0.0115473441109 
5 81 0.0 
6 123 0.031007751938 
25 23 0.0 
20 0 0.0 
21 164 0.0 
8 197 0.0243902439024 
5 68 0.027397260274 
6 32 0.0 
14 0 0.0714285714286 
5 0 0.0 
14 42 0.0 
19 211 0.0130434782609 
8 133 0.0 
5 37 0.0238095238095 
4 325 0.0334346504559 
1 92 0.0215053763441 
4 76 0.0 
6 63 0.0 
3 69 0.0138888888889 
12 26 0.0 
3 25 0.0 
4 90 0.0106382978723 
4 105 0.0 
8 103 0.018018018018 
3 92 0.0 
3 0 0.0 
4 80 0.0 
10 6 0.0 
3 130 0.0225563909774 
17 42 0.0338983050847 
4 48 0.0 
10 271 0.0 
19 0 0.0526315789474 
6 0 0.166666666667 
8 23 0.0 
3 60 0.0 
9 0 0.0 
13 32 0.0 
7 34 0.0 
4 29 0.0 
6 63 0.0 
12 0 0.0 
18 38 0.0 
25 0 0.0 
11 0 0.0 
3 24 0.0 
11 102 0.0 
8 0 0.0 
29 0 0.0 
16 0 0.0 
19 0 0.157894736842 
7 107 0.0 
2 0 0.0 
23 10 0.0606060606061 
14 0 0.0 
10 85 0.0736842105263 
11 0 0.0 
6 145 0.0198675496689 
4 23 0.0 
5 49 0.0 
5 71 0.0 
9 56 0.0 
11 5 0.0 
3 96 0.020202020202 
21 3616 0.0214462469068 
6 147 0.00653594771242 
7 101 0.0277777777778 
10 0 0.0 
4 11 0.0 
7 0 0.0 
4 0 0.0 
7 123 0.0153846153846 
10 100 0.0818181818182 
11 298 0.0226537216828 
15 44 0.0 
8 71 0.0 
8 0 0.0 
14 112 0.0 
4 24 0.0 
9 0 0.111111111111 
3 43 0.108695652174 
15 119 0.0597014925373 
5 122 0.0472440944882 
6 21 0.0 
4 159 0.0 
8 103 0.018018018018 
5 145 0.00666666666667 
12 19 0.0 
4 71 0.0666666666667 
11 149 0.01875 
15 13 0.0 
8 412 0.0190476190476 
9 53 0.0 
9 416 0.0164705882353 
2 103 0.0 
13 21 0.0 
8 0 0.0 
9 0 0.0 
15 0 0.0 
7 0 0.0 
9 113 0.00819672131148 
8 74 0.0 
4 74 0.0 
6 0 0.0 
6 0 0.0 
10 92 0.0 
4 0 0.0 
8 44 0.0 
9 0 0.0 
17 129 0.0 
10 0 0.0 
3 98 0.049504950495 
6 80 0.0 
3 104 0.0 
20 140 0.00625 
6 140 0.013698630137 
8 85 0.0215053763441 
7 88 0.0 
7 12 0.0 
8 146 0.012987012987 
14 123 0.0 
12 7 0.0526315789474 
8 60 0.117647058824 
16 207 0.00896860986547 
11 59 0.0 
7 65 0.0 
4 117 0.0330578512397 
4 123 0.0157480314961 
8 85 0.0215053763441 
10 225 0.0 
14 0 0.0 
19 58 0.0649350649351 
9 187 0.0459183673469 
14 73 0.0114942528736 
7 72 0.0 
8 0 0.0 
4 44 0.0 
6 0 0.0 
13 0 0.0 
15 0 0.0 
4 386 0.0 
9 79 0.0 
15 220 0.0127659574468 
9 104 0.0442477876106 
12 80 0.0108695652174 
39 0 0.0 
6 162 0.0119047619048 
5 33 0.0 
12 0 0.0 
7 0 0.0 
24 11 0.0 
17 451 0.0683760683761 
10 109 0.0336134453782 
15 189 0.00980392156863 
4 108 0.00892857142857 
10 33 0.0 
5 57 0.0161290322581 
8 190 0.020202020202 
6 0 0.0 
9 62 0.0 
7 0 0.0 
12 89 0.0 
7 69 0.0 
11 0 0.0 
3 0 0.0 
4 114 0.00847457627119 
12 210 0.0720720720721 
4 0 0.0 
5 53 0.0 
13 446 0.0261437908497 
6 0 0.0 
16 95 0.027027027027 
16 133 0.0 
14 41 0.0 
6 365 0.0 
10 0 0.1 
9 96 0.12380952381 
7 45 0.0 
26 230 0.0 
8 103 0.018018018018 
3 84 0.0 
8 0 0.125 
8 159 0.0059880239521 
5 70 0.0 
13 75 0.0113636363636 
5 153 0.0379746835443 
9 180 0.0899470899471 
9 94 0.155339805825 
7 43 0.0 
7 37 0.0 
10 0 0.0 
28 0 0.0 
10 58 0.0147058823529 
11 46 0.0 
14 20 0.0294117647059 
15 18 0.0 
6 192 0.020202020202 
4 126 0.0 
8 103 0.018018018018 
7 74 0.0 
5 0 0.0 
7 0 0.0 
10 130 0.00714285714286 
13 123 0.0220588235294 
9 94 0.0 
7 265 0.0257352941176 
5 81 0.0116279069767 
22 5 0.0 
17 0 0.0 
5 85 0.0333333333333 
41 0 0.0 
8 85 0.0215053763441 
14 28 0.0 
6 87 0.0 
7 129 0.0220588235294 
12 118 0.0230769230769 
8 371 0.0105540897098 
11 0 0.0 
3 56 0.0847457627119 
15 92 0.0 
4 52 0.0 
7 0 0.0 
15 0 0.0666666666667 
12 14 0.0 
8 99 0.00934579439252 
13 0 0.0 
5 55 0.0 
6 0 0.0 
19 173 0.0260416666667 
7 95 0.156862745098 
5 112 0.034188034188 
3 159 0.0 
6 0 0.0 
43 0 0.0 
7 90 0.0103092783505 
7 44 0.0 
12 0 0.0 
7 126 0.0 
5 98 0.0194174757282 
6 220 0.0 
5 65 0.0142857142857 
13 0 0.0769230769231 
4 0 0.0 
8 83 0.010989010989 
6 38 0.0 
7 171 0.0 
7 46 0.0 
5 70 0.0133333333333 
6 50 0.0 
15 99 0.0614035087719 
3 24 0.0 
3 62 0.0 
6 28 0.0 
4 21 0.0 
3 41 0.0 
5 101 0.0 
6 0 0.0 
3 0 0.0 
6 88 0.0 
7 30 0.0 
10 0 0.0 
5 34 0.0 
2 52 0.0 
9 77 0.0 
13 113 0.031746031746 
4 117 0.0413223140496 
13 0 0.0 
12 0 0.0 
9 123 0.030303030303 
3 18 0.0 
6 77 0.0120481927711 
16 28 0.0909090909091 
19 14 0.0 
17 82 0.0 
24 292 0.0126582278481 
7 160 0.0239520958084 
18 166 0.0489130434783 
12 22 0.0 
9 0 0.0 
14 187 0.0 
10 0 0.0 
4 30 0.0 
3 27 0.0 
12 93 0.0190476190476 
6 74 0.0 
9 68 0.0 
10 73 0.0120481927711 
9 81 0.0 
7 0 0.0 
13 0 0.0769230769231 
11 103 0.0175438596491 
14 160 0.0229885057471 
4 49 0.0377358490566 
7 61 0.0 
9 142 0.00662251655629 
5 72 0.0 
8 0 0.0 
17 68 0.0823529411765 
2 98 0.0 
7 99 0.0 
3 365 0.0 
16 85 0.0 
6 35 0.0 
4 0 0.0 
12 0 0.0 
7 0 0.0 
5 76 0.0 
14 121 0.0148148148148 
3 29 0.0 
6 91 0.0 
10 74 0.0 
7 12 0.105263157895 
39 0 0.0512820512821 
10 0 0.0 
27 0 0.037037037037 
10 166 0.0113636363636 
4 27 0.0 
3 159 0.00617283950617 
7 108 0.0 
3 70 0.0 
3 0 0.0 
7 20 0.0 
9 169 0.0393258426966 
21 0 0.0 
4 21 0.0 
5 59 0.0 
11 120 0.00763358778626 
32 47 0.0 
2 63 0.0 
17 0 0.0588235294118 
13 174 0.0160427807487 
8 103 0.018018018018 
9 133 0.0211267605634 
5 164 0.0 
5 69 0.0135135135135 
5 102 0.0 
6 138 0.00694444444444 
13 0 0.0 
8 46 0.0 
4 73 0.0 
8 85 0.0215053763441 
8 0 0.0 
7 0 0.0 
8 0 0.0 
6 0 0.0 
5 35 0.05 
13 0 0.0 
2 93 0.0 
20 126 0.0 
3 0 0.0 
5 119 0.0 
12 138 0.0133333333333 
7 0 0.0 
2 80 0.0 
9 0 0.111111111111 
16 33 0.0 
10 60 0.0 
14 108 0.016393442623 
7 97 0.00961538461538 
40 0 0.0 
4 104 0.0185185185185 
5 67 0.0 
5 0 0.0 
12 0 0.0 
15 97 0.0 
9 156 0.00606060606061 
3 110 0.0442477876106 
13 0 0.0 
18 164 0.0 
5 70 0.0 
15 94 0.00917431192661 
3 69 0.0 
7 48 0.0 
23 343 0.00819672131148 
7 41 0.0 
17 211 0.0 
3 80 0.0 
8 95 0.00970873786408 
6 77 0.0602409638554 
6 114 0.0 
27 0 0.111111111111 
4 56 0.0 
9 236 0.0 
10 34 0.0 
16 125 0.0 
29 307 0.0 
3 158 0.0248447204969 
5 0 0.0 
7 126 0.0300751879699 
11 88 0.020202020202 
6 97 0.0 
7 18 0.0 
6 0 0.0 
27 0 0.0 
5 62 0.0 
23 431 0.00440528634361 
10 87 0.0309278350515 
5 159 0.00609756097561 
19 45 0.0 
12 51 0.015873015873 
20 0 0.05 
7 87 0.148936170213 
24 243 0.0224719101124 
10 170 0.0388888888889 
10 11 0.0 
15 144 0.0 
12 0 0.0 
10 170 0.0944444444444 
13 37 0.0 
2 165 0.0 
4 0 0.0 
6 124 0.0307692307692 
8 23 0.0 
8 100 0.0 
13 33 0.0 
10 0 0.0 
8 103 0.018018018018 
8 70 0.0128205128205 
5 84 0.0112359550562 
10 0 0.0 
17 29 0.0434782608696 
17 109 0.00793650793651 
6 217 0.00448430493274 
15 1161 0.000850340136054 
15 0 0.0666666666667 
5 96 0.0 
4 130 0.0 
6 49 0.0363636363636 
8 37 0.0 
6 232 0.00420168067227 
7 189 0.0357142857143 
5 63 0.0 
15 4 0.0 
11 0 0.0 
11 97 0.0185185185185 
6 0 0.0 
5 72 0.0 
4 7 0.0 
7 91 0.0102040816327 
7 47 0.0185185185185 
9 67 0.0 
14 63 0.0 
17 163 0.0111111111111 
5 84 0.0337078651685 
10 31 0.0 
9 361 0.0108108108108 
7 105 0.0 
7 84 0.0 
3 105 0.0 
13 34 0.0 
27 47 0.0135135135135 
8 21 0.0 
13 0 0.0 
11 145 0.0192307692308 
14 459 0.00422832980973 
4 45 0.0 
16 220 0.0 
4 0 0.0 
4 125 0.0077519379845 
7 10 0.0 
6 328 0.0299401197605 
4 35 0.0 
11 47 0.0 
6 84 0.0222222222222 
8 253 0.0306513409962 
7 35 0.0 
7 47 0.0 
9 86 0.0 
11 44 0.0 
6 63 0.0144927536232 
12 187 0.0150753768844 
10 78 0.0 
8 26 0.0 
9 50 0.0 
3 72 0.0266666666667 
6 71 0.025974025974 
10 0 0.0 
9 164 0.0 
6 40 0.0434782608696 
3 52 0.0 
11 125 0.102941176471 
8 31 0.0 
15 0 0.0 
12 125 0.021897810219 
4 53 0.0 
17 0 0.0588235294118 
12 0 0.0 
4 166 0.0117647058824 
11 57 0.0 
9 91 0.08 
4 166 0.00588235294118 
16 56 0.0 
2 0 0.0 
9 171 0.0 
10 0 0.0 
6 0 0.0 
4 17 0.0 
9 0 0.0 
15 90 0.0 
12 87 0.0 
10 75 0.0 
4 74 0.0 
2 156 0.0316455696203 
15 255 0.0037037037037 
10 0 0.0 
7 79 0.0 
17 101 0.0 
7 86 0.0 
10 0 0.1 
13 52 0.0 
14 0 0.0714285714286 
3 154 0.00636942675159 
3 48 0.0 
7 0 0.0 
3 209 0.0 
4 340 0.0 
10 325 0.0358208955224 
11 158 0.0236686390533 
6 147 0.0653594771242 
5 0 0.0 
8 148 0.0192307692308 
5 55 0.05 
4 167 0.0116959064327 
6 62 0.0 
7 0 0.0 
7 83 0.0 
9 593 0.0132890365449 
7 0 0.0 
5 38 0.046511627907 
9 0 0.0 
7 22 0.0 
8 99 0.00934579439252 
4 22 0.0 
11 151 0.0246913580247 
28 41 0.0 
17 93 0.00909090909091 
18 214 0.0129310344828 
16 0 0.0 
8 0 0.0 
6 0 0.0 
12 16 0.0 
4 74 0.0384615384615 
4 0 0.0 
18 0 0.0 
10 0 0.0 
11 38 0.0 
6 0 0.0 
7 0 0.0 
11 204 0.0 
12 208 0.0 
8 156 0.0426829268293 
14 0 0.0 
7 0 0.142857142857 
16 53 0.0 
8 160 0.0119047619048 
6 0 0.0 
7 65 0.0 
2 82 0.0 
4 177 0.0165745856354 
3 109 0.0446428571429 
5 727 0.0204918032787 
16 134 0.0 
17 67 0.0 
8 75 0.0 
13 86 0.0 
4 103 0.0 
9 0 0.222222222222 
4 73 0.0 
4 0 0.0 
5 67 0.0 
9 42 0.0 
19 253 0.0 
4 88 0.0217391304348 
7 100 0.0 
7 53 0.116666666667 
4 74 0.0 
5 50 0.0 
12 69 0.0 
10 0 0.0 
3 41 0.0 
9 63 0.0 
8 0 0.125 
4 235 0.00836820083682 
9 0 0.0 
5 25 0.0 
10 46 0.0 
8 223 0.017316017316 
7 0 0.0 
5 85 0.0333333333333 
3 145 0.0135135135135 
3 0 0.0 
4 51 0.0 
7 61 0.0 
8 49 0.0 
15 0 0.0 
6 145 0.0 
3 249 0.00396825396825 
8 240 0.0604838709677 
5 125 0.0538461538462 
9 94 0.0194174757282 
12 19 0.0 
8 0 0.125 
5 0 0.0 
8 71 0.0759493670886 
16 0 0.0 
9 0 0.0 
11 0 0.0 
7 42 0.0 
2 0 0.0 
9 32 0.0 
7 45 0.0 
19 42 0.0 
3 0 0.0 
8 240 0.00806451612903 
4 57 0.016393442623 
8 91 0.0 
5 153 0.0632911392405 
11 97 0.0 
5 0 0.0 
10 13 0.0 
8 49 0.0 
6 144 0.0933333333333 
9 0 0.0 
6 70 0.0 
6 78 0.0 
3 67 0.0 
17 28 0.0 
9 0 0.111111111111 
9 158 0.0 
9 284 0.0 
5 67 0.0 
9 0 0.0 
17 0 0.0588235294118 
3 81 0.0 
6 0 0.0 
11 124 0.0 
4 0 0.0 
4 84 0.0227272727273 
8 128 0.00735294117647 
18 104 0.0 
7 111 0.0 
13 195 0.0625 
7 106 0.0 
6 93 0.010101010101 
3 95 0.0 
1 33 0.0 
4 45 0.0 
6 0 0.0 
22 0 0.0909090909091 
10 0 0.0 
11 0 0.0 
6 92 0.0 
4 0 0.0 
12 83 0.0105263157895 
4 54 0.0 
12 105 0.00854700854701 
5 117 0.00819672131148 
12 10 0.0 
9 293 0.00662251655629 
5 67 0.0 
3 0 0.0 
7 59 0.0 
4 21 0.0 
12 0 0.166666666667 
5 0 0.0 
17 0 0.0 
4 392 0.0151515151515 
7 49 0.0 
12 150 0.0123456790123 
9 0 0.0 
7 104 0.036036036036 
3 95 0.0 
55 0 0.0727272727273 
10 172 0.032967032967 
5 77 0.0121951219512 
4 189 0.124352331606 
8 70 0.0 
5 22 0.0 
10 132 0.00704225352113 
15 40 0.0 
10 161 0.0 
17 0 0.0 
9 115 0.0 
9 0 0.0 
7 89 0.0104166666667 
6 52 0.0 
8 517 0.0209523809524 
6 75 0.0493827160494 
3 92 0.0 
16 176 0.0 
9 166 0.0171428571429 
8 0 0.0 
7 109 0.0172413793103 
42 0 0.0 
2 82 0.0 
21 0 0.0952380952381 
6 157 0.00613496932515 
15 0 0.0 
13 124 0.00729927007299 
4 45 0.0 
10 0 0.0 
10 63 0.0 
11 67 0.0 
12 115 0.0157480314961 
3 82 0.0117647058824 
14 0 0.0 
23 9 0.03125 
6 101 0.0 
6 23 0.0 
14 38 0.0 
11 136 0.0 
4 0 0.0 
26 0 0.0 
13 0 0.0 
6 519 0.0 
11 37 0.0 
10 45 0.0 
4 55 0.0677966101695 
11 237 0.0201612903226 
9 62 0.0140845070423 
6 0 0.0 
5 93 0.030612244898 
5 139 0.0486111111111 
5 174 0.0 
20 207 0.0 
8 109 0.0 
20 0 0.0 
28 0 0.0357142857143 
18 228 0.0121951219512 
3 347 0.0114285714286 
4 118 0.0573770491803 
6 223 0.00873362445415 
7 17 0.0 
5 291 0.0304054054054 
15 84 0.0 
13 20 0.0 
15 129 0.0 
4 15 0.0 
21 0 0.0 
9 35 0.0 
13 205 0.0045871559633 
3 59 0.0 
8 88 0.0 
8 159 0.0119760479042 
17 0 0.0 
12 0 0.0833333333333 
15 0 0.0 
7 180 0.0320855614973 
7 0 0.142857142857 
6 57 0.0 
11 0 0.0 
4 45 0.0 
4 133 0.00729927007299 
5 13 0.0 
4 168 0.0348837209302 
7 99 0.0 
10 26 0.0 
12 0 0.0 
6 40 0.0 
4 73 0.012987012987 
6 96 0.0 
13 204 0.00921658986175 
4 0 0.0 
28 0 0.0 
11 0 0.0 
8 85 0.0215053763441 
15 263 0.0107913669065 
14 203 0.0414746543779 
30 0 0.0 
11 44 0.0181818181818 
7 100 0.00934579439252 
5 48 0.0 
8 0 0.0 
54 0 0.12962962963 
6 233 0.0 
13 17 0.0 
12 37 0.0 
16 61 0.025974025974 
10 133 0.027972027972 
25 8 0.0 
10 23 0.0 
12 24 0.0 
15 249 0.0 
6 0 0.333333333333 
3 296 0.0100334448161 
9 0 0.0 
7 0 0.0 
10 121 0.00763358778626 
14 0 0.0 
6 49 0.0 
10 121 0.0 
24 0 0.0 
14 0 0.0714285714286 
10 24 0.0 
26 0 0.0 
12 110 0.00819672131148 
4 273 0.028880866426 
12 0 0.0 
2 66 0.0 
17 0 0.0 
47 0 0.0425531914894 
10 0 0.0 
3 117 0.025 
10 111 0.0 
5 79 0.0 
10 0 0.0 
6 0 0.0 
4 43 0.0 
5 0 0.0 
5 48 0.0 
10 181 0.0157068062827 
8 0 0.0 
10 75 0.0 
2 172 0.0229885057471 
23 250 0.003663003663 
11 117 0.0 
10 197 0.0048309178744 
7 99 0.0188679245283 
7 65 0.0138888888889 
8 311 0.0219435736677 
7 0 0.0 
3 32 0.0 
3 42 0.0 
14 0 0.142857142857 
11 74 0.0 
5 43 0.0416666666667 
14 149 0.0 
17 0 0.0 
11 76 0.0804597701149 
9 90 0.010101010101 
9 0 0.0 
3 157 0.00625 
8 85 0.0215053763441 
9 50 0.0 
6 96 0.0 
7 150 0.0 
3 0 0.0 
14 98 0.0178571428571 
18 0 0.0 
8 25 0.0606060606061 
9 71 0.0 
15 225 0.0 
9 157 0.0 
11 43 0.0 
13 0 0.0769230769231 
10 159 0.0 
3 0 0.0 
7 0 0.0 
6 275 0.0142348754448 
13 0 0.0 
7 70 0.012987012987 
3 17 0.0 
9 116 0.0 
15 30 0.0 
10 97 0.00934579439252 
11 146 0.0254777070064 
10 0 0.0 
7 66 0.0 
4 99 0.0 
15 40 0.0 
23 0 0.0434782608696 
14 0 0.0 
30 218 0.0 
8 103 0.018018018018 
17 78 0.0210526315789 
12 56 0.0294117647059 
5 0 0.0 
5 5 0.0 
3 0 0.0 
12 10 0.0 
8 65 0.027397260274 
8 0 0.0 
13 0 0.0 
6 206 0.0 
16 0 0.0 
1 9 0.0 
8 0 0.0 
2 0 0.0 
6 0 0.0 
8 6 0.0 
6 2 0.0 
2 0 0.0 
20 4 0.0 
3 0 0.0 
7 8 0.0 
18 0 0.0 
24 0 0.0416666666667 
4 0 0.25 
3 0 0.0 
11 3 0.0 
4 0 0.0 
9 7 0.0 
0 0 0 
6 2 0.0 
9 0 0.0 
3 0 0.0 
13 3 0.0 
2 0 0.0 
11 2 0.0 
7 6 0.0 
12 5 0.235294117647 
7 1 0.0 
7 0 0.0 
12 0 0.0 
9 1 0.0 
15 5 0.0 
8 7 0.0 
10 3 0.0 
5 3 0.0 
1 0 0.0 
6 0 0.0 
12 80 0.0 
10 7 0.0 
3 12 0.0 
12 0 0.0 
7 8 0.0 
12 9 0.0 
9 15 0.0416666666667 
6 3 0.0 
9 0 0.0 
13 0 0.0 
2 4 0.0 
4 1 0.0 
7 8 0.0 
2 64 0.0 
4 0 0.0 
1 20 0.0 
7 6 0.0 
12 11 0.0 
7 0 0.0 
2 24 0.0769230769231 
10 109 0.0 
11 6 0.0 
7 3 0.0 
5 0 0.0 
7 2 0.0 
4 43 0.0 
14 15 0.0 
9 3 0.0 
7 0 0.0 
6 4 0.0 
13 9 0.0 
9 0 0.0 
12 8 0.0 
11 0 0.0 
8 4 0.0 
8 2 0.0 
7 1 0.0 
2 0 0.0 
5 8 0.0 
11 79 0.0888888888889 
16 3 0.0 
2 0 0.0 
1 0 0.0 
12 0 0.0 
4 5 0.0 
7 306 0.00319488817891 
3 0 0.0 
12 4 0.0 
2 0 0.0 
5 6 0.0 
4 0 0.0 
5 35 0.0 
8 6 0.0 
17 0 0.0 
3 0 0.0 
2 0 0.0 
5 7 0.0 
14 5 0.0 
1 12 0.0 
5 2 0.0 
8 2 0.0 
5 0 0.0 
12 0 0.0 
7 0 0.0 
3 0 0.0 
7 0 0.0 
5 5 0.0 
5 2 0.0 
13 0 0.0 
14 0 0.0 
3 0 0.0 
7 0 0.0 
9 2 0.0 
5 0 0.0 
3 0 0.0 
9 5 0.0714285714286 
3 0 0.0 
4 0 0.0 
7 0 0.0 
6 5 0.0 
4 186 0.0 
8 0 0.125 
1 0 0.0 
7 5 0.0 
5 0 0.0 
6 6 0.0 
8 4 0.0 
8 5 0.0 
2 0 0.0 
8 41 0.0 
8 9 0.0 
3 0 0.0 
3 0 0.0 
15 7 0.0 
6 6 0.0 
4 5 0.0 
6 30 0.0 
11 1 0.0 
10 2 0.0 
6 5 0.0 
7 0 0.0 
7 9 0.0 
11 5 0.0 
9 5 0.0 
3 0 0.0 
5 6 0.0 
1 0 0.0 
8 50 0.0 
2 0 0.0 
4 0 0.0 
9 5 0.0 
8 1 0.0 
8 9 0.0 
7 0 0.0 
6 0 0.0 
10 5 0.0 
1 21 0.0 
2 0 0.0 
3 0 0.0 
7 5 0.0 
10 7 0.0 
8 3 0.0 
16 0 0.0 
8 2 0.0 
7 0 0.0 
2 5 0.0 
10 2 0.0 
6 5 0.0 
4 94 0.0 
16 5 0.0 
5 6 0.0 
8 1 0.0 
10 1 0.0 
6 49 0.0181818181818 
2 120 0.0 
9 0 0.0 
9 5 0.0 
12 12 0.0 
0 0 0 
14 5 0.0 
10 4 0.0 
2 0 0.0 
11 0 0.0 
15 5 0.0 
7 5 0.0 
6 0 0.0 
13 3 0.0 
6 2 0.0 
7 5 0.0 
6 24 0.0 
7 2 0.0 
11 17 0.0 
4 0 0.0 
8 0 0.0 
4 0 0.0 
3 5 0.0 
4 23 0.0 
17 0 0.0 
13 5 0.0 
12 1 0.0 
16 4 0.0 
6 2 0.0 
1 0 0.0 
7 5 0.0 
6 0 0.0 
7 0 0.0 
3 0 0.0 
2 0 0.0 
5 0 0.0 
2 0 0.0 
10 6 0.0 
4 0 0.0 
10 6 0.0 
7 12 0.0 
8 3 0.0 
3 0 0.0 
1 0 0.0 
10 0 0.0 
11 2 0.0 
9 10 0.0526315789474 
5 0 0.0 
16 2 0.0 
2 28 0.0 
8 0 0.0 
1 0 0.0 
3 0 0.0 
13 7 0.0 
1 0 0.0 
9 6 0.0 
15 9 0.0 
2 0 0.0 
19 0 0.0 
10 20 0.0 
8 10 0.0555555555556 
13 3 0.0 
6 4 0.0 
2 0 0.0 
14 24 0.0263157894737 
7 1 0.0 
7 2 0.0 
4 12 0.0 
10 42 0.0 
1 0 0.0 
8 1 0.0 
5 0 0.0 
13 4 0.0 
6 0 0.0 
3 0 0.0 
4 0 0.0 
5 0 0.0 
6 9 0.0 
7 74 0.0246913580247 
6 0 0.0 
18 229 0.0 
10 3 0.0 
8 5 0.0 
4 0 0.0 
16 3 0.0 
3 0 0.0 
16 35 0.0 
4 0 0.0 
11 4 0.0 
3 9 0.0 
6 0 0.0 
7 0 0.0 
13 0 0.0 
8 7 0.0 
16 2 0.0 
25 6 0.0322580645161 
4 13 0.0588235294118 
4 0 0.0 
2 0 0.0 
9 0 0.0 
8 11 0.0 
5 23 0.0 
5 0 0.0 
3 15 0.0 
7 2 0.0 
12 14 0.0 
2 0 0.0 
7 7 0.0 
12 9 0.0 
14 0 0.0 
0 0 0 
0 16 0.0 
5 8 0.0 
16 4 0.05 
8 5 0.0 
9 4 0.0 
6 2 0.0 
12 0 0.0 
8 0 0.0 
9 7 0.0 
5 4 0.0 
12 3 0.0 
3 0 0.0 
14 4 0.0 
4 0 0.0 
5 0 0.0 
6 2 0.0 
10 5 0.0 
6 7 0.0769230769231 
1 0 0.0 
11 2 0.0 
2 0 0.0 
15 0 0.0 
5 0 0.0 
6 4 0.1 
10 2 0.0 
10 3 0.0 
6 0 0.0 
7 0 0.0 
8 0 0.0 
16 0 0.0 
4 22 0.0 
15 0 0.0 
5 0 0.0 
14 0 0.0 
12 2 0.0 
2 0 0.0 
7 1 0.0 
6 3 0.0 
8 5 0.0 
7 12 0.0 
5 0 0.0 
3 0 0.0 
5 5 0.0 
9 1 0.0 
9 0 0.0 
9 0 0.0 
10 5 0.0 
6 5 0.0 
10 0 0.0 
6 0 0.0 
10 0 0.0 
11 7 0.0 
10 10 0.0 
10 3 0.0 
10 3 0.0 
5 11 0.0 
3 125 0.0 
14 13 0.0 
8 1 0.0 
2 143 0.0275862068966 
12 0 0.0 
5 0 0.0 
5 0 0.0 
7 8 0.0 
13 6 0.0 
12 0 0.0 
10 1 0.0 
11 8 0.0 
13 3 0.0 
7 9 0.0 
4 0 0.0 
19 1 0.0 
7 0 0.0 
9 0 0.0 
15 7 0.0 
5 0 0.0 
6 77 0.0 
9 8 0.235294117647 
7 2 0.0 
3 0 0.0 
8 0 0.0 
7 5 0.0 
10 7 0.0 
3 0 0.0 
4 4 0.0 
6 3 0.0 
8 2 0.0 
16 7 0.0 
11 12 0.0 
14 6 0.0 
6 5 0.0 
15 3 0.0 
5 0 0.0 
7 3 0.0 
12 6 0.0 
8 4 0.0 
5 0 0.0 
5 3 0.0 
10 4 0.0 
15 2 0.0 
8 5 0.0 
11 12 0.0 
19 4 0.0 
13 0 0.0 
9 2 0.0 
9 5 0.0 
28 5 0.0 
7 4 0.0 
4 4 0.0 
13 0 0.0 
10 7 0.0 
5 14 0.0 
14 0 0.0 
5 44 0.0 
2 0 0.0 
11 10 0.0 
14 6 0.0 
1 0 0.0 
9 5 0.0 
7 8 0.0 
2 0 0.0 
12 6 0.0 
15 6 0.0 
5 4 0.0 
7 1 0.0 
8 0 0.0 
8 18 0.0 
1 0 0.0 
5 0 0.0 
9 6 0.0 
17 12 0.0 
12 6 0.0 
1 0 0.0 
9 0 0.0 
7 0 0.0 
2 0 0.0 
9 2 0.0 
9 0 0.0 
3 21 0.0 
7 8 0.0 
11 0 0.0 
20 24 0.0 
5 8 0.0 
1 0 0.0 
6 7 0.0 
9 39 0.0208333333333 
6 0 0.0 
9 0 0.0 
12 0 0.0 
11 0 0.0 
8 2 0.0 
7 6 0.0 
1 4 0.0 
6 3 0.0 
13 4 0.0 
16 0 0.0 
6 0 0.0 
11 0 0.0 
9 1 0.0 
11 0 0.0 
4 0 0.0 
5 4 0.0 
6 7 0.0 
8 49 0.0 
8 5 0.0 
2 5 0.0 
1 0 0.0 
9 5 0.0 
7 0 0.0 
8 4 0.0833333333333 
1 10 0.0 
3 0 0.0 
5 0 0.0 
3 0 0.0 
5 0 0.0 
14 63 0.0 
5 0 0.0 
8 3 0.0 
9 4 0.0 
9 3 0.0 
6 2 0.0 
13 8 0.0 
7 3 0.0 
5 3 0.0 
9 5 0.0714285714286 
6 2 0.0 
14 0 0.0 
19 0 0.0 
1 0 0.0 
14 1 0.0 
7 137 0.0 
7 4 0.0 
5 6 0.0 
1 0 0.0 
5 0 0.0 
2 7 0.0 
5 0 0.0 
8 5 0.0 
6 7 0.0 
6 0 0.0 
8 0 0.0 
10 18 0.0 
15 5 0.0 
7 0 0.0 
2 0 0.0 
5 5 0.0 
9 0 0.0 
7 4 0.0 
16 0 0.0 
5 2 0.0 
3 0 0.0 
2 0 0.0 
14 8 0.0 
17 9 0.0 
10 0 0.0 
10 2 0.0 
11 0 0.0 
16 3 0.0 
8 56 0.0 
9 0 0.0 
6 3 0.0 
8 0 0.0 
6 4 0.0 
6 4 0.0 
5 0 0.0 
9 6 0.0 
3 8 0.0 
8 8 0.0 
10 0 0.0 
9 5 0.0 
6 8 0.0 
18 0 0.0 
14 1 0.0 
11 3 0.0 
2 13 0.0 
5 5 0.0 
8 4 0.0 
8 0 0.0 
13 1 0.0 
10 3 0.0 
4 0 0.0 
6 6 0.0 
7 3 0.0 
9 6 0.0 
10 9 0.0 
14 0 0.0 
5 0 0.0 
6 0 0.0 
5 8 0.0 
12 9 0.0 
16 42 0.0 
1 0 0.0 
13 5 0.0 
6 21 0.0 
12 0 0.0 
6 0 0.0 
7 2 0.0 
1 0 0.0 
13 1 0.0 
6 7 0.0 
9 1 0.0 
7 1 0.0 
8 0 0.0 
2 15 0.0 
6 15 0.0 
2 25 0.0 
11 8 0.0 
3 39 0.0 
5 0 0.0 
0 1 0.0 
2 0 0.0 
3 0 0.0 
13 5 0.0 
2 0 0.0 
6 0 0.0 
16 2 0.0 
4 38 0.0238095238095 
5 0 0.0 
11 51 0.0 
23 34 0.0 
8 6 0.0 
9 2 0.0 
4 0 0.0 
2 0 0.0 
5 2 0.0 
7 8 0.0 
2 0 0.0 
2 11 0.0 
7 7 0.0 
8 2 0.0 
16 13 0.0 
8 2 0.0 
2 0 0.0 
9 1 0.0 
5 0 0.0 
1 0 0.0 
17 5 0.0 
7 3 0.0 
6 4 0.0 
6 0 0.0 
26 7 0.0 
9 4 0.0 
1 0 0.0 
5 0 0.0 
10 5 0.0 
6 0 0.0 
12 3 0.0 
3 0 0.0 
9 4 0.0 
1 5 0.0 
6 2 0.0 
2 226 0.0131578947368 
6 4 0.0 
21 10 0.258064516129 
15 3 0.0 
8 0 0.0 
1 0 0.0 
11 6 0.0 
11 35 0.0 
4 2 0.0 
6 3 0.0 
8 0 0.0 
8 6 0.0 
2 0 0.0 
12 2 0.0 
11 36 0.0425531914894 
4 0 0.0 
7 9 0.125 
8 82 0.0 
5 0 0.0 
6 15 0.142857142857 
9 10 0.0 
4 43 0.0 
5 10 0.0 
3 0 0.0 
16 0 0.0 
9 11 0.0 
5 0 0.0 
7 0 0.0 
3 0 0.0 
7 3 0.0 
8 8 0.0 
6 7 0.0 
4 0 0.0 
7 3 0.0 
8 13 0.0 
14 3 0.0 
7 11 0.0 
2 0 0.0 
4 0 0.0 
5 0 0.0 
2 0 0.0 
9 1 0.0 
13 0 0.153846153846 
5 0 0.0 
2 0 0.0 
6 0 0.0 
11 6 0.0 
4 3 0.0 
9 2 0.0 
18 1 0.0526315789474 
7 9 0.0 
8 2 0.0 
14 4 0.0 
0 0 0 
4 0 0.25 
9 2 0.0 
10 9 0.0 
2 0 0.0 
8 3 0.0 
10 8 0.0 
11 0 0.0 
11 22 0.0 
4 7 0.0 
7 2 0.0 
25 0 0.04 
9 0 0.0 
11 6 0.0 
12 1 0.0 
14 7 0.0 
7 0 0.0 
9 2 0.0 
20 0 0.0 
15 4 0.0 
7 3 0.0 
7 2 0.0 
3 0 0.0 
13 1 0.0 
6 5 0.0 
15 0 0.0 
18 8 0.0 
9 0 0.0 
2 0 0.0 
50 0 0.02 
3 0 0.0 
9 0 0.0 
13 3 0.0 
8 2 0.0 
14 0 0.0 
4 0 0.0 
8 2 0.0 
15 4 0.0 
16 38 0.0 
8 5 0.0 
7 8 0.0 
10 2 0.0 
14 3 0.0 
4 0 0.0 
13 0 0.0 
10 5 0.0 
4 5 0.0 
17 8 0.0 
11 1 0.0 
8 10 0.0 
3 0 0.0 
4 0 0.0 
6 8 0.0 
7 8 0.0 
7 133 0.0 
7 4 0.0 
4 0 0.0 
6 4 0.0 
5 9 0.0 
1 0 0.0 
9 2 0.0 
21 10 0.0 
3 0 0.0 
5 11 0.0 
5 5 0.0 
7 1 0.0 
11 9 0.0 
11 4 0.0 
11 3 0.0 
6 3 0.0 
6 1 0.0 
27 3 0.0 
8 0 0.0 
1 0 0.0 
10 8 0.0 
2 0 0.0 
3 0 0.0 
7 67 0.0 
9 2 0.0 
11 0 0.0909090909091 
6 15 0.0 
4 8 0.0 
8 10 0.0 
12 1 0.0 
0 0 0 
2 0 0.0 
6 1 0.0 
12 3 0.0 
2 0 0.0 
6 0 0.0 
5 5 0.0 
18 0 0.0 
3 0 0.0 
8 0 0.0 
0 0 0 
5 5 0.0 
4 0 0.0 
9 115 0.0322580645161 
3 13 0.0 
0 0 0 
6 11 0.0 
3 0 0.0 
9 19 0.0 
7 1 0.0 
16 5 0.0 
10 32 0.0 
8 0 0.0 
2 23 0.0 
6 3 0.0 
6 0 0.0 
5 0 0.0 
24 2 0.0 
6 6 0.0 
5 3 0.0 
4 14 0.0 
11 8 0.0 
9 54 0.0 
2 0 0.0 
10 0 0.0 
8 0 0.125 
6 0 0.0 
7 5 0.0 
6 6 0.0 
15 33 0.0 
6 0 0.0 
7 3 0.0 
10 0 0.0 
5 0 0.0 
14 4 0.0 
8 9 0.0 
4 0 0.0 
4 0 0.0 
9 0 0.0 
8 11 0.0 
11 7 0.0 
10 0 0.0 
13 4 0.0 
5 8 0.0 
6 523 0.0113421550095 
3 0 0.0 
12 5 0.0 
6 3 0.0 
12 6 0.0 
6 6 0.0 
10 0 0.0 
4 0 0.0 
6 2 0.125 
11 3 0.0 
2 14 0.0 
12 11 0.0 
7 0 0.0 
9 7 0.0 
3 0 0.0 
13 33 0.0217391304348 
15 3 0.0 
8 1 0.0 
9 8 0.0 
9 2 0.0 
10 0 0.0 
11 5 0.0 
2 19 0.0 
2 0 0.0 
2 0 0.0 
0 0 0 
10 4 0.0 
7 0 0.0 
10 4 0.0 
7 2 0.0 
5 0 0.0 
2 0 0.0 
2 0 0.0 
17 5 0.0 
14 7 0.0 
6 1 0.0 
9 2 0.0 
10 5 0.0 
6 0 0.0 
6 0 0.0 
7 5 0.0 
6 0 0.0 
6 6 0.0 
7 0 0.0 
8 46 0.0 
2 0 0.0 
7 0 0.0 
4 29 0.0 
4 4 0.0 
9 7 0.0 
9 9 0.0555555555556 
8 0 0.0 
6 58 0.0 
5 0 0.0 
5 6 0.0 
7 8 0.0 
6 0 0.0 
4 0 0.0 
17 6 0.0 
4 0 0.0 
7 7 0.0 
5 0 0.0 
13 5 0.0 
4 0 0.0 
8 67 0.0 
10 7 0.0 
13 0 0.0 
8 2 0.0 
1 0 0.0 
3 4 0.0 
11 8 0.0 
5 0 0.0 
6 3 0.0 
7 122 0.0 
12 0 0.0 
2 0 0.0 
10 0 0.0 
5 7 0.0 
6 40 0.0 
9 4 0.0 
12 0 0.0 
2 0 0.0 
9 8 0.0 
5 0 0.0 
15 3 0.0 
1 0 0.0 
9 1 0.0 
7 0 0.142857142857 
4 41 0.0 
8 3 0.0 
2 0 0.0 
5 0 0.0 
5 6 0.0 
13 8 0.0 
11 0 0.0 
11 3 0.0 
6 7 0.0 
3 8 0.0 
11 5 0.0 
10 41 0.0 
6 0 0.0 
3 0 0.0 
6 0 0.0 
6 0 0.333333333333 
8 6 0.0 
18 0 0.0 
13 0 0.0 
7 5 0.0 
3 0 0.0 
7 7 0.0 
11 0 0.0 
8 2 0.0 
19 0 0.0526315789474 
10 4 0.0 
2 0 0.0 
1 0 0.0 
2 0 0.0 
7 3 0.0 
12 0 0.0 
7 1 0.0 
11 5 0.0625 
4 0 0.0 
3 17 0.0 
8 10 0.0 
9 15 0.0 
10 0 0.0 
4 23 0.0 
14 25 0.0 
6 0 0.0 
3 0 0.0 
3 40 0.0 
10 0 0.0 
25 0 0.0 
7 5 0.0 
2 0 0.0 
2 0 0.0 
8 7 0.0 
3 0 0.0 
13 9 0.0 
2 0 0.0 
12 13 0.0 
9 17 0.0 
7 37 0.0 
8 0 0.0 
10 0 0.0 
13 4 0.0 
6 64 0.0 
3 0 0.0 
14 20 0.0588235294118 
5 2 0.0 
4 0 0.0 
2 0 0.0 
13 5 0.0 
11 5 0.0 
9 3 0.0 
7 3 0.0 
7 143 0.0 
1 4 0.0 
6 3 0.0 
7 6 0.0 
2 91 0.0 
10 3 0.0 
4 0 0.0 
8 0 0.0 
8 5 0.0 
4 9 0.0 
29 4 0.0 
10 4 0.0 
3 0 0.0 
11 0 0.0 
6 2 0.0 
9 6 0.0 
13 10 0.0 
4 74 0.0 
6 0 0.0 
12 6 0.0 
6 0 0.0 
10 14 0.0 
6 1 0.0 
5 27 0.0 
7 140 0.00680272108844 
3 56 0.0 
5 59 0.0 
4 31 0.0 
9 27 0.0 
13 74 0.0 
8 218 0.0265486725664 
10 29 0.0512820512821 
24 26 0.0 
7 98 0.0 
11 21 0.0 
13 39 0.0576923076923 
6 145 0.046357615894 
3 63 0.0757575757576 
5 0 0.0 
5 76 0.0 
2 16 0.0 
9 13 0.0909090909091 
7 86 0.010752688172 
6 64 0.128571428571 
7 88 0.0 
2 27 0.0 
4 66 0.0142857142857 
7 12 0.0 
5 41 0.0 
6 126 0.0 
9 45 0.0925925925926 
2 110 0.00892857142857 
3 88 0.032967032967 
3 60 0.0 
14 0 0.142857142857 
9 133 0.0 
13 98 0.0 
13 340 0.0198300283286 
10 428 0.00228310502283 
7 2 0.0 
7 26 0.030303030303 
4 204 0.0625 
5 37 0.0 
6 65 0.0 
3 9 0.0 
3 49 0.0 
8 3 0.0909090909091 
7 137 0.00694444444444 
3 69 0.0138888888889 
3 116 0.0420168067227 
9 41 0.04 
14 68 0.0 
6 0 0.333333333333 
2 26 0.0 
3 44 0.0425531914894 
4 48 0.0576923076923 
4 29 0.121212121212 
5 36 0.0243902439024 
7 86 0.118279569892 
10 30 0.0 
7 6 0.0 
6 49 0.0727272727273 
2 0 0.0 
5 41 0.0434782608696 
20 212 0.0646551724138 
6 0 0.0 
5 96 0.0 
5 76 0.0246913580247 
2 32 0.0 
5 65 0.0285714285714 
11 285 0.0777027027027 
27 11 0.0 
6 52 0.0862068965517 
3 27 0.0666666666667 
8 100 0.00925925925926 
3 52 0.0363636363636 
15 91 0.0283018867925 
7 49 0.0 
12 0 0.0 
1 32 0.030303030303 
3 31 0.0 
9 83 0.0 
6 40 0.0 
11 58 0.275362318841 
5 61 0.0 
5 0 0.0 
5 0 0.2 
9 45 0.037037037037 
9 88 0.020618556701 
2 45 0.0 
3 158 0.0621118012422 
2 44 0.0434782608696 
3 30 0.030303030303 
2 33 0.0 
8 131 0.0 
2 19 0.0 
3 59 0.0645161290323 
5 50 0.0181818181818 
4 0 0.0 
5 73 0.0512820512821 
12 103 0.0173913043478 
15 52 0.044776119403 
3 6 0.0 
5 160 0.00606060606061 
2 43 0.0 
12 0 0.0 
5 26 0.0 
6 110 0.0 
3 25 0.0 
3 73 0.0131578947368 
3 24 0.0 
3 24 0.037037037037 
7 32 0.0 
5 39 0.0 
5 57 0.0 
3 41 0.0 
14 0 0.0 
14 52 0.0151515151515 
5 34 0.0 
13 0 0.0 
8 19 0.0740740740741 
11 151 0.0 
5 56 0.0491803278689 
5 23 0.0 
10 18 0.0 
9 27 0.0 
4 59 0.047619047619 
5 141 0.013698630137 
4 81 0.0235294117647 
12 46 0.0 
8 54 0.0 
9 29 0.0263157894737 
7 60 0.044776119403 
4 17 0.0 
10 56 0.287878787879 
3 0 0.0 
2 58 0.0 
16 0 0.0 
8 30 0.0526315789474 
4 91 0.0526315789474 
3 99 0.0294117647059 
5 23 0.0 
3 19 0.0454545454545 
5 18 0.217391304348 
6 70 0.0394736842105 
10 112 0.0409836065574 
3 32 0.0 
13 111 0.00806451612903 
11 69 0.0 
9 6 0.133333333333 
15 2 0.0 
18 0 0.111111111111 
6 55 0.0 
10 52 0.0 
6 26 0.0 
3 53 0.0 
5 22 0.037037037037 
10 53 0.301587301587 
2 44 0.0 
3 44 0.0 
3 71 0.0 
2 28 0.0 
3 0 0.0 
1 0 0.0 
8 37 0.0222222222222 
15 23 0.0 
17 126 0.013986013986 
5 43 0.0625 
8 37 0.0 
4 17 0.0952380952381 
7 235 0.00413223140496 
26 0 0.0 
4 122 0.0396825396825 
9 32 0.0 
4 49 0.0188679245283 
8 104 0.0 
5 55 0.0 
5 113 0.0508474576271 
3 60 0.031746031746 
10 0 0.2 
3 18 0.0952380952381 
8 50 0.0172413793103 
4 58 0.0645161290323 
3 27 0.0 
5 44 0.0 
7 112 0.0 
21 0 0.047619047619 
21 48 0.0289855072464 
12 43 0.0 
10 224 0.0213675213675 
5 42 0.0 
5 97 0.0392156862745 
7 86 0.0430107526882 
2 7 0.0 
7 0 0.0 
4 24 0.0 
3 26 0.0 
4 38 0.047619047619 
6 59 0.0615384615385 
30 0 0.0 
13 0 0.0 
7 72 0.0126582278481 
10 3 0.0 
4 70 0.0 
10 19 0.0344827586207 
8 161 0.00591715976331 
5 58 0.047619047619 
12 55 0.283582089552 
7 61 0.0441176470588 
5 61 0.030303030303 
4 37 0.0487804878049 
9 305 0.0191082802548 
7 182 0.00529100529101 
11 107 0.0254237288136 
9 42 0.078431372549 
7 32 0.0512820512821 
4 96 0.14 
8 121 0.0077519379845 
7 0 0.0 
3 41 0.0454545454545 
7 0 0.0 
6 120 0.0555555555556 
7 434 0.0725623582766 
7 41 0.0 
3 0 0.0 
3 68 0.0845070422535 
3 64 0.0 
5 116 0.0 
5 34 0.0 
2 42 0.0 
7 41 0.0 
7 19 0.0 
7 38 0.0 
5 0 0.0 
6 43 0.0204081632653 
8 188 0.0 
17 45 0.0483870967742 
11 413 0.0731132075472 
10 114 0.0564516129032 
8 0 0.0 
7 0 0.0 
4 41 0.0 
10 0 0.1 
7 29 0.0 
9 100 0.0 
7 18 0.08 
6 32 0.105263157895 
4 57 0.0327868852459 
12 27 0.025641025641 
2 32 0.0294117647059 
6 19 0.08 
14 0 0.0 
5 31 0.0 
9 23 0.0 
9 38 0.0 
5 21 0.0 
5 89 0.0 
3 25 0.0357142857143 
7 107 0.0614035087719 
5 108 0.0 
2 36 0.105263157895 
5 19 0.0416666666667 
3 35 0.0 
16 2 0.166666666667 
5 103 0.0 
8 11 0.0526315789474 
3 15 0.0555555555556 
2 57 0.0677966101695 
4 34 0.0 
6 17 0.0869565217391 
11 87 0.0 
15 0 0.0666666666667 
9 71 0.0 
8 0 0.0 
7 31 0.0 
4 50 0.037037037037 
14 0 0.0714285714286 
4 88 0.0 
7 0 0.0 
6 77 0.0120481927711 
21 28 0.102040816327 
11 20 0.0322580645161 
18 1 0.0 
1 49 0.0 
4 53 0.0701754385965 
3 34 0.0 
3 20 0.0 
2 23 0.04 
6 102 0.0 
9 98 0.0 
10 52 0.274193548387 
6 38 0.0 
9 0 0.111111111111 
8 66 0.0135135135135 
16 0 0.0 
4 158 0.0123456790123 
5 29 0.0 
12 52 0.15625 
9 87 0.0729166666667 
4 39 0.0 
7 35 0.0952380952381 
2 67 0.0 
14 87 0.019801980198 
7 35 0.0 
8 0 0.0 
9 0 0.222222222222 
4 5 0.0 
11 0 0.0 
4 39 0.0697674418605 
4 17 0.0 
5 0 0.0 
9 96 0.0 
9 230 0.0 
5 71 0.0 
15 0 0.0 
14 142 0.0 
6 57 0.0 
13 14 0.0 
4 51 0.0 
10 157 0.0 
8 41 0.0 
2 84 0.0232558139535 
5 58 0.0 
2 60 0.0322580645161 
4 42 0.0 
9 95 0.00961538461538 
20 0 0.0 
3 89 0.0434782608696 
4 27 0.0 
7 46 0.0 
2 17 0.0 
12 6 0.0555555555556 
5 23 0.0 
17 0 0.0588235294118 
7 78 0.0117647058824 
8 106 0.0701754385965 
12 0 0.166666666667 
6 14 0.05 
4 22 0.0 
11 49 0.0 
4 67 0.0704225352113 
6 42 0.0 
9 0 0.0 
6 26 0.0 
8 58 0.0 
3 103 0.0566037735849 
3 72 0.0 
14 54 0.0 
6 75 0.037037037037 
1 20 0.0 
7 70 0.0 
5 91 0.03125 
5 43 0.0 
13 4 0.0588235294118 
4 70 0.0675675675676 
3 36 0.0512820512821 
8 50 0.0 
4 104 0.0 
9 140 0.0738255033557 
5 50 0.0363636363636 
5 34 0.0769230769231 
7 90 0.0515463917526 
9 35 0.0681818181818 
7 67 0.0 
2 12 0.0714285714286 
8 65 0.013698630137 
6 7 0.0769230769231 
7 45 0.0576923076923 
7 0 0.0 
6 8 0.0 
12 6 0.166666666667 
9 51 0.0333333333333 
5 126 0.0 
3 41 0.0681818181818 
9 14 0.0 
5 30 0.0 
11 56 0.0 
3 271 0.0036496350365 
5 27 0.1875 
7 106 0.0 
4 95 0.131313131313 
13 0 0.0 
4 29 0.0 
9 42 0.0 
11 237 0.0161290322581 
5 75 0.0 
21 0 0.0952380952381 
5 37 0.0952380952381 
5 38 0.0 
10 97 0.018691588785 
5 52 0.0175438596491 
3 48 0.0 
8 11 0.0 
11 44 0.0 
9 40 0.0 
6 0 0.0 
9 0 0.0 
5 129 0.0 
9 62 0.0 
9 138 0.0 
4 72 0.157894736842 
3 106 0.0642201834862 
4 20 0.0 
5 56 0.0 
10 57 0.0 
8 77 0.0235294117647 
4 43 0.0 
6 48 0.0185185185185 
3 11 0.0 
7 79 0.0813953488372 
4 6 0.0 
4 55 0.0169491525424 
3 23 0.0 
3 95 0.0 
11 7 0.0 
3 98 0.029702970297 
11 36 0.0 
6 115 0.0495867768595 
5 138 0.020979020979 
7 33 0.025 
2 55 0.0526315789474 
4 40 0.0 
4 0 0.0 
2 24 0.0384615384615 
5 18 0.0 
3 93 0.0625 
3 36 0.0 
10 0 0.0 
9 53 0.0483870967742 
9 299 0.0324675324675 
3 10 0.0769230769231 
10 85 0.0 
6 148 0.0714285714286 
13 0 0.0 
2 41 0.046511627907 
2 92 0.0212765957447 
6 92 0.0 
7 0 0.0 
8 16 0.0 
14 156 0.0 
6 39 0.0 
35 0 0.0 
5 17 0.0 
9 23 0.0 
4 17 0.0 
9 12 0.0 
9 110 0.0 
6 26 0.0 
8 16 0.0 
7 48 0.0 
13 449 0.0 
4 77 0.0 
3 38 0.0 
2 22 0.0 
10 37 0.0 
6 199 0.00975609756098 
2 42 0.0454545454545 
7 43 0.0 
5 42 0.0 
4 67 0.12676056338 
8 0 0.0 
9 74 0.0120481927711 
7 63 0.0 
3 32 0.0 
6 14 0.05 
8 0 0.0 
2 31 0.0 
3 72 0.0133333333333 
13 0 0.0769230769231 
9 89 0.0 
13 21 0.0 
6 57 0.0952380952381 
6 51 0.0 
12 22 0.117647058824 
11 0 0.0909090909091 
7 15 0.0 
2 32 0.0588235294118 
6 38 0.0227272727273 
16 0 0.0 
2 46 0.0 
6 0 0.333333333333 
4 29 0.030303030303 
7 35 0.0238095238095 
9 41 0.06 
3 72 0.0266666666667 
6 0 0.0 
3 108 0.0810810810811 
7 50 0.0 
2 54 0.0 
7 47 0.0 
8 35 0.0 
16 23 0.0 
6 107 0.0442477876106 
13 56 0.0289855072464 
6 86 0.0869565217391 
2 121 0.0325203252033 
4 164 0.0 
5 6 0.0 
6 111 0.00854700854701 
6 45 0.0588235294118 
6 39 0.0 
13 41 0.0 
12 0 0.0 
5 113 0.00847457627119 
3 59 0.0 
8 0 0.0 
15 51 0.0 
14 0 0.0714285714286 
4 94 0.102040816327 
6 35 0.0487804878049 
3 46 0.122448979592 
3 37 0.0 
6 69 0.0 
10 65 0.0266666666667 
11 94 0.104761904762 
5 62 0.0298507462687 
9 89 0.0204081632653 
8 45 0.132075471698 
14 33 0.0 
7 92 0.020202020202 
15 110 0.0 
3 41 0.0 
3 250 0.00395256916996 
8 60 0.0441176470588 
3 14 0.0588235294118 
6 0 0.0 
11 55 0.30303030303 
3 86 0.0 
5 99 0.00961538461538 
2 24 0.0 
4 30 0.0 
2 44 0.0 
12 167 0.0558659217877 
2 7 0.111111111111 
17 77 0.0 
7 51 0.0689655172414 
11 58 0.289855072464 
5 93 0.0204081632653 
9 30 0.025641025641 
4 27 0.0645161290323 
2 47 0.0408163265306 
31 205 0.0550847457627 
5 53 0.0 
4 90 0.063829787234 
3 18 0.0952380952381 
4 29 0.0909090909091 
7 96 0.0194174757282 
4 0 0.0 
4 53 0.0350877192982 
4 36 0.025 
2 46 0.0 
11 0 0.181818181818 
8 0 0.0 
5 70 0.0 
6 31 0.027027027027 
14 49 0.0 
12 0 0.0833333333333 
3 13 0.0 
3 116 0.0 
9 2 0.181818181818 
6 37 0.0 
9 65 0.0 
5 18 0.173913043478 
15 106 0.0495867768595 
35 453 0.0225409836066 
8 30 0.0263157894737 
29 110 0.0143884892086 
5 27 0.0625 
10 47 0.0526315789474 
13 8 0.047619047619 
7 52 0.0 
4 47 0.0196078431373 
4 73 0.0779220779221 
4 28 0.0 
7 7 0.214285714286 
3 26 0.0689655172414 
5 53 0.0344827586207 
16 41 0.0 
7 80 0.0114942528736 
14 0 0.0714285714286 
4 46 0.0 
2 37 0.0 
6 25 0.0 
4 38 0.0952380952381 
6 43 0.0408163265306 
6 77 0.10843373494 
5 11 0.0625 
5 171 0.0 
4 82 0.0581395348837 
5 15 0.0 
19 61 0.0 
5 69 0.027027027027 
5 43 0.0833333333333 
3 42 0.0 
8 37 0.0 
6 11 0.0 
4 10 0.357142857143 
3 11 0.0 
6 86 0.0108695652174 
9 0 0.0 
7 3 0.1 
4 55 0.0338983050847 
8 46 0.0185185185185 
5 64 0.0289855072464 
3 26 0.172413793103 
3 87 0.0555555555556 
5 39 0.0454545454545 
5 18 0.0 
8 28 0.111111111111 
2 64 0.0 
5 37 0.0238095238095 
2 37 0.0 
11 80 0.0 
11 174 0.0108108108108 
2 43 0.0 
20 0 0.0 
4 72 0.0263157894737 
4 84 0.0 
8 27 0.114285714286 
9 9 0.111111111111 
9 61 0.0 
3 30 0.0 
25 0 0.0 
14 8 0.0 
7 0 0.142857142857 
8 0 0.0 
8 79 0.0459770114943 
5 12 0.0 
4 24 0.0357142857143 
3 231 0.0 
3 22 0.0 
7 34 0.0 
3 23 0.0384615384615 
11 20 0.0 
13 70 0.0 
4 56 0.0 
2 23 0.04 
10 120 0.0153846153846 
3 41 0.0 
2 46 0.0 
5 43 0.0 
7 73 0.0375 
6 84 0.0111111111111 
19 132 0.0264900662252 
3 13 0.0 
12 0 0.0 
10 82 0.0326086956522 
2 38 0.025 
10 0 0.0 
6 48 0.0 
7 122 0.0387596899225 
7 36 0.0 
2 30 0.03125 
5 167 0.0 
11 406 0.0695443645084 
4 99 0.0 
7 63 0.0 
11 17 0.0357142857143 
5 60 0.0153846153846 
3 30 0.0 
15 168 0.0 
4 275 0.010752688172 
10 17 0.0 
14 110 0.0241935483871 
8 45 0.0 
3 131 0.044776119403 
17 74 0.120879120879 
3 213 0.0324074074074 
11 0 0.0909090909091 
8 0 0.125 
6 38 0.0 
7 24 0.0322580645161 
10 72 0.0 
10 50 0.266666666667 
7 0 0.0 
2 63 0.0153846153846 
2 0 0.0 
8 77 0.0 
4 42 0.0217391304348 
3 77 0.0125 
5 38 0.0 
1 0 0.0 
2 22 0.0 
3 51 0.0 
6 33 0.0 
11 0 0.0 
9 45 0.0185185185185 
7 33 0.0 
8 48 0.0714285714286 
2 64 0.0 
9 61 0.0571428571429 
7 255 0.030534351145 
3 24 0.0 
4 81 0.0 
8 124 0.0 
5 61 0.0 
8 35 0.0 
11 15 0.0384615384615 
1 0 0.0 
14 25 0.025641025641 
3 76 0.0253164556962 
20 10 0.0 
8 37 0.0444444444444 
8 62 0.0 
4 53 0.0 
8 16 0.0416666666667 
10 0 0.0 
16 12 0.0 
8 122 0.0615384615385 
6 0 0.0 
10 23 0.0 
9 0 0.0 
6 107 0.0 
12 122 0.0 
7 33 0.0 
6 0 0.0 
10 9 0.0526315789474 
7 137 0.0347222222222 
5 198 0.0 
4 13 0.0588235294118 
9 0 0.0 
4 33 0.027027027027 
6 0 0.0 
7 0 0.142857142857 
8 0 0.0 
8 32 0.025 
3 36 0.0512820512821 
4 16 0.0 
6 49 0.0 
7 26 0.0 
4 66 0.0571428571429 
5 49 0.0 
6 60 0.0151515151515 
4 113 0.042735042735 
4 25 0.0 
9 60 0.0 
4 48 0.0 
7 128 0.0592592592593 
11 89 0.04 
12 16 0.107142857143 
12 0 0.0833333333333 
5 118 0.0 
2 28 0.133333333333 
5 53 0.155172413793 
3 79 0.0243902439024 
10 44 0.0 
3 272 0.04 
5 53 0.0344827586207 
4 73 0.0 
3 49 0.0 
7 31 0.0 
3 38 0.0487804878049 
8 6 0.0714285714286 
6 84 0.0888888888889 
2 52 0.0185185185185 
8 37 0.111111111111 
11 57 0.279411764706 
10 81 0.043956043956 
10 92 0.0196078431373 
7 12 0.0 
11 100 0.018018018018 
4 23 0.0740740740741 
8 26 0.0588235294118 
5 22 0.0 
5 20 0.0 
11 0 0.0909090909091 
5 172 0.0395480225989 
4 54 0.0172413793103 
7 48 0.0 
4 32 0.0 
5 51 0.0 
10 0 0.0 
5 67 0.0555555555556 
7 34 0.0 
5 0 0.0 
2 113 0.0 
5 90 0.0315789473684 
9 39 0.0 
10 177 0.0 
10 11 0.190476190476 
3 81 0.0119047619048 
8 73 0.0123456790123 
3 23 0.0 
13 70 0.0 
3 22 0.0 
10 58 0.0 
10 0 0.0 
12 134 0.0 
3 52 0.0 
4 0 0.25 
9 51 0.1 
10 29 0.0512820512821 
3 0 0.0 
5 41 0.0869565217391 
10 53 0.0 
7 76 0.0120481927711 
1 59 0.0166666666667 
8 27 0.0 
6 0 0.166666666667 
2 11 0.0769230769231 
3 55 0.051724137931 
3 59 0.0 
3 81 0.0 
9 164 0.00578034682081 
11 0 0.0 
2 77 0.0 
11 64 0.0 
8 182 0.0842105263158 
4 60 0.0 
6 670 0.0384615384615 
8 63 0.0704225352113 
5 20 0.08 
21 40 0.0 
4 31 0.0 
16 139 0.00645161290323 
6 44 0.18 
8 30 0.0526315789474 
6 16 0.0 
5 31 0.0 
13 109 0.00819672131148 
4 23 0.0 
2 21 0.0869565217391 
6 56 0.112903225806 
4 54 0.137931034483 
12 99 0.036036036036 
4 9 0.0 
7 20 0.037037037037 
2 22 0.0416666666667 
6 62 0.0294117647059 
9 14 0.0 
3 46 0.0816326530612 
54 0 0.037037037037 
6 32 0.0 
7 157 0.0 
7 59 0.0454545454545 
3 37 0.025 
11 4 0.0 
2 30 0.125 
17 0 0.0 
3 0 0.0 
6 91 0.0309278350515 
10 0 0.0 
6 11 0.0 
3 74 0.025974025974 
12 38 0.0 
4 36 0.0 
5 39 0.0 
18 0 0.0 
11 46 0.0526315789474 
3 69 0.0 
4 136 0.0357142857143 
17 0 0.0 
8 0 0.0 
3 29 0.03125 
6 3 0.0 
9 58 0.0 
4 40 0.136363636364 
6 33 0.0 
11 18 0.0344827586207 
12 0 0.0 
20 0 0.0 
10 92 0.0196078431373 
17 468 0.00824742268041 
6 22 0.0 
9 0 0.111111111111 
19 23 0.0 
5 55 0.0166666666667 
9 0 0.0 
11 30 0.0 
8 5 0.0 
13 26 0.0 
4 43 0.0 
3 18 0.047619047619 
3 51 0.037037037037 
18 59 0.0 
14 0 0.0714285714286 
12 38 0.06 
14 75 0.0 
7 2 0.0 
4 68 0.0972222222222 
13 49 0.0645161290323 
5 80 0.0 
2 24 0.0384615384615 
4 68 0.0277777777778 
6 49 0.0181818181818 
13 22 0.171428571429 
9 52 0.0327868852459 
4 52 0.0714285714286 
6 5 0.0 
9 78 0.0114942528736 
9 36 0.0222222222222 
5 40 0.0666666666667 
19 0 0.0 
2 44 0.0434782608696 
5 124 0.046511627907 
9 46 0.0 
2 24 0.0769230769231 
12 38 0.02 
5 46 0.0 
7 15 0.0909090909091 
4 253 0.0155642023346 
12 5 0.117647058824 
6 29 0.0857142857143 
7 35 0.119047619048 
13 11 0.125 
2 19 0.0 
5 40 0.0 
4 158 0.0617283950617 
14 0 0.0714285714286 
2 64 0.151515151515 
8 15 0.0434782608696 
2 23 0.04 
13 24 0.0 
9 18 0.0 
5 50 0.0 
3 40 0.0 
15 50 0.0 
7 21 0.0 
9 137 0.0205479452055 
5 66 0.0845070422535 
6 100 0.122641509434 
9 29 0.0 
13 53 0.0151515151515 
5 208 0.0281690140845 
9 68 0.012987012987 
4 80 0.0119047619048 
6 44 0.0 
4 24 0.0 
10 149 0.0188679245283 
31 138 0.100591715976 
4 87 0.0989010989011 
6 64 0.0142857142857 
19 44 0.031746031746 
4 30 0.0 
17 19 0.0 
14 57 0.0 
4 44 0.0833333333333 
4 83 0.149425287356 
2 24 0.0769230769231 
17 201 0.0045871559633 
3 30 0.0 
16 0 0.0 
5 89 0.031914893617 
8 0 0.0 
5 68 0.013698630137 
5 55 0.0666666666667 
15 0 0.0 
5 369 0.00267379679144 
3 26 0.0 
11 0 0.0 
4 64 0.0 
2 73 0.0133333333333 
2 86 0.0 
24 0 0.0 
8 289 0.0 
5 71 0.0 
5 94 0.0606060606061 
14 19 0.0 
9 11 0.05 
14 98 0.0 
10 0 0.1 
2 22 0.0 
11 43 0.0185185185185 
6 40 0.0217391304348 
3 53 0.0357142857143 
3 215 0.045871559633 
10 109 0.0 
11 56 0.283582089552 
4 49 0.0 
4 18 0.0909090909091 
3 1198 0.00249791840133 
13 0 0.0 
7 0 0.428571428571 
3 94 0.0412371134021 
5 0 0.0 
2 0 0.0 
21 0 0.047619047619 
11 80 0.010989010989 
2 27 0.0689655172414 
12 229 0.0331950207469 
10 69 0.0759493670886 
12 49 0.0983606557377 
8 13 0.0952380952381 
7 55 0.0161290322581 
7 79 0.0232558139535 
10 262 0.00735294117647 
9 75 0.0 
4 50 0.0 
7 12 0.0 
13 18 0.0322580645161 
9 114 0.0569105691057 
7 111 0.0 
8 80 0.0 
7 35 0.0 
8 36 0.0 
7 18 0.0 
7 30 0.0 
9 55 0.0625 
11 0 0.0909090909091 
4 54 0.0 
8 59 0.044776119403 
