10 50 0 0 0.0 
18 127 57 309 0.0 
14 81 177 961 0.0 
10 45 76 380 0.0232558139535 
12 73 48 290 0.0 
16 104 0 0 0.0 
3 15 38 205 0.0 
10 57 0 0 0.0 
12 70 0 0 0.333333333333 
27 132 91 513 0.0 
6 57 134 700 0.0 
5 30 54 291 0.0 
32 193 0 0 0.0 
14 72 57 287 0.0281690140845 
25 148 85 439 0.0 
15 86 43 226 0.0 
15 88 0 0 0.0 
8 39 80 427 0.0 
54 282 0 0 0.0185185185185 
5 21 38 208 0.0 
7 48 113 558 0.0 
15 73 0 0 0.0666666666667 
7 40 43 265 0.04 
16 87 99 535 0.0 
7 55 105 574 0.00892857142857 
10 52 29 167 0.0 
11 51 71 377 0.0487804878049 
16 88 44 242 0.0 
8 47 64 357 0.0138888888889 
15 83 113 610 0.0 
9 56 36 207 0.0 
25 108 152 767 0.0 
7 38 83 454 0.0 
4 34 106 660 0.0 
18 94 57 304 0.0 
10 40 49 246 0.0 
6 43 37 212 0.046511627907 
11 58 30 219 0.0 
13 71 117 661 0.0 
6 36 126 715 0.0 
15 97 583 3420 0.00501672240803 
21 92 43 219 0.0625 
8 38 0 0 0.0 
21 128 71 352 0.0 
13 77 139 735 0.0 
18 90 62 324 0.0 
8 38 57 306 0.0 
13 77 54 302 0.0597014925373 
2 14 173 884 0.0 
12 59 47 267 0.0 
7 36 0 0 0.0 
9 48 79 439 0.0 
12 81 100 530 0.0 
12 53 102 515 0.0263157894737 
12 68 0 0 0.0833333333333 
7 39 74 377 0.0 
24 137 84 397 0.0 
13 67 183 985 0.00510204081633 
7 52 0 0 0.0 
9 36 310 1462 0.012539184953 
7 38 48 237 0.0 
4 20 234 1313 0.0 
33 147 53 238 0.0 
4 42 195 1124 0.0150753768844 
7 53 0 0 0.0 
15 75 96 483 0.018018018018 
8 50 50 297 0.0 
8 50 77 442 0.0235294117647 
6 32 40 224 0.0217391304348 
6 43 77 420 0.0 
16 90 52 261 0.0 
6 40 88 521 0.0 
23 144 0 0 0.0 
11 59 77 428 0.0113636363636 
15 66 58 296 0.027397260274 
22 104 123 631 0.00689655172414 
8 37 61 316 0.0 
20 101 43 252 0.0 
7 42 97 598 0.0 
7 46 52 297 0.0 
6 34 0 0 0.0 
8 51 100 519 0.0 
7 47 0 0 0.0 
6 30 115 570 0.0 
8 41 48 242 0.0 
13 71 52 338 0.0 
7 35 58 281 0.0 
8 47 1846 10141 0.00701186623517 
7 52 97 556 0.0 
1 5 43 221 0.0 
42 264 0 0 0.0 
18 98 0 0 0.0555555555556 
9 39 163 911 0.0 
22 124 49 228 0.0 
14 76 130 714 0.00694444444444 
7 44 0 0 0.0 
8 62 0 0 0.0 
21 125 0 0 0.0 
11 61 116 576 0.0 
20 99 55 271 0.0 
12 81 0 0 0.0 
21 109 118 596 0.00719424460432 
10 43 149 793 0.0 
9 57 0 0 0.0 
9 68 36 205 0.0 
4 18 214 1119 0.0 
8 37 61 309 0.0144927536232 
10 44 286 1536 0.0135135135135 
10 55 137 677 0.0 
21 138 65 338 0.0 
7 37 65 345 0.0138888888889 
21 99 407 2090 0.0 
10 58 53 259 0.0 
14 79 47 264 0.0 
7 37 110 587 0.0 
22 113 178 986 0.015 
12 88 78 440 0.0 
5 26 0 0 0.0 
9 57 0 0 0.0 
12 67 0 0 0.0 
13 67 29 162 0.0238095238095 
15 90 0 0 0.0 
13 89 41 222 0.0 
35 186 104 533 0.00719424460432 
6 41 74 408 0.0 
5 25 49 274 0.0 
6 42 40 246 0.0 
17 96 71 388 0.0 
17 76 47 262 0.015625 
5 38 103 584 0.0 
11 58 52 313 0.0 
7 48 94 533 0.0 
12 84 78 404 0.0 
4 19 100 480 0.0384615384615 
9 40 65 303 0.0 
18 100 0 0 0.0 
3 24 55 284 0.0 
14 97 0 0 0.0 
11 60 75 406 0.0 
6 39 92 503 0.0102040816327 
14 79 77 442 0.0 
19 101 109 580 0.0 
8 41 93 504 0.0 
3 26 103 549 0.0 
22 125 64 345 0.0116279069767 
49 289 195 1101 0.00819672131148 
13 79 0 0 0.0769230769231 
16 80 61 345 0.0 
8 46 627 3697 0.0110236220472 
23 149 0 0 0.0 
8 55 0 0 0.0 
6 38 52 306 0.0172413793103 
26 134 0 0 0.0384615384615 
6 34 47 243 0.0 
8 37 38 204 0.0 
5 33 63 327 0.0 
21 111 81 448 0.00980392156863 
5 29 63 308 0.0 
6 37 382 2111 0.00257731958763 
17 96 0 0 0.0588235294118 
6 36 68 384 0.0 
23 105 132 706 0.00645161290323 
3 15 145 767 0.0 
14 62 50 260 0.03125 
17 89 60 293 0.0 
8 46 45 228 0.0 
8 47 0 0 0.0 
13 70 448 2472 0.00216919739696 
9 46 0 0 0.0 
9 43 267 1280 0.0108695652174 
18 98 57 342 0.0 
28 130 61 307 0.0 
9 44 154 784 0.0306748466258 
8 52 0 0 0.0 
12 61 85 457 0.0 
8 48 95 529 0.0 
12 57 52 293 0.0 
15 74 88 470 0.00970873786408 
6 37 65 327 0.0 
7 48 200 1097 0.0386473429952 
11 56 111 594 0.00819672131148 
7 34 96 486 0.0 
11 64 52 303 0.0 
14 75 60 351 0.0 
7 40 44 237 0.0196078431373 
14 71 60 315 0.0 
28 143 40 223 0.0 
10 48 170 853 0.0 
12 65 0 0 0.25 
2 15 39 210 0.0 
17 126 0 0 0.0588235294118 
17 88 60 344 0.0 
8 49 73 393 0.0 
6 36 116 599 0.016393442623 
3 20 39 224 0.0 
4 22 46 237 0.0 
7 47 65 364 0.0 
14 69 60 311 0.0 
29 161 43 214 0.0 
10 60 0 0 0.0 
12 59 68 344 0.0 
14 80 134 770 0.0135135135135 
3 24 442 2509 0.00224719101124 
8 54 0 0 0.0 
9 35 90 489 0.010101010101 
8 37 68 364 0.0 
8 47 102 538 0.0 
6 27 89 472 0.0 
13 66 39 209 0.0 
14 75 84 423 0.0102040816327 
9 40 60 310 0.0 
15 69 74 390 0.0 
6 26 96 504 0.0 
13 60 46 268 0.0 
8 42 86 475 0.0 
4 23 61 334 0.0 
9 53 235 1268 0.0 
4 24 89 454 0.0 
18 105 420 2065 0.00684931506849 
15 82 47 246 0.0 
14 88 157 872 0.0 
16 90 55 326 0.0 
14 74 38 214 0.0 
14 64 168 808 0.021978021978 
9 55 181 915 0.0105263157895 
6 39 64 340 0.0 
4 18 93 493 0.0 
21 111 0 0 0.0 
9 52 56 332 0.0153846153846 
9 55 0 0 0.222222222222 
3 21 0 0 0.0 
11 89 0 0 0.0 
15 74 72 401 0.0 
7 44 0 0 0.142857142857 
4 17 126 592 0.0 
47 300 0 0 0.0425531914894 
13 59 95 506 0.0 
15 81 0 0 0.0 
8 42 69 316 0.0 
3 19 43 214 0.0 
17 62 108 573 0.024 
16 89 114 656 0.0 
6 25 64 334 0.0 
13 62 76 387 0.0 
15 87 73 446 0.0 
14 68 71 326 0.0235294117647 
18 107 0 0 0.0 
11 58 68 375 0.0126582278481 
11 63 47 270 0.0 
10 60 57 305 0.0 
12 56 41 222 0.0 
12 65 92 520 0.0 
16 74 60 328 0.0 
8 41 106 547 0.00877192982456 
24 136 67 354 0.0 
9 44 86 507 0.0 
12 80 54 301 0.0 
23 148 167 962 0.0 
12 60 85 460 0.0 
7 39 0 0 0.0 
13 58 154 747 0.0 
11 65 70 358 0.0 
10 56 0 0 0.0 
9 45 105 565 0.0 
5 25 89 445 0.0212765957447 
12 58 39 186 0.0196078431373 
7 30 54 289 0.0 
19 105 702 3650 0.0166435506241 
14 73 54 302 0.0441176470588 
8 43 108 551 0.051724137931 
16 90 125 690 0.0141843971631 
8 37 155 808 0.0 
28 146 0 0 0.0714285714286 
10 71 0 0 0.0 
12 71 118 680 0.0 
17 90 84 457 0.0 
5 33 41 224 0.0217391304348 
2 14 54 278 0.0 
8 41 75 390 0.0 
17 76 41 215 0.0 
21 111 69 373 0.0 
4 26 96 518 0.0 
16 74 49 274 0.0 
23 138 117 602 0.0 
29 157 64 340 0.0 
13 72 70 455 0.0 
34 205 43 255 0.0 
8 40 292 1628 0.00666666666667 
4 16 39 214 0.0 
11 66 0 0 0.0 
10 65 0 0 0.0 
13 76 0 0 0.0 
9 54 0 0 0.0 
52 280 103 631 0.0 
8 42 45 246 0.0 
15 79 129 688 0.0 
22 122 42 242 0.0 
12 59 77 415 0.0 
6 41 40 194 0.0 
17 90 38 203 0.0181818181818 
4 30 51 248 0.0 
15 80 62 334 0.0 
10 62 0 0 0.0 
13 72 0 0 0.0 
17 103 59 361 0.0131578947368 
11 64 46 256 0.0350877192982 
34 226 0 0 0.0 
13 68 56 299 0.0289855072464 
21 97 44 235 0.0 
21 98 0 0 0.0 
3 18 44 243 0.0212765957447 
13 76 91 487 0.00961538461538 
14 81 63 380 0.0 
6 39 73 404 0.0 
14 77 0 0 0.0714285714286 
10 54 101 594 0.036036036036 
28 136 84 430 0.0 
46 231 89 515 0.0888888888889 
22 118 54 305 0.0 
13 61 252 1404 0.0 
12 64 40 214 0.0 
15 91 0 0 0.0 
9 36 526 2695 0.00560747663551 
17 85 0 0 0.0588235294118 
16 85 61 334 0.0 
20 136 0 0 0.0 
10 51 0 0 0.0 
11 68 0 0 0.0 
9 51 48 244 0.0175438596491 
35 189 0 0 0.0 
28 146 0 0 0.0357142857143 
27 122 95 467 0.00819672131148 
10 72 210 1121 0.0 
10 57 337 1785 0.0115273775216 
29 157 0 0 0.0689655172414 
31 160 85 459 0.0 
8 54 0 0 0.125 
6 43 37 212 0.046511627907 
16 87 0 0 0.0 
12 81 71 390 0.0240963855422 
28 126 56 281 0.0238095238095 
6 47 756 4412 0.00131233595801 
28 161 508 3065 0.0167910447761 
14 90 80 493 0.0 
4 12 39 207 0.046511627907 
3 15 0 0 0.0 
15 91 220 1203 0.00425531914894 
9 52 162 899 0.0 
17 78 58 292 0.0133333333333 
45 232 0 0 0.0222222222222 
20 114 303 1612 0.0030959752322 
10 49 38 215 0.0 
5 41 0 0 0.0 
6 35 0 0 0.166666666667 
13 60 0 0 0.153846153846 
11 66 0 0 0.0 
9 62 0 0 0.0 
7 43 103 524 0.0 
9 36 67 348 0.0 
2 12 46 255 0.0 
13 77 65 363 0.0 
9 55 117 627 0.0 
8 29 146 749 0.00649350649351 
10 65 87 487 0.0 
6 38 119 664 0.016 
3 25 75 392 0.0 
7 41 100 507 0.0 
28 177 126 683 0.012987012987 
6 29 65 380 0.0 
5 31 0 0 0.0 
21 108 32 155 0.0 
17 90 98 468 0.0 
24 120 90 445 0.0175438596491 
9 50 0 0 0.0 
7 37 0 0 0.142857142857 
11 72 73 420 0.0 
10 57 64 343 0.0135135135135 
9 43 51 296 0.05 
8 44 89 490 0.0 
13 64 70 338 0.0 
5 31 69 392 0.0 
16 85 39 197 0.0 
12 68 79 399 0.010989010989 
15 66 224 1232 0.0 
17 80 57 318 0.0405405405405 
18 136 189 987 0.00966183574879 
13 83 101 546 0.0 
17 82 70 367 0.0 
18 91 76 415 0.0 
4 28 51 276 0.0 
11 60 59 319 0.0 
22 123 263 1398 0.0 
5 30 54 341 0.0 
16 91 0 0 0.0 
3 15 57 295 0.0166666666667 
8 50 86 491 0.0 
14 82 63 350 0.0 
15 87 52 274 0.0149253731343 
13 60 61 322 0.0135135135135 
7 47 177 891 0.0108695652174 
17 89 152 732 0.00591715976331 
8 46 74 364 0.0243902439024 
14 86 42 219 0.0 
10 54 0 0 0.0 
6 36 210 1053 0.00462962962963 
4 26 39 205 0.0232558139535 
11 69 100 511 0.0 
47 290 98 588 0.0 
2 16 65 353 0.0 
13 70 52 277 0.0 
14 67 100 577 0.0 
16 80 88 484 0.0 
7 33 0 0 0.0 
4 25 0 0 0.0 
10 58 37 213 0.0212765957447 
10 60 40 221 0.0 
7 41 0 0 0.0 
5 28 75 387 0.0 
33 231 0 0 0.0 
6 34 54 297 0.0 
9 49 72 417 0.0 
8 56 51 261 0.0 
16 69 66 365 0.0121951219512 
5 33 50 241 0.0727272727273 
12 38 76 306 0.0113636363636 
13 76 43 215 0.0 
12 66 49 244 0.0 
7 50 106 581 0.0 
12 68 1090 6028 0.005444646098 
13 57 41 203 0.0 
14 74 41 212 0.0 
5 24 131 728 0.0 
5 30 55 280 0.0 
20 98 71 386 0.0 
12 60 80 365 0.0 
9 45 248 1198 0.0350194552529 
7 46 54 286 0.0 
17 85 60 288 0.038961038961 
17 85 75 374 0.0326086956522 
8 57 185 917 0.020725388601 
13 68 483 2685 0.0 
2 17 80 421 0.0243902439024 
9 47 255 1396 0.0227272727273 
18 112 58 331 0.0 
11 51 103 523 0.0350877192982 
11 61 51 302 0.0161290322581 
12 64 49 254 0.016393442623 
16 73 49 241 0.0 
12 63 54 284 0.0 
4 23 74 414 0.0 
11 60 42 277 0.0 
17 103 49 292 0.0 
6 38 0 0 0.0 
10 49 77 403 0.0344827586207 
9 51 52 287 0.016393442623 
3 29 60 313 0.015873015873 
6 43 37 212 0.046511627907 
18 89 0 0 0.0 
19 101 180 960 0.0 
14 78 105 578 0.0 
5 30 98 534 0.0 
13 58 58 320 0.0140845070423 
12 54 49 271 0.0 
17 109 0 0 0.117647058824 
11 45 207 1111 0.045871559633 
11 63 0 0 0.0 
5 32 80 424 0.0 
15 81 41 231 0.0 
12 62 0 0 0.0 
11 41 111 567 0.0409836065574 
16 81 20 108 0.0 
11 59 85 454 0.0 
16 72 156 907 0.0 
28 136 116 613 0.0277777777778 
6 35 30 203 0.0 
8 38 114 601 0.0 
10 67 0 0 0.0 
11 64 0 0 0.0909090909091 
4 22 0 0 0.25 
7 36 56 296 0.0 
12 58 43 221 0.0 
17 83 101 533 0.0169491525424 
6 34 54 278 0.0333333333333 
12 86 0 0 0.0 
20 106 57 260 0.0 
12 70 65 330 0.0 
20 102 70 342 0.0 
9 58 0 0 0.0 
8 36 86 448 0.0212765957447 
6 28 329 1786 0.0238805970149 
9 40 52 258 0.0 
6 52 0 0 0.0 
5 33 187 990 0.00520833333333 
10 46 99 496 0.00917431192661 
44 277 0 0 0.0227272727273 
17 105 141 758 0.0 
23 126 42 228 0.0 
10 65 117 627 0.0157480314961 
7 41 44 238 0.0 
15 90 54 266 0.0 
11 65 0 0 0.0909090909091 
12 63 0 0 0.0 
22 134 106 576 0.0078125 
13 63 50 250 0.0 
14 66 47 259 0.0 
9 44 110 632 0.0 
15 89 101 471 0.0172413793103 
15 88 132 811 0.0 
11 53 56 288 0.0 
10 61 62 289 0.0277777777778 
5 37 57 301 0.0 
14 93 0 0 0.0 
5 27 117 684 0.0409836065574 
19 107 62 273 0.0617283950617 
11 51 48 270 0.0 
7 36 176 919 0.0 
9 47 121 685 0.0 
12 58 138 771 0.00666666666667 
16 93 39 188 0.0 
6 43 72 467 0.0 
25 124 122 631 0.0 
7 38 64 365 0.0140845070423 
17 96 0 0 0.0 
13 70 49 288 0.0322580645161 
10 51 23 112 0.0 
14 87 0 0 0.142857142857 
19 120 83 440 0.0 
11 67 146 741 0.0127388535032 
16 79 66 369 0.0121951219512 
14 67 63 320 0.012987012987 
15 85 0 0 0.0 
6 43 37 212 0.046511627907 
9 58 66 332 0.0 
27 133 43 229 0.0 
45 256 143 788 0.0 
7 35 52 282 0.0 
8 37 0 0 0.0 
19 114 60 352 0.0 
12 79 16 107 0.0 
15 78 46 241 0.0 
6 48 55 298 0.0 
8 48 42 225 0.06 
8 53 350 2041 0.0 
24 117 143 719 0.0239520958084 
4 26 90 493 0.0 
7 41 60 336 0.0 
9 45 80 442 0.0112359550562 
6 50 168 888 0.0 
7 48 39 224 0.0 
29 152 26 123 0.0 
10 48 138 722 0.00675675675676 
14 73 96 477 0.0272727272727 
9 45 66 355 0.0 
16 90 46 250 0.0 
8 48 114 589 0.016393442623 
11 67 52 297 0.0 
4 28 138 760 0.0 
14 74 40 208 0.0 
5 37 98 479 0.00970873786408 
16 95 90 537 0.0 
6 31 55 265 0.0327868852459 
17 96 38 229 0.0 
20 132 0 0 0.0 
15 74 178 894 0.00518134715026 
11 42 39 250 0.0 
10 57 0 0 0.0 
8 60 71 382 0.0 
9 47 0 0 0.0 
10 42 90 398 0.0 
11 64 66 350 0.012987012987 
12 73 45 225 0.0 
30 157 0 0 0.1 
13 65 135 834 0.0 
11 55 124 626 0.0 
6 38 59 319 0.0 
9 49 0 0 0.0 
6 37 47 251 0.0188679245283 
8 39 75 418 0.0 
11 74 65 400 0.0 
5 27 41 212 0.0 
6 22 36 203 0.0 
11 68 0 0 0.0 
16 88 0 0 0.0 
7 41 55 297 0.0 
13 76 51 286 0.0 
20 113 50 302 0.0 
12 79 0 0 0.0 
3 18 48 223 0.0 
21 108 53 263 0.0135135135135 
9 57 245 1244 0.00787401574803 
15 80 109 729 0.0806451612903 
9 48 43 227 0.0 
20 104 0 0 0.0 
4 17 41 225 0.0 
12 76 74 419 0.0116279069767 
20 111 49 268 0.0 
4 31 86 423 0.0 
2 13 132 742 0.0 
5 32 239 1338 0.0245901639344 
15 106 0 0 0.0 
11 52 59 253 0.0 
8 39 69 366 0.0 
3 19 161 736 0.0243902439024 
11 58 117 592 0.0 
16 84 109 589 0.016 
4 23 210 1071 0.0140186915888 
20 96 5 18 0.0 
7 29 222 1101 0.0 
30 134 130 635 0.01875 
6 37 63 334 0.0289855072464 
16 64 0 0 0.0 
4 16 43 243 0.0 
25 105 104 598 0.0077519379845 
17 83 45 231 0.0 
11 45 198 954 0.0430622009569 
8 41 24 104 0.0 
4 33 49 246 0.0 
3 21 62 315 0.0 
5 26 70 330 0.0 
16 80 332 1994 0.0172413793103 
15 81 103 524 0.0 
7 47 92 462 0.0 
8 36 72 341 0.0 
10 53 220 1238 0.0130434782609 
9 39 83 424 0.0 
11 60 157 825 0.0119047619048 
8 37 41 211 0.0 
18 83 247 1301 0.0 
6 36 105 545 0.0810810810811 
4 21 40 205 0.0 
3 28 152 769 0.0 
18 116 17 86 0.0 
6 37 63 334 0.0289855072464 
10 58 108 478 0.0169491525424 
5 23 48 249 0.0 
30 154 96 459 0.0 
8 43 205 1151 0.0328638497653 
20 85 183 976 0.0 
6 30 44 222 0.0 
20 98 166 810 0.0 
22 150 17 95 0.0 
6 33 240 1275 0.020325203252 
13 53 56 278 0.0144927536232 
23 117 207 1001 0.0217391304348 
22 98 138 633 0.0375 
13 76 20 87 0.0 
4 36 40 241 0.0 
10 65 214 1046 0.00892857142857 
3 25 324 1684 0.00305810397554 
6 37 74 395 0.0 
9 62 64 332 0.0 
5 40 54 323 0.0338983050847 
3 18 147 737 0.0 
10 40 66 345 0.0 
16 98 65 408 0.0 
5 26 187 920 0.0208333333333 
10 45 67 351 0.0 
15 75 120 579 0.0444444444444 
18 86 22 114 0.0 
8 40 139 742 0.00680272108844 
16 98 123 661 0.0 
13 80 160 860 0.0115606936416 
6 45 69 381 0.0 
6 35 204 1076 0.00952380952381 
5 28 65 328 0.0 
13 61 264 1388 0.00361010830325 
11 62 39 197 0.0 
2 18 135 664 0.0 
11 66 139 779 0.0 
12 68 114 622 0.0634920634921 
7 42 71 349 0.0128205128205 
5 35 85 399 0.0333333333333 
3 15 219 1095 0.036036036036 
9 53 200 1003 0.00478468899522 
13 51 50 233 0.0 
10 61 147 713 0.0 
7 39 312 1637 0.0 
6 36 105 545 0.0810810810811 
11 64 386 1952 0.0125944584383 
26 141 59 289 0.0117647058824 
9 56 234 1210 0.0082304526749 
4 18 43 206 0.0 
16 72 35 168 0.0 
14 77 54 289 0.0 
15 85 61 306 0.0263157894737 
22 123 229 1222 0.0119521912351 
6 29 98 502 0.0 
6 32 98 506 0.0192307692308 
4 24 163 886 0.0 
5 25 24 141 0.0 
20 93 239 1255 0.0 
14 71 93 519 0.0 
10 54 166 1005 0.0 
2 14 70 372 0.0 
7 45 285 1530 0.0 
4 26 30 172 0.0 
7 41 143 670 0.0 
17 93 4 20 0.0 
13 65 27 126 0.0 
8 45 45 246 0.0 
31 155 0 0 0.0322580645161 
11 62 211 1072 0.0225225225225 
14 56 447 2314 0.0216919739696 
6 30 171 881 0.0 
10 46 43 218 0.0 
9 40 96 495 0.0 
42 217 229 1248 0.0 
14 61 334 1632 0.0201149425287 
30 144 150 766 0.0 
3 23 205 1014 0.00961538461538 
9 43 138 701 0.0 
24 102 160 897 0.0108695652174 
5 30 246 1246 0.00398406374502 
11 66 120 630 0.0229007633588 
6 44 265 1362 0.0110701107011 
8 33 159 808 0.0 
6 37 63 334 0.0289855072464 
5 35 147 767 0.00657894736842 
16 71 266 1308 0.00709219858156 
10 60 83 442 0.0 
6 37 63 334 0.0289855072464 
25 137 136 680 0.0372670807453 
12 50 55 272 0.0 
12 57 92 434 0.0192307692308 
17 106 52 263 0.0 
10 79 243 1268 0.0118577075099 
11 51 146 753 0.0127388535032 
6 36 105 545 0.0810810810811 
21 112 64 352 0.0 
12 64 252 1391 0.00757575757576 
10 45 392 1993 0.00248756218905 
3 18 106 546 0.0 
8 51 217 1147 0.0 
9 39 20 90 0.0 
10 52 41 233 0.0196078431373 
19 97 14 70 0.030303030303 
11 41 0 0 0.0 
6 40 91 490 0.020618556701 
9 35 282 1479 0.00687285223368 
7 59 227 1139 0.0042735042735 
4 26 133 703 0.00729927007299 
11 83 134 701 0.0206896551724 
28 129 369 1871 0.0 
12 55 92 436 0.0 
10 49 38 210 0.0 
23 123 49 232 0.0 
13 60 78 400 0.0 
12 70 20 99 0.0 
9 48 34 163 0.0 
14 67 164 893 0.0168539325843 
14 98 147 793 0.00621118012422 
5 29 16 89 0.0 
10 47 190 965 0.0 
9 55 14 80 0.0 
24 130 176 905 0.005 
9 42 213 1035 0.018018018018 
15 75 153 839 0.0119047619048 
7 33 58 315 0.0 
5 39 91 451 0.0208333333333 
7 35 106 507 0.0 
15 82 138 740 0.0 
8 37 32 155 0.0 
9 43 211 1059 0.0136363636364 
21 108 55 280 0.0 
7 40 116 588 0.0 
19 118 37 178 0.0 
17 96 55 285 0.0138888888889 
18 82 0 0 0.0 
5 27 179 1068 0.0 
11 54 179 972 0.0 
22 113 385 2062 0.00982800982801 
14 92 519 2631 0.031894934334 
8 58 568 3122 0.00520833333333 
4 23 195 1278 0.0150753768844 
31 176 5 25 0.0 
21 105 32 127 0.0 
6 32 74 386 0.0 
14 70 663 3488 0.00147710487445 
15 74 71 349 0.0 
7 30 241 1195 0.0161290322581 
14 69 118 564 0.00757575757576 
15 86 70 363 0.0 
10 68 100 538 0.0272727272727 
14 79 69 383 0.0 
21 100 138 719 0.0188679245283 
24 111 40 198 0.0 
12 65 220 1062 0.00862068965517 
15 84 313 1679 0.0030487804878 
15 89 68 353 0.0 
16 104 2 13 0.0 
4 16 52 287 0.0 
6 37 63 334 0.0289855072464 
4 23 23 113 0.0 
9 54 56 278 0.0153846153846 
4 21 89 449 0.0 
15 72 56 270 0.0281690140845 
6 36 170 881 0.0 
10 50 33 159 0.0 
7 43 58 276 0.0153846153846 
10 58 517 2747 0.0284629981025 
6 40 46 247 0.0 
8 46 93 470 0.0 
5 23 77 371 0.0121951219512 
12 58 231 1247 0.0 
17 98 0 0 0.0 
9 37 46 203 0.0 
7 28 50 248 0.0175438596491 
5 32 203 1050 0.00480769230769 
3 15 141 735 0.0 
13 70 226 1156 0.0167364016736 
3 17 153 752 0.0 
20 131 102 514 0.0 
3 23 323 1858 0.0122699386503 
6 31 90 480 0.0 
8 32 48 252 0.0 
12 57 42 210 0.0 
7 47 148 728 0.0258064516129 
4 17 47 222 0.0 
15 70 55 301 0.0 
19 91 160 866 0.00558659217877 
3 29 38 239 0.0 
9 48 56 276 0.0 
11 55 135 683 0.0 
23 131 55 312 0.0 
14 67 108 489 0.0 
9 46 45 225 0.0 
5 36 12 64 0.0 
23 112 78 379 0.00990099009901 
6 29 358 1765 0.0137362637363 
11 71 0 0 0.0 
21 94 189 1024 0.00952380952381 
13 59 0 0 0.0 
8 34 34 159 0.0 
1 10 284 1365 0.00350877192982 
4 19 82 395 0.0348837209302 
8 27 126 620 0.0 
3 17 43 206 0.0 
50 293 85 494 0.0 
11 70 87 493 0.0 
6 41 43 235 0.0 
36 196 0 0 0.0 
23 120 431 2310 0.0 
24 107 370 1885 0.00761421319797 
14 79 226 1236 0.00833333333333 
8 35 21 99 0.0 
3 28 19 102 0.0 
9 40 52 268 0.0327868852459 
17 99 132 739 0.0 
5 35 177 827 0.0 
16 81 271 1346 0.0104529616725 
14 75 109 546 0.0 
12 66 291 1492 0.00660066006601 
10 51 0 0 0.0 
12 58 1043 5348 0.0132701421801 
6 38 68 359 0.0135135135135 
4 19 167 829 0.0116959064327 
13 82 160 857 0.0 
12 51 71 319 0.0120481927711 
8 50 150 743 0.0189873417722 
10 49 41 197 0.0 
21 92 347 1794 0.00271739130435 
13 71 45 264 0.0 
5 43 93 504 0.0 
27 134 123 611 0.0133333333333 
35 158 601 3101 0.0 
4 15 92 466 0.0208333333333 
7 54 284 1365 0.00343642611684 
8 54 150 733 0.0 
20 105 16 76 0.0 
19 107 15 79 0.0294117647059 
3 18 37 189 0.0 
9 44 22 131 0.0 
11 53 526 2773 0.0 
19 108 108 571 0.0 
8 53 901 4618 0.019801980198 
9 57 188 1046 0.0152284263959 
11 81 260 1421 0.0 
8 44 79 439 0.0 
8 45 27 136 0.0571428571429 
12 75 139 747 0.0 
27 125 93 445 0.00833333333333 
10 69 20 105 0.0 
13 83 112 751 0.0 
5 29 99 509 0.0 
17 97 65 349 0.0121951219512 
25 142 117 617 0.00704225352113 
4 18 64 344 0.0 
30 140 460 2326 0.00612244897959 
5 34 110 566 0.00869565217391 
13 75 4 12 0.0588235294118 
5 33 39 199 0.0454545454545 
6 40 262 1388 0.0 
7 30 199 974 0.0 
21 104 160 783 0.0110497237569 
11 44 148 733 0.0 
21 94 174 889 0.0102564102564 
35 176 344 2070 0.0131926121372 
8 32 62 331 0.0285714285714 
5 36 160 822 0.0181818181818 
6 36 173 940 0.0223463687151 
15 78 537 2634 0.0018115942029 
27 159 303 1487 0.0333333333333 
17 86 0 0 0.0 
7 34 80 416 0.0 
3 18 89 504 0.0217391304348 
9 40 77 369 0.0 
8 43 14 72 0.0 
2 20 18 86 0.0 
9 57 79 395 0.0113636363636 
13 60 95 494 0.0 
4 28 28 158 0.0 
8 39 123 581 0.00763358778626 
12 76 2084 10938 0.013358778626 
7 51 16 111 0.0 
6 42 49 239 0.0181818181818 
12 59 93 451 0.0 
6 45 62 347 0.0294117647059 
13 69 77 382 0.0111111111111 
5 24 89 441 0.0106382978723 
5 32 154 774 0.0251572327044 
14 91 78 440 0.0108695652174 
7 48 469 2422 0.0147058823529 
16 79 817 4358 0.0324129651861 
12 60 73 346 0.0 
17 90 73 358 0.0111111111111 
15 72 177 871 0.0260416666667 
1 7 7 46 0.0 
6 36 160 856 0.0120481927711 
5 16 149 713 0.00649350649351 
5 35 26 153 0.0 
12 65 23 142 0.0 
9 48 34 179 0.0 
8 38 109 609 0.0 
11 50 34 188 0.0222222222222 
12 88 33 184 0.0 
32 159 540 2644 0.00524475524476 
17 95 337 1765 0.00564971751412 
12 52 337 1626 0.025787965616 
6 28 59 350 0.0 
8 46 99 541 0.0 
5 35 86 393 0.021978021978 
12 67 31 155 0.0 
16 72 135 668 0.00662251655629 
18 116 51 248 0.0 
13 59 587 2984 0.0116666666667 
11 61 83 440 0.0 
12 70 41 195 0.0377358490566 
9 57 60 307 0.0434782608696 
19 104 61 304 0.0 
11 57 77 398 0.0 
10 54 198 987 0.0 
18 76 80 360 0.0 
19 106 50 279 0.0 
4 23 173 825 0.0112994350282 
10 34 47 222 0.0701754385965 
7 38 78 416 0.0 
16 79 487 2406 0.00198807157058 
10 68 100 538 0.0272727272727 
2 14 119 596 0.0 
19 103 15 84 0.0588235294118 
11 59 18 103 0.0 
5 33 304 1510 0.0161812297735 
1 9 10 51 0.0 
4 23 57 254 0.016393442623 
12 55 16 88 0.0 
18 84 281 1456 0.0133779264214 
14 72 63 351 0.0519480519481 
14 48 64 329 0.0128205128205 
16 77 528 2848 0.00183823529412 
7 33 42 229 0.0408163265306 
15 69 245 1156 0.0115384615385 
6 22 184 916 0.00526315789474 
10 49 170 858 0.0166666666667 
10 40 64 323 0.0 
14 77 87 442 0.0 
14 75 129 662 0.00699300699301 
8 44 108 538 0.0172413793103 
9 36 158 808 0.0119760479042 
5 29 111 489 0.0431034482759 
11 52 413 2005 0.0188679245283 
13 75 91 505 0.00961538461538 
10 43 0 0 0.0 
9 56 142 751 0.0397350993377 
8 32 77 402 0.0 
9 40 79 415 0.0 
5 32 91 469 0.0 
7 38 24 119 0.0 
8 53 137 942 0.0344827586207 
18 72 34 153 0.0 
8 48 61 320 0.0 
14 62 249 1479 0.0152091254753 
12 65 155 682 0.0299401197605 
12 47 44 208 0.0 
3 29 139 830 0.0 
11 61 43 218 0.0 
22 89 265 1247 0.00696864111498 
14 71 159 781 0.0404624277457 
21 121 135 734 0.0 
6 28 441 2261 0.0201342281879 
2 19 40 208 0.0 
13 65 347 1856 0.00277777777778 
6 29 20 86 0.0 
7 41 135 679 0.0 
7 46 280 1436 0.0209059233449 
7 39 189 976 0.00510204081633 
13 59 319 1667 0.0 
16 69 167 826 0.0109289617486 
10 53 147 811 0.0 
12 65 248 1365 0.00769230769231 
12 58 111 563 0.0 
2 15 74 327 0.0 
17 82 138 753 0.00645161290323 
18 91 405 2115 0.00472813238771 
22 96 374 1877 0.0151515151515 
17 92 339 1820 0.00280898876404 
15 70 127 643 0.0140845070423 
8 36 201 1128 0.0143540669856 
11 58 157 876 0.0238095238095 
13 71 0 0 0.0 
27 150 180 889 0.0048309178744 
6 36 105 545 0.0810810810811 
5 22 236 1221 0.0 
6 40 91 490 0.020618556701 
6 37 63 334 0.0289855072464 
2 7 26 142 0.0 
3 22 130 654 0.00751879699248 
5 31 83 481 0.0 
11 70 470 2333 0.010395010395 
4 29 122 597 0.0 
7 41 35 179 0.0 
14 78 58 310 0.0 
6 38 188 953 0.0257731958763 
12 57 42 185 0.0 
8 39 123 649 0.0381679389313 
6 33 102 528 0.0 
30 148 85 421 0.00869565217391 
10 56 70 359 0.0 
7 30 61 293 0.0 
13 62 235 1226 0.0 
7 27 485 2370 0.00609756097561 
11 41 292 1453 0.00990099009901 
6 32 37 225 0.0 
6 34 142 721 0.00675675675676 
11 42 102 477 0.00884955752212 
2 16 37 175 0.0 
4 42 37 233 0.0 
15 95 211 1111 0.00884955752212 
8 40 27 137 0.0 
17 87 206 1153 0.0 
8 41 23 114 0.0 
19 102 81 418 0.0 
2 18 302 1513 0.00986842105263 
14 60 123 615 0.00729927007299 
6 37 63 334 0.0289855072464 
14 57 401 2043 0.00963855421687 
9 47 91 475 0.02 
13 66 107 541 0.0 
19 89 105 500 0.0 
20 92 307 1556 0.0 
12 61 218 1065 0.0130434782609 
10 51 28 171 0.0 
6 37 305 1632 0.016077170418 
8 54 149 890 0.00636942675159 
12 51 108 484 0.0166666666667 
6 33 22 131 0.0 
5 34 174 889 0.0 
6 39 62 331 0.0 
18 86 171 841 0.0 
14 69 92 485 0.0188679245283 
10 49 100 474 0.0454545454545 
9 34 56 272 0.0153846153846 
13 70 197 1064 0.0047619047619 
7 33 154 744 0.0 
10 59 281 1372 0.0103092783505 
16 71 285 1434 0.0 
15 69 74 357 0.0224719101124 
17 69 168 872 0.00540540540541 
4 19 88 452 0.0 
39 185 73 373 0.0 
12 69 376 2088 0.00257731958763 
7 32 172 848 0.0 
15 105 62 312 0.0 
19 78 267 1357 0.0034965034965 
7 42 51 266 0.0 
7 38 29 127 0.111111111111 
4 32 42 236 0.0 
20 128 142 747 0.00617283950617 
32 173 48 246 0.0125 
10 51 562 3040 0.0034965034965 
7 43 57 314 0.0 
13 62 270 1365 0.017667844523 
11 60 72 401 0.0120481927711 
11 69 14 76 0.0 
5 36 94 430 0.010101010101 
2 9 35 161 0.0540540540541 
21 101 14 68 0.0285714285714 
20 95 300 1479 0.0 
9 51 30 151 0.0 
16 84 250 1372 0.00751879699248 
21 96 12 70 0.0 
5 29 46 242 0.0 
5 30 227 1202 0.00431034482759 
18 87 15 121 0.0 
18 95 43 205 0.0 
3 25 49 246 0.0 
11 59 102 575 0.0 
12 65 231 1206 0.0082304526749 
10 64 193 956 0.00492610837438 
5 32 113 536 0.0 
5 27 63 320 0.0 
3 19 46 258 0.0 
16 74 69 344 0.0 
5 17 163 874 0.00595238095238 
27 130 31 161 0.0 
4 27 62 343 0.0 
12 49 67 360 0.0 
6 60 164 922 0.0 
14 61 176 853 0.0105263157895 
7 40 228 1217 0.0 
10 56 175 856 0.0162162162162 
10 54 17 85 0.0 
12 58 144 755 0.025641025641 
22 146 89 463 0.0 
10 45 47 248 0.0 
16 62 259 1242 0.0109090909091 
4 26 41 189 0.0 
6 34 112 575 0.00847457627119 
4 29 75 459 0.0 
11 69 154 787 0.0121212121212 
20 123 222 1134 0.0165289256198 
8 29 241 1088 0.00401606425703 
6 37 63 334 0.0289855072464 
12 63 116 583 0.0 
3 26 57 307 0.0166666666667 
13 55 51 259 0.0 
16 76 52 294 0.0294117647059 
11 58 104 498 0.0173913043478 
22 130 77 391 0.0 
9 49 88 457 0.0 
6 27 93 480 0.020202020202 
8 50 216 1123 0.00892857142857 
9 49 94 442 0.0 
14 70 175 917 0.0 
12 76 44 239 0.0535714285714 
15 84 127 586 0.0985915492958 
16 66 365 1874 0.00262467191601 
16 80 45 238 0.0 
4 27 200 979 0.00490196078431 
14 67 99 494 0.0 
20 132 68 365 0.0 
13 69 450 2427 0.0 
8 52 119 719 0.0 
9 37 92 446 0.0 
4 30 22 110 0.0 
4 17 81 365 0.0 
6 28 40 187 0.0 
12 56 200 1010 0.00471698113208 
6 35 18 94 0.0 
13 62 318 1671 0.00302114803625 
8 49 60 319 0.0 
5 34 34 168 0.0 
5 19 40 242 0.0 
20 87 31 144 0.0 
12 50 323 1809 0.0119402985075 
5 23 259 1321 0.0113636363636 
11 55 219 1154 0.0173913043478 
16 96 56 300 0.0277777777778 
12 57 189 1010 0.0 
8 35 59 281 0.0 
19 102 45 220 0.0 
9 63 221 1089 0.00869565217391 
12 72 188 913 0.005 
21 101 153 770 0.0 
8 50 221 1146 0.0131004366812 
16 75 320 1733 0.00297619047619 
12 61 115 690 0.0 
14 69 167 848 0.00552486187845 
9 50 427 2480 0.00229357798165 
5 47 199 1052 0.00490196078431 
11 62 27 130 0.0 
12 54 6 26 0.0 
9 63 326 1653 0.00597014925373 
12 54 99 530 0.027027027027 
5 21 59 291 0.0 
7 44 31 161 0.0 
8 34 265 1345 0.029304029304 
3 25 73 376 0.0 
15 81 237 1211 0.00793650793651 
10 46 85 442 0.0105263157895 
9 43 248 1224 0.00778210116732 
5 31 76 392 0.0 
14 77 0 0 0.142857142857 
7 45 53 303 0.0 
10 65 90 458 0.0 
15 83 0 0 0.0 
14 83 131 670 0.0 
8 38 43 229 0.0196078431373 
10 51 133 618 0.0 
8 51 17 77 0.0 
16 107 112 590 0.0 
8 50 33 197 0.0 
7 42 109 754 0.0 
14 73 23 165 0.0 
17 93 40 205 0.0175438596491 
16 82 100 498 0.00862068965517 
12 60 173 1048 0.0162162162162 
16 82 56 305 0.0 
15 86 204 1098 0.00456621004566 
10 70 148 781 0.0189873417722 
5 28 62 336 0.0 
15 66 230 1216 0.0285714285714 
5 29 31 158 0.0 
8 47 26 134 0.0 
10 57 36 181 0.0 
6 19 136 654 0.0352112676056 
25 131 197 1167 0.00900900900901 
14 56 126 658 0.0 
4 26 77 361 0.0 
17 83 46 220 0.0 
22 102 86 472 0.0 
9 37 408 2103 0.0167865707434 
19 112 28 159 0.0212765957447 
16 73 64 332 0.0 
19 91 308 1470 0.0244648318043 
20 89 57 328 0.0 
8 32 106 628 0.00877192982456 
15 87 47 264 0.0 
7 43 86 463 0.0 
13 59 379 2088 0.0 
10 61 15 89 0.0 
26 148 61 346 0.0 
5 40 79 465 0.0238095238095 
7 29 128 683 0.0 
9 44 153 773 0.0 
5 40 79 465 0.0238095238095 
9 39 34 170 0.0697674418605 
15 87 135 703 0.0 
15 80 38 200 0.0 
6 25 136 704 0.0 
12 60 58 290 0.0285714285714 
5 25 35 178 0.0 
13 57 117 608 0.0 
3 18 67 357 0.0142857142857 
11 51 43 192 0.0185185185185 
5 35 24 119 0.0 
7 33 24 101 0.0 
9 48 97 522 0.0283018867925 
9 45 245 1174 0.0 
13 62 75 374 0.0 
12 74 184 1061 0.0 
13 62 46 217 0.0 
9 58 56 278 0.0 
5 18 40 199 0.0222222222222 
19 96 321 1668 0.0147058823529 
17 76 167 904 0.0 
14 61 99 480 0.0 
3 28 40 234 0.0 
18 85 106 554 0.00806451612903 
7 29 29 143 0.0 
9 35 159 808 0.0 
9 46 43 210 0.0 
9 53 27 132 0.0277777777778 
18 83 116 595 0.0223880597015 
12 83 201 1047 0.0093896713615 
2 20 44 247 0.0434782608696 
11 62 53 279 0.0 
6 37 63 334 0.0289855072464 
9 44 87 430 0.0416666666667 
10 54 34 163 0.0 
5 27 125 619 0.0 
16 84 17 84 0.0 
10 54 264 1429 0.014598540146 
12 55 20 101 0.0 
5 20 52 273 0.0 
6 37 63 334 0.0289855072464 
9 61 264 1334 0.00732600732601 
9 41 58 299 0.044776119403 
5 40 79 465 0.0238095238095 
9 55 295 1599 0.0197368421053 
18 71 371 1864 0.00514138817481 
6 39 26 137 0.0 
16 76 312 1470 0.0365853658537 
14 73 92 500 0.0 
13 68 67 435 0.0 
17 77 38 168 0.0 
4 31 105 603 0.0183486238532 
11 56 624 3141 0.00314960629921 
3 25 99 512 0.0 
4 34 30 142 0.0588235294118 
15 77 270 1483 0.00350877192982 
13 74 28 151 0.0 
9 59 100 483 0.0183486238532 
6 42 87 465 0.0 
6 43 36 180 0.0 
8 52 1044 5389 0.000950570342205 
21 81 93 443 0.00877192982456 
9 53 264 1353 0.014652014652 
11 65 213 1118 0.00446428571429 
4 42 131 648 0.0 
22 97 0 0 0.0 
8 49 95 474 0.0 
10 47 40 223 0.0 
6 37 63 334 0.0289855072464 
5 35 52 301 0.0 
17 93 41 238 0.0 
8 31 116 571 0.00806451612903 
26 116 261 1332 0.0 
6 39 43 203 0.0 
15 82 7 36 0.0 
9 52 52 285 0.0 
11 65 42 226 0.0 
27 127 393 1977 0.00714285714286 
15 75 223 1054 0.0210084033613 
14 55 302 1524 0.0189873417722 
12 76 50 263 0.0 
10 44 42 226 0.0192307692308 
7 29 314 1490 0.0249221183801 
7 40 315 1704 0.027950310559 
18 97 9 51 0.0 
10 52 106 530 0.0 
5 32 33 187 0.0 
9 46 83 444 0.0108695652174 
13 72 319 1709 0.0421686746988 
4 28 127 662 0.0229007633588 
4 41 22 111 0.0 
4 29 28 162 0.0 
9 50 42 232 0.0 
13 80 8 43 0.047619047619 
6 38 141 772 0.00680272108844 
13 70 0 0 0.0 
13 52 55 260 0.0588235294118 
8 41 118 632 0.0 
7 42 46 227 0.0 
10 66 350 1927 0.0388888888889 
10 40 390 2282 0.0075 
4 29 243 1256 0.0121457489879 
25 125 97 461 0.00819672131148 
20 93 131 630 0.0 
20 138 130 686 0.0 
21 89 116 588 0.0 
9 53 52 279 0.016393442623 
10 49 39 158 0.0 
16 82 47 245 0.0 
14 53 91 442 0.0 
12 47 630 3045 0.0109034267913 
7 43 18 95 0.0 
9 46 17 102 0.0 
4 23 79 462 0.0 
5 28 49 260 0.0185185185185 
3 28 66 385 0.0 
10 44 195 1108 0.00487804878049 
6 39 39 195 0.0 
15 49 146 708 0.0186335403727 
12 65 135 675 0.0136054421769 
12 55 18 97 0.0 
3 18 97 524 0.01 
15 100 66 346 0.0493827160494 
13 67 1638 8666 0.0109024833434 
32 152 254 1261 0.013986013986 
3 25 30 176 0.0 
13 71 156 800 0.0 
14 51 25 124 0.0 
10 41 113 555 0.0 
28 130 103 512 0.0 
4 30 69 363 0.013698630137 
14 72 53 282 0.0 
5 26 236 1214 0.0124481327801 
16 74 88 444 0.00961538461538 
8 68 216 1167 0.00446428571429 
7 45 49 264 0.0 
18 87 96 475 0.0 
8 42 110 611 0.0 
10 62 103 479 0.0353982300885 
11 56 144 773 0.0 
3 14 133 660 0.0147058823529 
7 54 128 628 0.0 
11 68 89 451 0.0 
4 22 71 384 0.0133333333333 
27 123 344 1744 0.010781671159 
10 43 178 859 0.0 
9 49 67 342 0.0 
34 163 20 106 0.0 
5 34 411 2157 0.00480769230769 
7 38 112 564 0.00840336134454 
6 37 59 314 0.0 
18 97 54 282 0.0 
4 34 171 884 0.0 
10 41 131 665 0.0 
11 49 176 911 0.00534759358289 
10 69 110 527 0.0166666666667 
15 88 81 425 0.0104166666667 
5 19 355 1839 0.0166666666667 
5 29 37 204 0.0 
12 72 96 508 0.0277777777778 
9 44 92 469 0.0 
6 37 63 334 0.0289855072464 
4 26 34 195 0.0263157894737 
10 40 356 1733 0.0109289617486 
7 23 192 983 0.00502512562814 
7 43 137 661 0.0 
17 67 120 591 0.029197080292 
18 98 78 397 0.0104166666667 
8 26 237 1245 0.00816326530612 
6 26 35 183 0.0 
8 38 44 233 0.0 
4 33 74 413 0.0 
5 39 58 273 0.015873015873 
5 33 53 280 0.0 
5 27 186 911 0.0104712041885 
15 90 18 98 0.0 
7 32 65 372 0.0277777777778 
3 21 74 445 0.0 
5 34 140 760 0.00689655172414 
16 80 170 830 0.010752688172 
8 51 197 989 0.0 
2 13 163 864 0.0 
4 18 165 885 0.0177514792899 
22 108 0 0 0.0 
8 41 50 239 0.0 
10 63 90 506 0.0 
7 59 1013 5567 0.000980392156863 
17 79 100 498 0.034188034188 
12 70 28 168 0.0 
14 75 65 337 0.0 
6 38 164 859 0.0 
5 37 75 375 0.0 
15 85 8 52 0.0 
10 57 20 108 0.0 
2 14 50 267 0.0 
6 40 91 490 0.020618556701 
8 38 86 470 0.0 
3 25 268 1472 0.00738007380074 
5 42 136 670 0.00709219858156 
8 50 54 281 0.0 
3 14 341 2222 0.165697674419 
8 36 81 376 0.0 
15 85 5 25 0.0 
15 93 474 2466 0.0 
14 73 233 1259 0.0080971659919 
8 42 121 585 0.0077519379845 
10 70 117 557 0.125984251969 
9 57 165 950 0.0 
9 41 162 803 0.0175438596491 
14 77 188 955 0.00990099009901 
8 27 137 643 0.0206896551724 
12 62 48 269 0.0 
6 42 31 140 0.108108108108 
11 47 200 1015 0.00473933649289 
16 83 19 109 0.0 
18 78 255 1276 0.018315018315 
9 63 297 1497 0.016339869281 
3 17 91 454 0.0212765957447 
14 90 237 1283 0.0 
28 100 16 79 0.0 
6 34 50 267 0.0 
43 210 47 257 0.0 
5 19 85 433 0.0 
13 69 43 187 0.0 
15 72 170 897 0.0 
9 42 27 154 0.0 
3 24 162 803 0.0242424242424 
5 31 63 348 0.0 
5 19 279 1401 0.0105633802817 
10 67 40 207 0.0 
4 20 51 288 0.0 
3 25 60 306 0.0 
8 43 50 233 0.0 
9 66 145 854 0.0 
5 14 105 525 0.00909090909091 
18 84 158 804 0.0 
4 13 26 154 0.0 
17 66 34 175 0.0 
3 23 160 688 0.0122699386503 
45 202 213 1043 0.0 
8 49 23 95 0.0645161290323 
17 82 183 917 0.045 
9 44 99 452 0.0 
14 75 26 137 0.0 
16 84 15 85 0.0 
4 25 42 203 0.0 
21 95 292 1511 0.0191693290735 
8 53 143 678 0.0198675496689 
9 46 409 2062 0.00239234449761 
3 25 111 611 0.0 
13 56 163 767 0.0 
5 19 334 1683 0.00294985250737 
9 37 151 742 0.0 
10 55 265 1369 0.00363636363636 
9 68 461 2290 0.0063829787234 
5 36 101 530 0.0188679245283 
19 89 634 3162 0.00459418070444 
17 89 39 198 0.0 
4 18 35 186 0.0 
7 53 106 613 0.0 
4 25 212 1111 0.00462962962963 
10 53 23 187 0.030303030303 
9 47 66 359 0.04 
8 40 4 15 0.0 
10 68 80 385 0.0 
13 84 154 814 0.0059880239521 
26 135 291 1408 0.00315457413249 
7 33 162 909 0.00591715976331 
14 78 133 681 0.0 
11 59 132 736 0.0 
4 35 35 201 0.0 
18 101 0 0 0.0 
20 117 101 546 0.0 
12 69 28 141 0.05 
6 35 183 919 0.010582010582 
13 83 208 1098 0.00904977375566 
5 32 40 199 0.0222222222222 
7 38 245 1309 0.0 
14 68 195 976 0.00478468899522 
12 61 105 629 0.0 
8 41 10 52 0.0 
4 18 70 383 0.0 
7 32 17 94 0.0 
7 28 83 408 0.0111111111111 
3 17 42 209 0.0 
14 70 99 448 0.00884955752212 
7 35 70 398 0.0 
8 42 267 1380 0.00363636363636 
10 39 319 1636 0.00607902735562 
5 35 91 449 0.0104166666667 
4 29 107 544 0.027027027027 
8 42 109 589 0.017094017094 
6 36 79 426 0.0235294117647 
11 60 179 941 0.00526315789474 
7 38 143 809 0.00666666666667 
15 69 184 894 0.0 
13 53 123 639 0.0 
25 123 164 835 0.037037037037 
13 58 252 1328 0.011320754717 
7 39 125 621 0.0227272727273 
5 33 44 224 0.0 
9 47 108 558 0.0 
13 57 246 1253 0.0 
13 74 27 145 0.0 
7 29 925 4544 0.0 
9 40 13 55 0.0454545454545 
9 57 327 1693 0.00297619047619 
7 44 47 260 0.0 
10 36 63 328 0.013698630137 
15 88 102 543 0.0 
9 55 48 253 0.0 
13 71 161 795 0.0459770114943 
4 30 68 346 0.0 
10 64 0 0 0.0 
7 44 597 3208 0.0132450331126 
9 58 0 0 0.0 
10 54 99 508 0.0 
7 49 92 472 0.010101010101 
6 44 254 1328 0.0846153846154 
4 19 0 0 0.25 
12 66 137 687 0.0134228187919 
14 81 155 787 0.0 
11 66 0 0 0.0 
20 98 58 297 0.025641025641 
7 49 27 152 0.0294117647059 
10 65 205 1011 0.0279069767442 
8 52 28 156 0.0 
9 57 351 1775 0.0527777777778 
20 100 388 2190 0.0 
14 61 167 985 0.00552486187845 
11 53 36 203 0.0 
3 27 141 812 0.0208333333333 
2 22 158 842 0.0125 
21 96 0 0 0.0 
4 19 75 369 0.0 
9 64 156 921 0.0181818181818 
9 48 94 495 0.0 
5 31 45 212 0.0 
13 76 0 0 0.0 
5 29 40 194 0.0 
5 34 148 785 0.0 
14 57 0 0 0.0 
6 36 130 726 0.0 
11 53 65 356 0.0 
8 51 20 113 0.0 
38 277 0 0 0.0 
7 61 75 336 0.0121951219512 
9 57 78 405 0.0 
3 16 0 0 0.0 
18 103 10 30 0.0 
9 50 41 206 0.02 
3 24 241 1251 0.0 
3 20 75 393 0.025641025641 
7 43 119 625 0.0 
23 118 0 0 0.0 
8 56 0 0 0.0 
4 27 73 381 0.012987012987 
10 50 0 0 0.2 
6 43 80 404 0.0581395348837 
11 61 290 1474 0.00332225913621 
3 19 58 314 0.0 
9 39 41 271 0.02 
4 30 33 194 0.0 
5 31 99 500 0.0192307692308 
6 48 0 0 0.0 
3 19 0 0 0.0 
6 39 87 424 0.0 
8 42 112 642 0.025 
3 34 71 397 0.0 
3 20 120 620 0.0162601626016 
5 35 0 0 0.0 
8 53 0 0 0.0 
6 55 0 0 0.0 
12 79 212 1118 0.00892857142857 
9 54 15 81 0.0 
17 79 133 694 0.0 
8 52 63 345 0.0 
2 18 48 262 0.0 
6 33 0 0 0.0 
15 78 113 624 0.0 
4 25 0 0 0.0 
13 75 231 1105 0.0286885245902 
11 55 54 308 0.0 
6 41 72 397 0.025641025641 
6 45 272 1429 0.00719424460432 
16 80 0 0 0.0 
11 64 0 0 0.0 
5 30 0 0 0.2 
13 73 17 107 0.0 
3 27 0 0 0.0 
9 59 0 0 0.111111111111 
8 35 0 0 0.0 
9 49 0 0 0.0 
9 44 208 999 0.073732718894 
5 32 25 121 0.0 
9 58 682 3672 0.305354558611 
9 68 153 793 0.0246913580247 
6 26 116 567 0.0 
8 34 0 0 0.125 
12 75 134 660 0.013698630137 
8 49 117 658 0.008 
2 11 38 178 0.05 
6 38 447 2413 0.0110375275938 
6 24 87 438 0.0 
7 38 133 700 0.0285714285714 
26 159 23 114 0.0 
22 132 0 0 0.0 
23 116 173 909 0.0 
9 60 209 1028 0.0229357798165 
5 45 73 417 0.025641025641 
7 41 34 168 0.0 
14 97 0 0 0.0714285714286 
5 34 0 0 0.0 
14 120 46 254 0.0 
21 95 223 1159 0.0122950819672 
9 57 141 782 0.0 
5 40 39 224 0.0227272727273 
5 32 338 1789 0.0320699708455 
1 10 97 469 0.0204081632653 
4 26 80 468 0.0 
6 46 68 376 0.0 
3 28 72 358 0.0133333333333 
13 61 27 169 0.0 
3 28 28 146 0.0 
4 30 95 499 0.010101010101 
4 26 112 546 0.0 
8 43 106 605 0.0175438596491 
4 24 99 522 0.0 
3 17 0 0 0.0 
4 39 85 467 0.0 
11 78 6 50 0.0 
3 25 136 714 0.0215827338129 
18 109 48 252 0.030303030303 
5 22 54 253 0.0 
11 67 280 1579 0.0 
20 122 0 0 0.05 
6 29 0 0 0.166666666667 
8 58 25 128 0.0 
3 27 64 336 0.0 
10 53 0 0 0.0 
14 67 35 175 0.0 
8 40 39 178 0.0 
4 26 30 192 0.0 
6 40 66 352 0.0 
12 62 0 0 0.0 
19 88 40 201 0.0 
25 134 0 0 0.0 
11 78 0 0 0.0 
3 17 26 133 0.0 
12 66 108 569 0.0 
9 51 0 0 0.0 
31 155 0 0 0.0 
16 104 0 0 0.0 
19 107 0 0 0.157894736842 
8 41 113 647 0.0 
2 14 0 0 0.0 
24 127 11 87 0.0571428571429 
15 113 0 0 0.0 
11 56 88 436 0.0707070707071 
11 63 0 0 0.0 
6 32 153 815 0.0188679245283 
5 27 25 126 0.0 
5 41 53 277 0.0 
5 37 74 379 0.0 
9 55 59 299 0.0 
12 65 6 24 0.0 
3 14 103 482 0.0188679245283 
22 119 3741 19943 0.0207281424395 
7 41 155 849 0.00617283950617 
7 40 107 545 0.0263157894737 
10 66 0 0 0.0 
4 27 12 51 0.0 
7 45 0 0 0.0 
4 39 0 0 0.0 
7 47 131 659 0.0144927536232 
10 53 106 532 0.0775862068966 
11 85 320 1852 0.0211480362538 
17 92 46 230 0.0 
9 44 74 374 0.0 
8 47 0 0 0.0 
15 85 117 688 0.0 
4 15 28 128 0.0 
10 49 0 0 0.1 
3 21 45 236 0.104166666667 
15 107 132 660 0.0544217687075 
5 30 129 671 0.044776119403 
7 35 23 106 0.0 
4 33 168 866 0.0 
8 43 106 605 0.0175438596491 
5 28 151 732 0.00641025641026 
13 83 21 112 0.0 
4 25 79 444 0.0602409638554 
12 72 158 890 0.0176470588235 
16 78 14 90 0.0 
8 54 436 2241 0.018018018018 
9 51 59 298 0.0 
9 61 439 2300 0.015625 
2 16 111 622 0.0 
14 88 22 115 0.0 
8 40 0 0 0.0 
10 48 0 0 0.0 
16 100 0 0 0.0 
7 44 0 0 0.0 
10 40 118 563 0.0078125 
9 71 78 383 0.0 
5 34 79 416 0.0 
6 47 0 0 0.0 
6 38 0 0 0.0 
11 63 96 527 0.0 
4 20 0 0 0.0 
9 51 47 233 0.0 
9 36 0 0 0.0 
19 94 137 733 0.0 
10 68 0 0 0.0 
3 19 104 543 0.0467289719626 
6 58 84 473 0.0 
3 19 111 594 0.0 
22 110 148 804 0.00588235294118 
6 37 144 711 0.0133333333333 
8 42 88 529 0.0208333333333 
8 55 95 516 0.0 
8 36 13 72 0.0 
8 44 160 758 0.0119047619048 
14 72 127 727 0.0 
12 66 10 43 0.0454545454545 
9 41 65 316 0.108108108108 
16 96 214 1117 0.00869565217391 
12 76 60 319 0.0 
7 37 70 332 0.0 
4 24 125 635 0.031007751938 
4 45 130 718 0.0149253731343 
8 42 88 529 0.0208333333333 
11 44 239 1188 0.0 
15 89 0 0 0.0 
20 112 62 300 0.0609756097561 
9 49 192 1018 0.044776119403 
15 61 76 401 0.010989010989 
8 50 75 397 0.0 
8 47 0 0 0.0 
4 47 47 287 0.0 
7 30 0 0 0.0 
14 83 0 0 0.0 
15 83 0 0 0.0 
4 30 407 2312 0.0 
10 54 85 460 0.0 
16 89 231 1237 0.0121457489879 
10 63 110 532 0.0416666666667 
12 60 85 440 0.0103092783505 
41 258 0 0 0.0 
7 35 171 893 0.0112359550562 
5 40 36 185 0.0 
12 91 0 0 0.0 
7 35 0 0 0.0 
26 155 12 54 0.0 
18 98 471 2390 0.0654396728016 
10 52 115 659 0.032 
17 102 198 1144 0.0093023255814 
4 24 114 554 0.00847457627119 
11 58 36 175 0.0 
6 29 61 330 0.0149253731343 
8 52 203 1184 0.0189573459716 
6 46 0 0 0.0 
9 59 70 359 0.0 
7 50 0 0 0.0 
12 73 91 548 0.0 
7 41 74 372 0.0 
11 76 0 0 0.0 
3 18 0 0 0.0 
4 22 120 618 0.00806451612903 
13 62 224 1091 0.0675105485232 
4 20 0 0 0.0 
5 39 56 320 0.0 
13 79 480 2481 0.0243407707911 
6 38 0 0 0.0 
16 97 105 521 0.0247933884298 
17 107 140 773 0.0 
15 77 44 198 0.0 
7 38 386 1967 0.0 
10 79 0 0 0.1 
10 60 104 505 0.114035087719 
7 33 50 242 0.0 
27 155 240 1328 0.0 
8 43 106 605 0.0175438596491 
3 27 88 489 0.0 
8 54 0 0 0.125 
8 52 169 911 0.00564971751412 
6 33 73 382 0.0 
13 67 76 358 0.0112359550562 
5 41 163 815 0.0357142857143 
9 55 194 1064 0.0837438423645 
10 58 104 484 0.140350877193 
8 31 46 191 0.0 
8 43 39 199 0.0 
10 85 0 0 0.0 
30 166 0 0 0.0 
11 66 62 337 0.013698630137 
12 53 49 266 0.0 
15 106 22 123 0.027027027027 
15 93 20 101 0.0 
6 47 200 1127 0.0194174757282 
4 33 131 722 0.0 
8 43 106 605 0.0175438596491 
7 43 78 445 0.0 
6 34 0 0 0.0 
7 38 0 0 0.0 
10 66 138 685 0.00675675675676 
14 82 131 754 0.0206896551724 
9 61 100 501 0.0 
7 35 271 1439 0.0251798561151 
5 51 85 481 0.0111111111111 
23 129 6 33 0.0 
18 107 0 0 0.0 
5 39 93 453 0.030612244898 
42 287 0 0 0.0 
8 42 88 529 0.0208333333333 
15 66 29 148 0.0 
7 37 98 477 0.0 
7 43 137 710 0.0208333333333 
12 81 124 735 0.0220588235294 
8 58 395 1954 0.00992555831266 
11 64 0 0 0.0 
3 22 58 304 0.0819672131148 
15 78 96 503 0.0 
4 29 55 282 0.0 
7 45 0 0 0.0 
15 88 0 0 0.0666666666667 
12 64 18 103 0.0 
9 49 106 533 0.00869565217391 
13 88 0 0 0.0 
5 42 59 335 0.0 
6 46 0 0 0.0 
20 114 186 1009 0.0242718446602 
7 37 95 480 0.156862745098 
5 37 117 588 0.0327868852459 
4 24 163 903 0.0 
6 42 0 0 0.0 
48 259 0 0 0.0 
7 41 96 446 0.00970873786408 
8 48 48 249 0.0 
12 64 0 0 0.0 
8 59 130 733 0.0 
5 31 104 584 0.0183486238532 
7 31 231 1141 0.0 
6 31 72 385 0.0128205128205 
13 88 0 0 0.0769230769231 
4 25 0 0 0.0 
8 63 90 481 0.0102040816327 
6 39 40 232 0.0 
7 39 184 913 0.0 
8 48 49 222 0.0 
5 35 74 364 0.0126582278481 
6 37 51 321 0.0 
16 79 104 563 0.0583333333333 
4 20 26 164 0.0 
3 26 68 366 0.0 
6 46 31 179 0.0 
5 29 22 115 0.0 
4 19 43 213 0.0 
5 39 107 546 0.0 
6 34 0 0 0.0 
3 21 0 0 0.0 
6 44 97 537 0.0 
9 36 32 188 0.0 
10 66 0 0 0.0 
5 41 39 206 0.0 
2 13 52 284 0.0 
9 48 82 415 0.0 
14 75 124 657 0.0289855072464 
5 40 123 669 0.0390625 
13 69 0 0 0.0 
13 71 0 0 0.0 
10 53 129 614 0.0287769784173 
3 32 19 96 0.0 
7 33 81 453 0.0113636363636 
17 104 31 132 0.0833333333333 
20 89 14 83 0.0 
18 99 88 433 0.0 
24 114 305 1681 0.0121580547112 
7 35 172 816 0.0223463687151 
20 108 172 891 0.046875 
13 61 23 122 0.0 
9 60 0 0 0.0 
15 73 196 1042 0.0 
11 58 0 0 0.0 
5 30 31 191 0.0 
3 19 29 160 0.0 
13 72 100 568 0.0176991150442 
7 53 77 459 0.0 
9 58 72 384 0.0 
11 55 77 425 0.0113636363636 
10 57 85 442 0.0 
7 65 0 0 0.0 
15 63 0 0 0.0666666666667 
12 74 107 534 0.0168067226891 
15 81 170 885 0.0216216216216 
4 25 52 257 0.0357142857143 
7 39 64 323 0.0 
10 57 153 783 0.00613496932515 
6 38 77 401 0.0 
8 62 0 0 0.0 
18 80 73 322 0.0769230769231 
2 17 106 534 0.0 
8 39 106 503 0.0 
3 22 379 1900 0.0 
17 80 89 450 0.0 
7 36 40 219 0.0 
4 19 0 0 0.0 
12 75 0 0 0.0 
7 45 0 0 0.0 
5 25 82 411 0.0 
14 86 126 672 0.0142857142857 
4 17 31 171 0.0 
7 40 97 486 0.0 
11 49 78 390 0.0 
7 35 13 58 0.1 
43 198 0 0 0.046511627907 
10 65 0 0 0.0 
29 159 0 0 0.0344827586207 
10 54 173 948 0.0109289617486 
4 40 28 156 0.0 
3 18 168 842 0.00584795321637 
7 37 111 582 0.0 
3 15 76 394 0.0 
3 14 0 0 0.0 
8 38 21 113 0.0 
9 45 183 860 0.0364583333333 
21 148 0 0 0.0 
4 26 23 120 0.0 
6 31 63 330 0.0 
11 69 126 678 0.00729927007299 
35 152 50 260 0.0 
2 20 66 370 0.0 
17 115 0 0 0.0588235294118 
15 89 184 938 0.0150753768844 
8 43 106 605 0.0175438596491 
9 67 140 776 0.0201342281879 
5 33 174 887 0.0 
5 37 74 393 0.0126582278481 
5 27 109 499 0.0 
6 38 144 710 0.00666666666667 
13 76 0 0 0.0 
8 50 50 270 0.0 
5 35 77 399 0.0 
8 42 88 529 0.0208333333333 
8 40 0 0 0.0 
8 32 0 0 0.0 
8 41 0 0 0.0 
6 42 0 0 0.0 
5 45 37 166 0.047619047619 
13 95 0 0 0.0 
3 22 97 506 0.0 
22 129 131 663 0.0 
3 22 0 0 0.0 
5 33 125 721 0.0 
12 75 142 828 0.012987012987 
8 51 0 0 0.0 
3 17 85 462 0.0 
9 56 0 0 0.111111111111 
17 94 34 236 0.0 
11 59 64 313 0.0 
15 83 115 603 0.0153846153846 
7 46 104 549 0.00900900900901 
41 256 0 0 0.0 
4 25 109 587 0.0176991150442 
6 36 72 400 0.0 
5 49 0 0 0.0 
12 77 0 0 0.0 
16 89 100 611 0.0 
10 53 166 863 0.00568181818182 
3 24 115 567 0.0423728813559 
13 74 0 0 0.0 
20 103 171 872 0.0 
5 42 74 359 0.0 
16 83 97 548 0.00884955752212 
3 28 74 410 0.0 
8 48 50 262 0.0 
24 150 363 1857 0.0077519379845 
7 49 46 222 0.0 
18 103 218 1137 0.0 
3 28 84 442 0.0 
8 35 98 581 0.00943396226415 
6 35 81 375 0.0574712643678 
6 47 120 607 0.0 
30 142 0 0 0.1 
4 24 61 300 0.0 
10 53 248 1334 0.0 
11 70 35 199 0.0 
17 98 135 714 0.0 
30 152 320 1618 0.0 
3 32 169 956 0.0232558139535 
5 44 0 0 0.0 
7 36 135 657 0.0281690140845 
12 65 96 481 0.0185185185185 
7 29 99 474 0.0 
8 39 19 111 0.0 
6 41 0 0 0.0 
30 144 0 0 0.0 
5 33 65 403 0.0 
25 117 453 2383 0.00418410041841 
11 50 93 513 0.0288461538462 
5 52 164 836 0.00591715976331 
21 126 48 237 0.0 
13 63 57 297 0.0142857142857 
20 130 0 0 0.05 
8 35 95 549 0.135922330097 
26 111 255 1412 0.0213523131673 
11 55 177 926 0.0372340425532 
11 53 12 58 0.0 
16 88 153 830 0.0 
13 75 0 0 0.0 
10 49 187 904 0.0862944162437 
14 86 40 178 0.0 
2 18 175 812 0.0 
4 24 0 0 0.0 
7 37 135 652 0.0281690140845 
9 50 25 134 0.0 
8 41 108 504 0.0 
14 79 34 183 0.0 
11 56 0 0 0.0 
8 43 106 605 0.0175438596491 
8 57 75 420 0.0120481927711 
5 32 88 506 0.010752688172 
10 68 0 0 0.0 
18 98 31 126 0.0408163265306 
19 109 116 583 0.00740740740741 
7 49 228 1161 0.00425531914894 
16 102 1219 7455 0.00080971659919 
17 88 0 0 0.0588235294118 
6 33 102 557 0.0 
4 34 138 731 0.0 
6 33 52 307 0.0344827586207 
8 59 40 229 0.0 
7 47 249 1257 0.00390625 
8 37 206 1083 0.0327102803738 
5 32 67 369 0.0 
16 113 6 32 0.0 
11 53 0 0 0.0 
11 61 102 537 0.0176991150442 
6 45 0 0 0.0 
5 33 80 440 0.0 
4 30 10 43 0.0 
7 33 93 454 0.01 
8 37 50 275 0.0172413793103 
10 57 71 390 0.0 
16 77 67 367 0.0 
20 116 169 880 0.010582010582 
5 36 92 457 0.0309278350515 
11 65 35 178 0.0 
10 51 381 1897 0.0102301790281 
8 41 115 628 0.0 
7 57 92 533 0.0 
3 19 114 508 0.0 
14 83 36 201 0.0 
29 161 50 267 0.0126582278481 
8 42 22 118 0.0 
13 93 0 0 0.0 
12 70 156 836 0.0178571428571 
14 70 475 2285 0.0040899795501 
4 30 48 263 0.0 
17 72 229 1186 0.0 
5 28 0 0 0.0 
4 19 133 727 0.00729927007299 
8 49 11 64 0.0 
6 36 351 1948 0.0280112044818 
5 32 37 181 0.0 
11 62 49 249 0.0 
7 39 88 456 0.0210526315789 
8 64 273 1456 0.0284697508897 
8 43 43 206 0.0 
8 49 51 248 0.0 
10 44 91 461 0.0 
12 72 46 260 0.0 
7 28 66 344 0.013698630137 
13 74 199 989 0.0141509433962 
11 63 82 451 0.0 
9 51 29 154 0.0 
11 35 54 311 0.0 
4 20 79 465 0.0240963855422 
6 36 74 373 0.025 
10 78 0 0 0.0 
9 55 177 902 0.0 
6 39 43 242 0.0408163265306 
3 18 55 307 0.0 
11 61 140 764 0.0927152317881 
9 61 36 178 0.0 
15 80 0 0 0.0 
12 77 134 823 0.0205479452055 
4 27 56 279 0.0 
18 98 0 0 0.0555555555556 
12 77 0 0 0.0 
5 24 181 833 0.010752688172 
11 75 60 312 0.0 
10 42 97 503 0.0747663551402 
4 31 177 925 0.00552486187845 
17 87 59 312 0.0 
2 19 0 0 0.0 
10 58 181 944 0.0 
11 66 0 0 0.0 
6 64 0 0 0.0 
4 27 20 97 0.0 
9 52 0 0 0.0 
16 96 94 525 0.0 
12 64 92 459 0.0 
11 54 81 467 0.0 
4 23 82 405 0.0 
2 15 165 806 0.0299401197605 
17 107 267 1490 0.00352112676056 
10 49 0 0 0.0 
7 44 82 422 0.0 
19 120 105 582 0.0 
8 34 90 480 0.0 
10 72 0 0 0.1 
15 67 57 277 0.0 
14 69 0 0 0.0714285714286 
3 22 161 828 0.00609756097561 
3 30 51 351 0.0 
7 49 0 0 0.0 
4 24 222 1238 0.0 
4 20 360 1932 0.0 
12 54 366 1838 0.031746031746 
12 64 169 929 0.0220994475138 
6 37 153 864 0.062893081761 
5 30 0 0 0.0 
9 40 155 811 0.0182926829268 
5 22 58 295 0.047619047619 
4 28 178 934 0.010989010989 
6 39 65 324 0.0 
7 48 0 0 0.0 
8 54 87 481 0.0 
10 81 625 3162 0.0125984251969 
8 47 0 0 0.0 
5 29 42 212 0.0425531914894 
9 60 0 0 0.0 
8 48 24 135 0.0 
9 54 103 621 0.00892857142857 
5 33 25 154 0.0 
12 67 158 794 0.0235294117647 
29 174 44 255 0.0 
18 86 100 484 0.00847457627119 
20 90 222 1156 0.0123966942149 
16 99 0 0 0.0 
8 45 0 0 0.0 
6 41 0 0 0.0 
12 69 18 84 0.0 
4 28 81 375 0.0352941176471 
4 27 0 0 0.0 
19 98 0 0 0.0 
11 57 0 0 0.0 
12 74 39 227 0.0 
6 35 0 0 0.0 
7 43 0 0 0.0 
11 84 214 1203 0.0 
13 63 221 1103 0.0 
8 38 177 953 0.0378378378378 
14 75 0 0 0.0 
7 48 0 0 0.142857142857 
17 81 57 268 0.0 
8 70 165 850 0.0115606936416 
6 54 0 0 0.0 
8 44 70 372 0.0 
2 14 88 430 0.0 
4 37 182 928 0.0161290322581 
3 22 118 630 0.0413223140496 
6 32 762 3977 0.01953125 
17 85 139 786 0.0 
18 87 69 386 0.0 
8 59 81 495 0.0 
14 88 91 442 0.0 
4 30 108 507 0.0 
10 53 0 0 0.2 
5 22 81 438 0.0 
4 31 0 0 0.0 
6 43 70 375 0.0 
10 41 43 234 0.0 
19 97 265 1275 0.0 
4 28 97 481 0.019801980198 
7 50 106 604 0.0 
7 39 55 251 0.112903225806 
4 26 78 434 0.0 
5 39 53 275 0.0 
13 82 75 490 0.0 
10 49 0 0 0.0 
3 23 44 220 0.0 
10 61 66 398 0.0 
8 35 0 0 0.125 
5 20 254 1234 0.00772200772201 
9 52 0 0 0.0 
6 26 27 130 0.0 
11 52 50 282 0.0 
8 54 236 1303 0.016393442623 
7 56 0 0 0.0 
5 31 89 413 0.031914893617 
4 21 156 727 0.0125 
3 19 0 0 0.0 
5 44 53 312 0.0 
7 67 64 375 0.0 
8 41 53 262 0.0 
16 91 0 0 0.0 
6 35 151 860 0.0 
3 20 268 1578 0.00369003690037 
9 55 260 1262 0.0557620817844 
5 27 140 649 0.048275862069 
10 44 96 459 0.0188679245283 
12 61 21 109 0.0 
8 64 0 0 0.125 
5 29 0 0 0.0 
9 50 74 348 0.0722891566265 
16 106 0 0 0.0 
10 53 0 0 0.0 
11 77 0 0 0.0 
7 32 44 262 0.0 
2 12 0 0 0.0 
10 66 36 172 0.0 
8 38 49 245 0.0 
20 86 45 236 0.0 
3 21 0 0 0.0 
8 54 258 1346 0.00751879699248 
4 51 64 324 0.0147058823529 
9 39 96 564 0.0 
5 34 168 845 0.0578034682081 
12 73 105 562 0.0 
5 23 0 0 0.0 
11 43 14 67 0.0 
8 39 53 306 0.0 
6 43 154 769 0.0875 
11 69 0 0 0.0 
6 45 74 398 0.0 
7 29 84 465 0.0 
3 31 71 368 0.0 
18 86 30 152 0.0 
9 69 0 0 0.111111111111 
9 65 166 814 0.0 
10 67 298 1540 0.0 
5 36 72 368 0.0 
9 59 0 0 0.0 
18 100 0 0 0.0555555555556 
3 30 86 468 0.0 
7 31 0 0 0.0 
14 78 135 717 0.0 
4 24 0 0 0.0 
4 19 91 471 0.0210526315789 
8 64 141 728 0.00671140939597 
19 88 111 582 0.0 
7 51 116 656 0.0 
13 66 205 1013 0.0596330275229 
7 40 111 556 0.0 
6 39 101 485 0.00934579439252 
3 18 103 527 0.0 
1 4 35 173 0.0 
5 27 49 264 0.0 
6 40 0 0 0.0 
22 127 0 0 0.0909090909091 
11 68 0 0 0.0 
11 67 0 0 0.0 
8 34 98 482 0.0 
4 26 0 0 0.0 
13 68 90 507 0.00970873786408 
5 30 56 329 0.0 
13 86 110 605 0.00813008130081 
5 22 123 647 0.0078125 
13 83 12 68 0.0 
10 54 308 1687 0.0062893081761 
5 26 70 500 0.0 
3 19 0 0 0.0 
7 42 61 275 0.0 
4 39 25 136 0.0 
13 53 0 0 0.153846153846 
5 38 0 0 0.0 
17 111 0 0 0.0 
4 26 408 2142 0.0145631067961 
7 39 52 317 0.0 
13 59 159 794 0.0116279069767 
9 31 0 0 0.0 
7 47 111 553 0.0338983050847 
3 21 99 525 0.0 
58 296 0 0 0.0689655172414 
11 53 180 936 0.0314136125654 
5 27 85 432 0.0111111111111 
4 29 203 960 0.115942028986 
8 53 75 463 0.0 
5 42 23 136 0.0 
11 52 139 712 0.00666666666667 
16 88 41 240 0.0 
10 80 177 952 0.0 
17 91 0 0 0.0 
9 49 124 624 0.0 
10 52 0 0 0.0 
8 38 97 526 0.00952380952381 
7 29 54 309 0.0 
8 63 549 2674 0.0197486535009 
7 34 78 395 0.0470588235294 
3 15 95 538 0.0 
16 97 190 1039 0.0 
9 61 173 936 0.0164835164835 
8 35 0 0 0.0 
8 38 115 554 0.0162601626016 
44 283 0 0 0.0 
3 15 85 483 0.0 
23 124 0 0 0.0869565217391 
6 36 163 913 0.00591715976331 
16 85 0 0 0.0 
14 72 134 624 0.00675675675676 
4 26 48 226 0.0 
10 91 0 0 0.0 
11 73 64 347 0.0 
11 63 70 382 0.0 
13 89 126 612 0.0143884892086 
3 23 85 486 0.0113636363636 
14 100 0 0 0.0 
24 135 10 61 0.0294117647059 
7 37 107 537 0.0 
7 37 25 124 0.0 
15 66 43 225 0.0 
12 64 143 829 0.0 
4 21 0 0 0.0 
26 178 0 0 0.0 
14 77 0 0 0.0 
7 37 539 2861 0.0 
12 62 39 200 0.0 
10 65 47 246 0.0 
5 18 60 314 0.0615384615385 
11 53 253 1194 0.0189393939394 
9 47 64 333 0.013698630137 
6 43 0 0 0.0 
6 31 98 514 0.0288461538462 
5 35 155 816 0.04375 
5 34 182 1034 0.0 
20 138 214 1311 0.0 
9 50 117 623 0.0 
21 106 0 0 0.0 
30 189 0 0 0.0333333333333 
19 86 235 1177 0.011811023622 
3 21 358 1856 0.01108033241 
4 28 129 659 0.0526315789474 
6 48 237 1234 0.0082304526749 
8 45 17 81 0.0 
5 42 309 1639 0.0286624203822 
15 69 88 432 0.0 
14 89 21 101 0.0 
15 71 140 722 0.0 
5 24 18 81 0.0 
22 119 0 0 0.0 
9 63 36 208 0.0 
14 75 223 1482 0.0042194092827 
3 22 63 293 0.0 
9 61 95 464 0.0 
8 46 165 864 0.0115606936416 
17 83 0 0 0.0 
12 62 0 0 0.0833333333333 
15 74 0 0 0.0 
7 42 189 995 0.030612244898 
9 58 0 0 0.111111111111 
7 37 60 307 0.0 
11 68 0 0 0.0 
5 40 47 260 0.0 
5 33 140 775 0.00689655172414 
6 47 14 85 0.0 
5 36 181 934 0.0322580645161 
8 49 107 591 0.0 
11 45 27 120 0.0 
12 72 0 0 0.0 
6 31 42 212 0.0 
5 31 77 387 0.0121951219512 
7 36 102 522 0.0 
14 85 213 1065 0.00881057268722 
4 32 0 0 0.0 
28 161 0 0 0.0 
11 79 0 0 0.0 
8 42 88 529 0.0208333333333 
15 102 287 1469 0.00993377483444 
16 98 224 1140 0.0375 
31 195 0 0 0.0 
12 76 49 254 0.016393442623 
8 34 105 560 0.00884955752212 
5 35 50 287 0.0 
9 40 0 0 0.0 
56 290 0 0 0.125 
7 43 244 1259 0.0 
13 69 18 88 0.0 
13 70 40 182 0.0 
17 86 66 335 0.0240963855422 
10 72 141 773 0.0264900662252 
26 116 9 50 0.0 
11 56 25 129 0.0 
13 63 25 124 0.0 
16 109 257 1597 0.0 
6 40 0 0 0.333333333333 
3 21 312 1699 0.00952380952381 
10 57 0 0 0.0 
7 46 0 0 0.0 
11 60 130 602 0.00709219858156 
14 73 0 0 0.0 
6 39 52 306 0.0 
11 67 128 678 0.0 
25 129 0 0 0.0 
14 79 0 0 0.0714285714286 
10 63 25 155 0.0 
28 154 0 0 0.0 
13 73 118 596 0.00763358778626 
5 26 292 1449 0.026936026936 
14 59 0 0 0.0 
2 18 69 363 0.0 
18 115 0 0 0.0 
49 277 0 0 0.0408163265306 
10 61 0 0 0.0 
3 24 122 630 0.024 
11 51 118 575 0.0 
5 46 83 444 0.0 
10 63 0 0 0.0 
6 47 0 0 0.0 
4 24 45 251 0.0 
5 43 0 0 0.0 
5 26 51 250 0.0 
10 66 189 987 0.0150753768844 
8 45 0 0 0.0 
10 58 79 436 0.0 
2 12 181 888 0.0218579234973 
23 128 259 1376 0.00354609929078 
11 65 126 659 0.0 
12 71 212 1030 0.00446428571429 
7 49 102 523 0.0183486238532 
9 37 70 357 0.0126582278481 
8 53 329 1694 0.0207715133531 
7 39 0 0 0.0 
3 25 37 229 0.0 
4 25 44 213 0.0 
14 91 0 0 0.142857142857 
12 56 83 411 0.0 
5 27 48 227 0.0377358490566 
15 72 156 832 0.0 
17 105 0 0 0.0 
12 86 88 447 0.07 
9 63 93 493 0.00980392156863 
9 58 0 0 0.0 
3 28 163 836 0.00602409638554 
8 42 88 529 0.0208333333333 
10 60 57 295 0.0 
7 33 100 570 0.0 
8 49 160 856 0.0 
3 20 0 0 0.0 
15 94 104 506 0.0168067226891 
19 93 0 0 0.0 
9 37 26 129 0.0571428571429 
10 53 78 382 0.0 
15 91 236 1284 0.0 
10 46 164 933 0.0 
11 67 46 240 0.0 
14 75 0 0 0.0714285714286 
11 70 172 902 0.0 
3 20 0 0 0.0 
8 49 0 0 0.0 
6 40 286 1614 0.013698630137 
14 81 0 0 0.0 
8 47 75 394 0.0120481927711 
3 15 18 115 0.0 
10 52 129 612 0.0 
16 84 32 168 0.0 
11 47 101 514 0.00892857142857 
12 73 154 872 0.0240963855422 
10 82 0 0 0.0 
7 53 71 419 0.0 
4 27 102 529 0.0 
16 73 42 215 0.0 
23 163 0 0 0.0434782608696 
14 81 0 0 0.0 
31 174 228 1151 0.0 
8 43 106 605 0.0175438596491 
18 99 88 486 0.0188679245283 
13 65 60 329 0.027397260274 
5 37 0 0 0.0 
6 23 6 25 0.0 
4 26 0 0 0.0 
12 64 11 55 0.0 
8 47 70 365 0.025641025641 
9 43 0 0 0.0 
14 69 0 0 0.0 
6 32 216 1449 0.0 
17 85 0 0 0.0 
1 16 11 53 0.0 
8 37 0 0 0.0 
2 11 0 0 0.0 
7 35 0 0 0.0 
8 51 7 33 0.0 
7 27 3 18 0.0 
2 11 0 0 0.0 
24 87 5 24 0.0 
3 20 0 0 0.0 
8 33 9 40 0.0 
18 107 0 0 0.0 
26 123 0 0 0.0384615384615 
4 21 0 0 0.25 
4 17 0 0 0.0 
12 46 4 17 0.0 
4 24 0 0 0.0 
10 52 7 38 0.0 
0 1 0 0 0 
7 34 3 14 0.0 
10 37 0 3 0.0 
3 15 0 0 0.0 
14 69 4 13 0.0 
2 8 0 0 0.0 
12 75 3 8 0.0 
8 46 6 25 0.0 
12 53 6 26 0.222222222222 
8 34 1 5 0.0 
7 40 0 0 0.0 
14 75 0 0 0.0 
10 49 1 10 0.0 
16 70 6 27 0.0 
9 39 8 42 0.0 
11 54 4 10 0.0 
6 21 3 14 0.0 
1 8 0 0 0.0 
7 34 0 0 0.0 
13 69 89 446 0.0 
10 54 8 47 0.0 
3 13 12 52 0.0 
14 61 0 0 0.0 
8 34 8 39 0.0 
13 72 11 61 0.0 
9 51 16 65 0.04 
7 32 3 12 0.0 
10 40 0 0 0.0 
14 67 0 0 0.0 
3 12 4 21 0.0 
4 18 1 41 0.0 
7 35 9 31 0.0 
2 18 69 322 0.0 
4 20 0 0 0.0 
1 7 22 101 0.0 
8 47 6 30 0.0 
13 70 12 58 0.0 
9 39 0 0 0.0 
2 6 25 142 0.0740740740741 
11 48 114 574 0.0 
12 45 6 29 0.0 
8 31 4 11 0.0 
5 25 0 0 0.0 
8 42 3 12 0.0 
4 23 45 218 0.0 
14 85 17 79 0.0 
9 46 3 18 0.0 
7 35 0 0 0.0 
7 33 4 13 0.0 
14 62 11 45 0.0 
9 62 0 0 0.0 
13 61 9 36 0.0 
11 52 0 0 0.0 
9 44 4 21 0.0 
9 38 2 23 0.0 
8 41 2 5 0.0 
2 13 0 0 0.0 
5 30 8 29 0.0 
11 56 82 419 0.0860215053763 
17 89 4 18 0.0 
2 8 0 0 0.0 
1 6 0 0 0.0 
13 55 0 0 0.0 
5 21 6 31 0.0 
8 35 324 1889 0.00301204819277 
3 11 0 0 0.0 
13 62 5 24 0.0 
2 13 0 0 0.0 
5 26 6 23 0.0 
4 20 0 0 0.0 
5 27 38 164 0.0 
9 55 7 28 0.0 
19 81 0 0 0.0 
3 17 0 0 0.0 
2 9 0 0 0.0 
6 31 8 29 0.0 
14 69 6 24 0.0 
1 10 13 83 0.0 
5 34 3 11 0.0 
9 40 2 22 0.0 
5 25 0 0 0.0 
12 53 0 0 0.0 
7 44 0 0 0.0 
4 35 0 0 0.0 
7 40 0 0 0.0 
6 25 6 26 0.0 
6 24 3 13 0.0 
14 64 0 0 0.0 
15 70 0 0 0.0 
3 13 0 0 0.0 
7 35 0 0 0.0 
10 40 2 15 0.0 
5 23 0 0 0.0 
3 14 0 0 0.0 
10 49 6 27 0.0625 
3 17 0 0 0.0 
4 20 0 0 0.0 
7 33 0 0 0.0 
6 29 6 23 0.0 
4 15 214 1055 0.0 
9 39 0 0 0.111111111111 
1 8 0 0 0.0 
8 43 7 30 0.0 
5 21 0 0 0.0 
7 37 6 37 0.0 
8 52 4 16 0.0 
9 52 6 23 0.0 
2 9 0 0 0.0 
9 47 43 246 0.0 
9 47 10 44 0.0 
3 18 0 0 0.0 
4 21 0 0 0.0 
16 65 8 33 0.0 
7 32 6 27 0.0 
4 21 6 25 0.0 
7 33 32 140 0.0 
12 62 2 10 0.0 
11 59 2 14 0.0 
6 22 6 21 0.0 
7 30 0 0 0.0 
8 40 9 47 0.0 
12 63 6 28 0.0 
10 53 6 20 0.0 
3 17 0 0 0.0 
5 26 6 26 0.0 
2 8 0 0 0.0 
8 33 51 277 0.0 
2 9 0 0 0.0 
4 18 0 0 0.0 
9 48 6 29 0.0 
9 51 1 14 0.0 
9 45 10 50 0.0 
7 39 0 0 0.0 
7 30 0 0 0.0 
11 54 6 30 0.0 
2 5 23 105 0.0 
2 10 0 0 0.0 
3 15 0 0 0.0 
8 41 7 30 0.0 
10 54 8 30 0.0 
9 41 4 25 0.0 
16 68 0 0 0.0 
9 39 2 18 0.0 
8 34 0 0 0.0 
2 17 5 25 0.0 
10 59 2 10 0.0 
6 41 5 33 0.0 
4 21 98 485 0.0 
16 75 6 35 0.0 
6 30 7 35 0.0 
9 49 2 8 0.0 
11 48 2 10 0.0 
6 28 54 242 0.0166666666667 
2 13 126 607 0.0 
11 46 0 0 0.0 
10 42 6 31 0.0 
13 63 12 47 0.0 
0 8 0 0 0 
15 65 6 23 0.0 
11 55 5 25 0.0 
2 12 0 0 0.0 
13 56 0 0 0.0 
16 71 7 27 0.0 
7 34 6 32 0.0 
6 39 0 0 0.0 
14 71 3 19 0.0 
7 25 2 13 0.0 
8 35 6 24 0.0 
6 32 26 122 0.0 
8 43 3 12 0.0 
12 65 17 86 0.0 
4 23 0 0 0.0 
8 40 0 0 0.0 
4 36 0 0 0.0 
4 15 6 25 0.0 
5 21 25 112 0.0 
18 97 0 0 0.0 
14 68 6 30 0.0 
13 68 2 8 0.0 
16 63 5 21 0.0 
7 46 3 14 0.0 
1 7 0 0 0.0 
8 35 6 27 0.0 
6 32 0 0 0.0 
7 35 0 0 0.0 
3 15 0 0 0.0 
2 10 0 0 0.0 
6 28 0 0 0.0 
2 12 0 0 0.0 
11 49 6 30 0.0 
4 16 0 0 0.0 
11 47 6 26 0.0 
8 34 13 59 0.0 
8 41 4 13 0.0 
3 16 0 0 0.0 
1 4 0 0 0.0 
12 65 0 0 0.0 
12 61 3 13 0.0 
10 44 11 63 0.047619047619 
6 29 0 0 0.0 
17 83 3 12 0.0 
2 9 28 141 0.0 
8 37 0 0 0.0 
1 4 0 0 0.0 
3 27 0 0 0.0 
14 58 7 31 0.0 
1 5 0 0 0.0 
9 51 7 29 0.0 
16 82 11 56 0.0 
2 10 0 0 0.0 
21 84 0 0 0.0 
11 51 22 101 0.0 
8 40 11 43 0.0526315789474 
15 73 3 13 0.0 
7 37 5 18 0.0 
2 14 0 0 0.0 
15 66 25 119 0.025 
8 34 1 8 0.0 
8 43 3 12 0.0 
5 17 13 68 0.0 
11 50 44 219 0.0 
2 4 0 0 0.0 
9 47 2 10 0.0 
5 23 0 0 0.0 
14 62 4 16 0.0 
7 22 0 0 0.0 
3 24 0 0 0.0 
4 18 0 0 0.0 
5 27 0 0 0.0 
6 36 10 49 0.0 
8 41 76 399 0.0238095238095 
6 34 0 0 0.0 
20 113 253 1221 0.0 
10 53 4 18 0.0 
9 42 6 26 0.0 
4 22 0 0 0.0 
17 74 4 15 0.0 
3 12 0 0 0.0 
16 91 37 182 0.0 
4 15 0 0 0.0 
12 57 5 20 0.0 
4 21 11 49 0.0 
6 26 0 0 0.0 
7 34 0 0 0.0 
15 74 0 0 0.0 
9 52 7 30 0.0 
17 77 2 13 0.0 
27 130 7 57 0.0294117647059 
4 21 14 65 0.0555555555556 
5 21 0 0 0.0 
2 14 0 0 0.0 
10 54 0 0 0.0 
9 44 13 60 0.0 
5 24 25 119 0.0 
5 23 0 0 0.0 
4 17 15 97 0.0 
8 47 2 9 0.0 
13 75 15 74 0.0 
2 13 0 0 0.0 
8 47 8 49 0.0 
13 73 10 55 0.0 
15 75 0 0 0.0 
0 1 0 0 0 
0 5 17 89 0.0 
6 20 9 38 0.0 
17 84 5 19 0.0454545454545 
9 44 6 23 0.0 
10 58 4 16 0.0 
7 32 2 18 0.0 
14 77 0 0 0.0 
8 38 0 0 0.0 
10 49 7 33 0.0 
5 43 5 32 0.0 
13 66 4 25 0.0 
3 24 0 0 0.0 
15 71 5 19 0.0 
5 18 0 0 0.0 
5 23 0 0 0.0 
7 29 3 13 0.0 
11 58 6 26 0.0 
6 36 7 29 0.0769230769231 
1 3 0 0 0.0 
12 58 2 12 0.0 
2 9 0 0 0.0 
17 88 0 0 0.0 
5 25 0 0 0.0 
6 22 4 16 0.1 
11 53 3 10 0.0 
11 55 3 14 0.0 
7 34 0 0 0.0 
8 33 0 0 0.0 
8 46 0 0 0.0 
18 87 0 0 0.0 
4 26 23 104 0.0 
16 78 0 0 0.0 
5 17 0 0 0.0 
15 65 0 0 0.0 
13 67 2 14 0.0 
2 9 0 0 0.0 
8 34 2 10 0.0 
7 34 4 19 0.0 
9 44 7 32 0.0 
7 38 12 62 0.0 
5 25 0 0 0.0 
3 11 0 0 0.0 
6 33 6 24 0.0 
10 60 1 9 0.0 
9 48 0 0 0.0 
9 42 0 0 0.0 
10 50 6 26 0.0 
7 24 6 30 0.0 
11 54 0 0 0.0 
8 35 0 0 0.0 
10 46 0 0 0.0 
11 53 7 32 0.0 
11 51 12 66 0.0 
11 58 3 12 0.0 
11 41 3 10 0.0 
5 28 12 45 0.0 
3 19 131 629 0.0 
15 65 14 62 0.0 
9 40 2 11 0.0 
2 9 156 811 0.0253164556962 
13 72 0 0 0.0 
5 25 0 0 0.0 
5 24 0 0 0.0 
8 30 8 38 0.0 
13 65 6 33 0.0 
13 74 0 0 0.0 
11 55 1 6 0.0 
12 64 9 42 0.0 
15 56 4 16 0.0 
7 47 10 48 0.0 
4 30 0 0 0.0 
21 87 2 13 0.0 
7 35 0 0 0.0 
9 42 0 0 0.0 
16 73 8 34 0.0 
6 25 0 0 0.0 
6 34 83 407 0.0 
10 46 8 38 0.222222222222 
7 39 3 13 0.0 
3 16 0 0 0.0 
8 25 0 0 0.0 
7 41 6 27 0.0 
10 40 10 40 0.0 
3 15 0 0 0.0 
5 20 5 24 0.0 
7 32 3 15 0.0 
9 43 3 13 0.0 
17 70 8 37 0.0 
12 42 13 54 0.0 
15 70 7 30 0.0 
6 28 5 27 0.0 
16 79 3 17 0.0 
5 25 0 0 0.0 
8 41 4 19 0.0 
13 68 7 42 0.0 
9 44 5 26 0.0 
6 35 0 0 0.0 
6 22 4 20 0.0 
13 65 5 27 0.0 
16 78 2 10 0.0 
9 40 6 24 0.0 
12 60 15 79 0.0 
20 94 5 25 0.0 
14 69 0 0 0.0 
10 53 2 10 0.0 
10 47 6 24 0.0 
29 131 6 28 0.0 
8 37 5 25 0.0 
4 23 4 24 0.0 
15 57 0 0 0.0 
14 38 7 39 0.0 
6 34 15 78 0.0 
15 69 0 0 0.0 
5 27 46 228 0.0 
3 14 0 0 0.0 
11 49 11 50 0.0 
14 58 7 23 0.0 
1 11 0 0 0.0 
10 52 6 28 0.0 
8 49 9 41 0.0 
2 15 0 0 0.0 
13 55 7 35 0.0 
16 75 7 27 0.0 
6 27 4 21 0.0 
8 35 1 14 0.0 
9 37 0 0 0.0 
8 50 19 96 0.0 
1 4 0 0 0.0 
6 34 0 0 0.0 
10 53 7 32 0.0 
18 73 13 61 0.0 
13 68 6 30 0.0 
1 9 0 0 0.0 
10 45 0 0 0.0 
8 31 0 0 0.0 
2 9 0 0 0.0 
10 55 2 13 0.0 
9 45 0 0 0.0 
4 19 23 84 0.0 
8 35 8 37 0.0 
12 58 0 0 0.0 
20 99 26 128 0.0 
6 28 10 44 0.0 
1 6 0 0 0.0 
7 31 7 35 0.0 
10 52 39 245 0.0204081632653 
6 29 0 0 0.0 
9 47 0 0 0.0 
14 54 0 0 0.0 
12 70 0 0 0.0 
9 37 2 13 0.0 
8 33 7 25 0.0 
2 8 5 19 0.0 
7 42 3 24 0.0 
14 69 4 23 0.0 
16 90 0 0 0.0 
6 33 0 0 0.0 
11 44 0 0 0.0 
10 53 2 10 0.0 
11 54 0 0 0.0 
5 16 0 0 0.0 
6 27 5 23 0.0 
6 29 7 30 0.0 
9 44 53 246 0.0 
9 51 6 26 0.0 
3 15 6 25 0.0 
2 4 0 0 0.0 
10 48 6 25 0.0 
7 38 0 0 0.0 
9 39 5 23 0.0714285714286 
1 6 12 49 0.0 
3 18 0 0 0.0 
5 17 0 0 0.0 
3 16 0 0 0.0 
5 26 0 0 0.0 
15 80 65 353 0.0 
5 29 0 0 0.0 
9 47 4 20 0.0 
10 42 6 23 0.0 
10 38 3 11 0.0 
7 32 3 17 0.0 
13 62 10 45 0.0 
8 33 4 12 0.0 
6 34 4 11 0.0 
10 47 5 28 0.0666666666667 
6 32 2 10 0.0 
15 65 0 0 0.0 
19 73 0 0 0.0 
1 9 0 0 0.0 
15 68 1 7 0.0 
7 44 142 783 0.0 
8 40 4 33 0.0 
5 20 6 23 0.0 
1 8 0 0 0.0 
5 27 0 0 0.0 
3 17 8 33 0.0 
6 22 0 0 0.0 
9 51 6 26 0.0 
6 33 8 40 0.0 
7 29 0 2 0.0 
9 49 0 0 0.0 
11 47 21 110 0.0 
15 63 5 17 0.0 
8 45 0 0 0.0 
2 10 0 0 0.0 
6 30 5 28 0.0 
9 39 0 0 0.0 
8 42 5 19 0.0 
18 70 0 0 0.0 
6 24 3 14 0.0 
4 21 0 0 0.0 
2 13 0 0 0.0 
15 77 9 49 0.0 
17 94 10 50 0.0 
11 55 0 0 0.0 
11 54 2 12 0.0 
12 51 0 0 0.0 
17 73 4 15 0.0 
9 35 62 290 0.0 
9 46 0 0 0.0 
6 31 3 15 0.0 
8 51 0 0 0.0 
7 41 4 20 0.0 
7 31 4 20 0.0 
6 23 0 0 0.0 
10 46 7 33 0.0 
3 18 9 41 0.0 
9 41 8 35 0.0 
10 46 0 0 0.0 
10 58 5 21 0.0 
7 31 9 41 0.0 
20 86 0 0 0.0 
15 72 1 9 0.0 
12 48 3 16 0.0 
2 11 15 69 0.0 
5 42 5 23 0.0 
8 40 4 18 0.0 
9 41 0 0 0.0 
14 87 2 7 0.0 
11 41 3 18 0.0 
4 27 0 0 0.0 
6 34 6 27 0.0 
7 37 4 20 0.0 
10 59 7 27 0.0 
11 54 10 45 0.0 
16 59 0 0 0.0 
5 21 0 0 0.0 
6 22 0 0 0.0 
6 40 8 40 0.0 
13 61 10 47 0.0 
19 97 47 249 0.0 
1 5 0 0 0.0 
14 63 6 19 0.0 
6 26 22 88 0.0 
12 80 0 0 0.0 
8 31 0 0 0.0 
8 34 2 12 0.0 
1 8 0 0 0.0 
14 65 2 14 0.0 
6 37 7 42 0.0 
10 45 1 9 0.0 
8 32 1 6 0.0 
8 33 0 0 0.0 
2 8 17 96 0.0 
7 37 16 86 0.0 
2 11 26 137 0.0 
12 63 9 32 0.0 
4 19 44 182 0.0 
5 29 0 0 0.0 
0 9 2 10 0.0 
2 9 0 0 0.0 
4 10 0 0 0.0 
14 66 6 22 0.0 
2 10 0 0 0.0 
7 28 0 0 0.0 
17 92 3 17 0.0 
4 28 41 190 0.0222222222222 
5 24 0 0 0.0 
12 71 53 267 0.0 
24 120 35 189 0.0 
9 45 7 29 0.0 
10 50 2 15 0.0 
5 18 0 0 0.0 
2 8 0 0 0.0 
6 30 2 12 0.0 
8 43 9 40 0.0 
2 14 0 0 0.0 
2 11 11 63 0.0 
8 38 8 40 0.0 
9 39 3 16 0.0 
17 86 15 72 0.0 
9 36 3 20 0.0 
2 13 0 0 0.0 
10 57 1 11 0.0 
5 52 0 0 0.0 
1 7 0 0 0.0 
19 96 6 25 0.0 
8 33 3 13 0.0 
6 30 4 17 0.0 
6 33 0 0 0.0 
28 132 7 32 0.0 
9 41 4 18 0.0 
1 6 0 0 0.0 
5 34 0 0 0.0 
11 74 6 18 0.0 
6 46 0 0 0.0 
13 55 4 12 0.0 
3 23 0 0 0.0 
10 45 5 23 0.0 
1 9 5 31 0.0 
7 32 2 18 0.0 
2 8 239 1272 0.0124481327801 
6 30 4 23 0.0 
22 76 11 57 0.242424242424 
16 70 3 13 0.0 
9 37 0 0 0.0 
2 7 0 0 0.0 
12 68 6 31 0.0 
11 55 36 175 0.0 
4 22 2 11 0.0 
7 35 4 13 0.0 
9 43 0 11 0.0 
9 37 7 41 0.0 
2 15 0 0 0.0 
13 61 2 10 0.0 
11 66 38 189 0.0408163265306 
4 26 0 0 0.0 
8 28 10 42 0.111111111111 
8 45 85 456 0.0 
5 34 0 0 0.0 
6 22 17 67 0.130434782609 
10 42 11 45 0.0 
4 17 49 206 0.0 
6 25 11 55 0.0 
4 21 0 0 0.0 
17 73 0 0 0.0 
9 39 12 51 0.0 
6 18 0 0 0.0 
8 35 0 0 0.0 
3 19 0 0 0.0 
8 30 3 28 0.0 
9 43 9 47 0.0 
7 40 8 43 0.0 
5 25 0 0 0.0 
7 45 3 16 0.0 
8 45 13 57 0.0 
15 74 3 12 0.0 
8 42 12 58 0.0 
2 14 0 0 0.0 
5 21 0 0 0.0 
6 29 0 0 0.0 
2 8 0 0 0.0 
9 36 1 4 0.0 
14 48 0 0 0.142857142857 
6 24 0 0 0.0 
2 7 0 0 0.0 
6 35 0 0 0.0 
11 58 6 33 0.0 
5 26 4 14 0.0 
10 41 3 11 0.0 
19 81 1 11 0.05 
8 38 9 40 0.0 
9 39 2 15 0.0 
15 72 5 21 0.0 
0 1 0 0 0 
5 21 0 0 0.2 
10 46 2 16 0.0 
10 59 9 37 0.0 
2 20 0 0 0.0 
9 45 4 16 0.0 
11 52 9 43 0.0 
12 55 0 0 0.0 
11 52 22 96 0.0 
4 20 8 49 0.0 
8 43 2 14 0.0 
28 131 0 0 0.0357142857143 
10 47 0 0 0.0 
12 52 7 33 0.0 
13 52 1 10 0.0 
14 66 7 33 0.0 
8 30 0 0 0.0 
10 50 3 9 0.0 
21 98 0 0 0.0 
16 84 5 17 0.0 
8 38 3 11 0.0 
8 42 2 10 0.0 
3 12 0 0 0.0 
14 61 1 5 0.0 
6 38 6 26 0.0 
16 93 0 0 0.0 
18 78 8 34 0.0 
9 40 0 0 0.0 
2 14 0 0 0.0 
55 270 0 0 0.0181818181818 
4 13 0 0 0.0 
9 46 0 0 0.0 
14 54 4 13 0.0 
9 43 3 15 0.0 
16 72 0 0 0.0 
5 22 0 0 0.0 
9 43 3 14 0.0 
17 72 4 17 0.0 
17 92 45 188 0.0 
8 46 5 26 0.0 
8 45 9 37 0.0 
11 57 3 11 0.0 
15 77 4 13 0.0 
4 21 0 0 0.0 
13 70 0 0 0.0 
11 53 6 26 0.0 
4 23 5 27 0.0 
18 112 8 45 0.0 
12 53 1 9 0.0 
9 41 12 52 0.0 
3 11 0 0 0.0 
4 29 0 0 0.0 
6 33 8 39 0.0 
8 45 10 38 0.0 
7 39 138 766 0.0 
8 34 4 27 0.0 
5 20 0 0 0.0 
7 32 4 21 0.0 
6 33 10 38 0.0 
2 6 0 0 0.0 
10 42 2 12 0.0 
21 103 10 56 0.0 
3 16 0 0 0.0 
6 31 13 49 0.0 
6 34 7 49 0.0 
8 35 1 8 0.0 
12 42 11 44 0.0 
12 61 5 16 0.0 
12 53 3 19 0.0 
6 40 4 16 0.0 
7 26 1 8 0.0 
28 167 3 15 0.0 
10 42 0 0 0.0 
1 7 0 0 0.0 
11 49 9 35 0.0 
2 7 0 0 0.0 
3 16 0 0 0.0 
8 32 71 343 0.0 
10 44 3 14 0.0 
11 54 0 0 0.0909090909091 
7 31 19 66 0.0 
5 20 8 35 0.0 
9 44 11 52 0.0 
13 57 1 14 0.0 
0 1 0 0 0 
2 9 0 0 0.0 
7 31 1 13 0.0 
13 63 4 14 0.0 
2 13 0 0 0.0 
6 35 0 0 0.0 
6 25 6 36 0.0 
19 84 0 0 0.0 
4 12 0 0 0.0 
8 44 0 0 0.0 
0 1 0 0 0 
6 22 6 28 0.0 
4 26 0 0 0.0 
9 47 123 612 0.030303030303 
3 18 14 98 0.0 
0 1 0 0 0 
7 41 12 48 0.0 
3 17 0 0 0.0 
10 43 20 157 0.0 
8 29 1 12 0.0 
16 89 5 17 0.0 
10 52 34 176 0.0 
9 37 0 0 0.0 
2 10 24 121 0.0 
7 29 3 17 0.0 
6 31 0 0 0.0 
5 18 0 0 0.0 
25 127 3 11 0.0 
7 33 7 39 0.0 
6 22 4 21 0.0 
5 23 15 88 0.0 
12 59 9 43 0.0 
9 47 57 277 0.0 
2 10 0 0 0.0 
11 52 0 0 0.0 
8 38 0 0 0.125 
6 38 0 0 0.0 
8 32 5 33 0.0 
7 34 6 27 0.0 
16 79 38 183 0.0 
6 31 0 0 0.0 
8 36 4 17 0.0 
12 56 0 0 0.0 
6 37 0 0 0.0 
15 74 5 19 0.0 
9 53 9 48 0.0 
5 26 0 0 0.0 
5 20 0 0 0.0 
10 49 0 0 0.0 
8 44 12 44 0.0 
12 61 8 33 0.0 
11 55 0 0 0.0 
14 71 5 18 0.0 
5 26 8 41 0.0 
6 28 550 2800 0.0107913669065 
3 19 0 0 0.0 
13 57 6 29 0.0 
7 30 4 18 0.0 
13 57 6 26 0.0 
7 30 8 30 0.0 
10 68 0 0 0.0 
5 20 0 0 0.0 
7 28 2 11 0.111111111111 
12 51 3 14 0.0 
3 16 14 82 0.0 
12 61 12 74 0.0 
8 38 0 0 0.0 
9 47 7 40 0.0 
3 16 0 0 0.0 
13 60 34 160 0.0212765957447 
16 83 4 21 0.0 
9 51 2 12 0.0 
10 53 9 40 0.0 
10 38 2 7 0.0 
11 58 0 0 0.0 
12 56 5 19 0.0 
2 11 19 90 0.0 
3 13 0 0 0.0 
2 13 0 0 0.0 
0 2 0 0 0 
11 69 4 28 0.0 
8 42 0 0 0.0 
11 53 4 20 0.0 
8 35 2 10 0.0 
5 15 0 0 0.0 
2 13 0 0 0.0 
2 14 0 0 0.0 
17 74 5 21 0.0 
15 66 8 32 0.0 
7 34 2 12 0.0 
10 55 2 11 0.0 
11 52 5 28 0.0 
7 29 0 0 0.0 
6 22 0 0 0.0 
8 36 5 39 0.0 
7 39 0 0 0.0 
6 35 7 33 0.0 
7 41 0 0 0.0 
8 41 48 237 0.0 
2 21 0 0 0.0 
7 26 0 0 0.0 
5 13 32 140 0.0 
5 18 4 24 0.0 
10 46 8 35 0.0 
9 48 10 46 0.0526315789474 
9 50 0 0 0.0 
6 30 62 322 0.0 
6 30 0 0 0.0 
6 28 7 36 0.0 
7 37 8 35 0.0 
6 28 0 0 0.0 
4 16 0 0 0.0 
18 97 6 36 0.0 
4 17 0 0 0.0 
8 35 8 36 0.0 
5 19 0 0 0.0 
14 65 6 27 0.0 
4 24 0 0 0.0 
9 37 70 340 0.0 
10 48 7 38 0.0 
14 70 0 0 0.0 
9 40 2 9 0.0 
1 8 0 0 0.0 
3 21 5 24 0.0 
12 48 9 34 0.0 
5 23 0 0 0.0 
7 37 4 17 0.0 
8 40 130 771 0.0 
13 50 0 0 0.0 
2 12 0 0 0.0 
10 53 0 0 0.0 
5 18 8 44 0.0 
6 33 44 221 0.0 
10 38 5 24 0.0 
13 56 0 0 0.0 
2 12 0 0 0.0 
9 52 9 34 0.0 
5 22 0 0 0.0 
17 69 5 15 0.0 
1 8 0 0 0.0 
9 40 1 1 0.0 
8 46 0 0 0.125 
4 28 44 203 0.0 
9 54 3 17 0.0 
3 13 0 0 0.0 
6 26 0 0 0.0 
6 25 7 25 0.0 
14 72 9 35 0.0 
12 54 0 0 0.0 
12 56 4 11 0.0 
7 39 8 34 0.0 
3 12 9 41 0.0 
12 58 6 35 0.0 
10 56 44 210 0.0 
6 42 0 0 0.0 
3 18 0 0 0.0 
6 31 0 0 0.0 
6 23 0 0 0.333333333333 
9 50 8 34 0.0 
19 98 0 0 0.0 
13 66 0 0 0.0 
8 42 6 26 0.0 
3 17 0 0 0.0 
8 37 8 45 0.0 
11 52 0 0 0.0 
9 40 2 14 0.0 
19 85 0 0 0.0526315789474 
11 52 4 17 0.0 
2 8 0 0 0.0 
1 9 0 0 0.0 
2 8 0 0 0.0 
8 37 4 20 0.0 
13 50 0 0 0.0 
8 42 1 8 0.0 
12 52 5 30 0.0588235294118 
5 17 0 0 0.0 
3 12 20 75 0.0 
9 51 12 53 0.0 
10 42 18 79 0.0 
11 62 0 0 0.0 
4 29 26 129 0.0 
15 80 26 129 0.0 
6 33 0 0 0.0 
3 12 0 0 0.0 
3 19 44 220 0.0 
11 56 0 0 0.0 
25 114 0 0 0.0 
7 48 6 32 0.0 
2 9 0 0 0.0 
2 8 0 0 0.0 
9 47 8 44 0.0 
3 14 0 0 0.0 
14 67 11 48 0.0 
2 14 0 0 0.0 
13 64 14 69 0.0 
9 48 17 78 0.0 
7 42 38 183 0.0 
9 38 0 0 0.0 
11 64 0 0 0.0 
13 73 5 33 0.0 
7 33 68 332 0.0 
3 15 0 0 0.0 
14 68 21 85 0.0571428571429 
6 34 2 14 0.0 
4 31 0 0 0.0 
2 8 0 0 0.0 
14 68 6 31 0.0 
13 54 6 33 0.0 
10 46 3 15 0.0 
8 33 4 19 0.0 
7 30 149 729 0.0 
2 12 5 20 0.0 
7 30 4 17 0.0 
8 34 6 27 0.0 
2 13 94 462 0.0 
11 60 4 22 0.0 
5 28 0 0 0.0 
9 39 0 0 0.0 
9 42 5 30 0.0 
5 20 11 64 0.0 
31 150 4 22 0.0 
11 47 5 16 0.0 
3 23 0 0 0.0 
11 54 0 0 0.0 
7 32 2 10 0.0 
10 51 7 32 0.0 
13 83 11 42 0.0 
5 24 79 379 0.0 
6 28 0 0 0.0 
13 57 7 30 0.0 
6 33 0 0 0.0 
10 58 14 85 0.0 
7 31 1 10 0.0 
6 38 29 170 0.0 
7 43 148 707 0.00645161290323 
3 19 58 294 0.0 
6 45 63 343 0.0 
4 21 34 157 0.0 
10 47 30 174 0.0 
14 80 77 356 0.0 
8 45 229 1422 0.0253164556962 
11 43 31 149 0.047619047619 
25 121 27 136 0.0 
7 52 102 523 0.0 
12 60 23 104 0.0 
14 69 43 220 0.0526315789474 
7 32 149 742 0.0448717948718 
3 23 65 321 0.0735294117647 
6 28 0 0 0.0 
6 39 79 422 0.0 
3 12 17 78 0.0 
9 49 13 73 0.0909090909091 
7 32 90 517 0.0103092783505 
6 35 70 352 0.118421052632 
7 47 94 499 0.0 
2 9 30 176 0.0 
5 21 74 366 0.0126582278481 
8 37 12 63 0.0 
5 35 43 214 0.0 
6 49 131 670 0.0 
9 46 49 256 0.0862068965517 
2 10 118 589 0.00833333333333 
3 17 92 512 0.0315789473684 
3 24 64 278 0.0 
16 75 0 0 0.125 
10 50 138 650 0.0 
15 72 105 530 0.0 
14 75 356 1975 0.0189189189189 
11 65 449 2379 0.00217391304348 
8 40 3 14 0.0 
8 41 30 147 0.0263157894737 
4 32 215 1101 0.0593607305936 
6 28 39 211 0.0 
7 35 70 333 0.0 
4 19 10 54 0.0 
3 21 51 255 0.0 
10 38 4 15 0.0714285714286 
7 41 147 780 0.00649350649351 
4 18 75 380 0.0126582278481 
3 21 120 605 0.0406504065041 
9 41 47 222 0.0357142857143 
14 70 78 438 0.0 
6 32 0 0 0.333333333333 
3 10 28 129 0.0 
3 16 47 221 0.04 
4 16 51 244 0.0545454545455 
4 15 33 166 0.108108108108 
6 27 38 179 0.0227272727273 
8 37 90 446 0.112244897959 
11 46 32 172 0.0 
8 36 7 31 0.0 
6 37 51 262 0.0701754385965 
2 8 0 0 0.0 
6 26 43 212 0.0408163265306 
20 122 225 1474 0.0612244897959 
6 27 0 0 0.0 
5 25 102 539 0.0 
6 33 81 463 0.0229885057471 
2 8 34 174 0.0 
5 22 68 356 0.027397260274 
11 74 302 1683 0.073482428115 
29 125 12 63 0.0 
6 35 56 271 0.0806451612903 
3 17 29 142 0.0625 
9 48 106 521 0.00869565217391 
4 21 55 279 0.0338983050847 
16 84 97 503 0.0265486725664 
8 32 51 255 0.0 
12 69 0 0 0.0 
2 14 35 211 0.027027027027 
4 25 34 191 0.0 
10 49 85 447 0.0 
6 29 41 213 0.0 
11 55 65 417 0.25 
6 34 66 329 0.0 
5 21 0 0 0.0 
6 22 0 0 0.166666666667 
10 43 50 234 0.0333333333333 
9 47 94 496 0.0194174757282 
2 17 47 255 0.0 
4 16 166 870 0.0588235294118 
2 11 48 245 0.04 
3 17 32 175 0.0285714285714 
2 13 36 183 0.0 
8 56 139 680 0.0 
3 10 21 96 0.0 
3 14 63 292 0.0606060606061 
5 28 55 281 0.0166666666667 
5 27 0 0 0.0 
5 37 77 361 0.0487804878049 
13 59 110 536 0.0162601626016 
16 74 54 269 0.0428571428571 
4 23 6 37 0.0 
5 32 168 827 0.00578034682081 
3 17 46 252 0.0 
12 81 0 0 0.0 
6 31 28 140 0.0 
7 52 116 597 0.0 
3 16 26 138 0.0 
4 27 76 383 0.0125 
3 18 30 184 0.0 
4 23 27 147 0.0322580645161 
7 30 36 168 0.0 
6 34 42 191 0.0 
6 35 63 288 0.0 
3 15 44 228 0.0 
14 87 0 0 0.0 
15 67 55 266 0.0142857142857 
5 31 36 173 0.0 
14 69 0 0 0.0 
8 59 21 110 0.0689655172414 
12 57 158 764 0.0 
5 25 58 284 0.047619047619 
5 47 25 139 0.0 
10 55 21 83 0.0 
10 48 29 151 0.0 
4 22 64 368 0.0441176470588 
6 36 148 737 0.012987012987 
4 26 86 420 0.0222222222222 
12 64 48 258 0.0 
9 49 58 296 0.0 
9 58 30 143 0.025641025641 
8 42 65 305 0.041095890411 
5 28 17 80 0.0 
10 44 63 397 0.260273972603 
3 23 0 0 0.0 
3 14 63 305 0.0 
19 73 0 0 0.0 
8 35 33 162 0.0487804878049 
4 23 95 473 0.0505050505051 
4 29 104 476 0.0277777777778 
5 38 26 127 0.0 
4 15 21 107 0.04 
6 21 20 94 0.192307692308 
7 40 73 351 0.0375 
11 47 116 593 0.0393700787402 
4 22 35 185 0.0 
13 69 116 600 0.0077519379845 
11 56 73 349 0.0 
10 42 7 27 0.117647058824 
16 75 2 12 0.0 
18 85 0 0 0.111111111111 
6 33 60 329 0.0 
11 53 54 277 0.0 
6 31 27 129 0.0 
3 20 56 302 0.0 
5 29 25 111 0.0333333333333 
10 47 60 385 0.271428571429 
2 20 46 240 0.0 
3 19 45 250 0.0 
3 18 75 399 0.0 
2 16 30 133 0.0 
3 20 0 0 0.0 
2 10 0 0 0.0 
8 45 39 200 0.0212765957447 
16 79 25 127 0.0 
20 102 136 709 0.0128205128205 
6 35 46 246 0.0576923076923 
8 41 39 209 0.0 
5 16 19 109 0.0833333333333 
7 40 248 1316 0.00392156862745 
26 130 0 0 0.0 
5 21 128 651 0.0375939849624 
10 48 35 162 0.0 
5 25 52 258 0.0175438596491 
9 52 106 615 0.0 
6 27 58 280 0.0 
6 30 118 613 0.0483870967742 
3 15 63 314 0.030303030303 
11 46 0 0 0.181818181818 
3 17 19 76 0.0909090909091 
9 40 53 255 0.0161290322581 
4 27 62 329 0.0606060606061 
3 21 30 154 0.0 
6 28 47 223 0.0 
8 39 116 600 0.0 
21 149 0 0 0.047619047619 
22 118 49 254 0.0281690140845 
12 102 46 253 0.0 
11 62 234 1268 0.0204081632653 
6 26 46 206 0.0 
6 27 101 525 0.0373831775701 
7 29 91 458 0.0408163265306 
3 18 9 44 0.0 
7 46 0 0 0.0 
5 31 25 135 0.0 
4 17 27 113 0.0 
4 17 40 228 0.0454545454545 
7 28 61 324 0.0588235294118 
30 157 0 0 0.0 
13 77 0 0 0.0 
8 45 76 368 0.0119047619048 
11 56 3 16 0.0 
4 26 73 335 0.0 
11 49 22 103 0.030303030303 
8 56 169 862 0.00564971751412 
6 19 65 289 0.0422535211268 
12 51 62 388 0.256756756757 
8 34 64 317 0.0416666666667 
6 26 66 333 0.0277777777778 
4 26 43 225 0.0425531914894 
10 54 314 1658 0.0185185185185 
8 42 192 972 0.005 
12 57 113 625 0.024 
10 49 45 221 0.0727272727273 
8 37 33 156 0.0487804878049 
4 15 103 463 0.130841121495 
8 59 129 723 0.00729927007299 
8 47 0 0 0.0 
3 15 43 225 0.0434782608696 
7 34 0 0 0.0 
6 35 129 644 0.0518518518519 
8 39 453 2577 0.0694143167028 
8 45 44 216 0.0 
3 22 0 0 0.0 
3 28 71 326 0.0810810810811 
4 19 67 343 0.0 
6 26 120 673 0.0 
6 26 36 224 0.0 
2 14 45 213 0.0 
8 36 44 202 0.0 
8 50 20 110 0.0 
7 43 40 197 0.0 
6 39 0 0 0.0 
6 45 48 283 0.0185185185185 
8 40 206 1054 0.0 
18 83 47 228 0.0461538461538 
12 50 435 2559 0.0693512304251 
11 51 120 614 0.0534351145038 
8 49 0 0 0.0 
7 44 0 0 0.0 
4 33 42 208 0.0 
10 51 0 0 0.1 
8 36 31 161 0.0 
9 56 103 496 0.0 
8 33 20 96 0.0714285714286 
7 35 33 169 0.1 
4 22 60 318 0.03125 
14 65 30 143 0.0227272727273 
3 9 34 141 0.027027027027 
6 30 22 117 0.0714285714286 
14 82 0 0 0.0 
6 36 33 172 0.0 
10 47 26 130 0.0 
10 50 40 200 0.0 
5 28 23 131 0.0 
6 29 92 522 0.0 
4 20 28 150 0.03125 
8 32 120 543 0.0546875 
6 17 115 542 0.0 
2 13 39 208 0.0975609756098 
5 34 20 94 0.04 
4 18 38 199 0.0 
16 92 2 11 0.166666666667 
6 31 109 582 0.0 
10 49 13 63 0.0434782608696 
3 25 17 70 0.05 
2 8 60 346 0.0645161290323 
5 32 38 180 0.0 
7 31 20 84 0.0740740740741 
11 68 93 466 0.0 
15 78 0 0 0.0666666666667 
10 33 75 348 0.0 
10 57 0 0 0.0 
8 38 33 157 0.0 
4 15 54 258 0.0344827586207 
14 74 0 0 0.0714285714286 
5 31 93 470 0.0 
8 60 0 0 0.0 
6 45 82 416 0.0113636363636 
22 98 31 151 0.0943396226415 
13 56 23 96 0.0277777777778 
19 97 1 7 0.0 
1 8 53 291 0.0 
4 27 59 285 0.0634920634921 
3 17 37 179 0.0 
3 17 22 108 0.0 
2 7 25 121 0.037037037037 
6 40 111 550 0.0 
10 53 106 551 0.0 
10 44 59 369 0.246376811594 
7 32 41 212 0.0 
9 43 0 0 0.111111111111 
8 61 72 381 0.0125 
16 92 0 0 0.0 
4 32 165 911 0.0118343195266 
6 31 32 148 0.0 
13 60 55 263 0.147058823529 
10 37 90 411 0.07 
5 22 40 195 0.0 
8 40 38 165 0.0869565217391 
2 19 69 392 0.0 
15 95 91 467 0.0188679245283 
8 43 36 178 0.0 
9 41 0 0 0.0 
9 51 0 0 0.222222222222 
5 29 6 26 0.0 
11 78 0 0 0.0 
4 27 39 198 0.0697674418605 
5 21 19 96 0.0 
5 29 0 0 0.0 
9 52 102 535 0.0 
10 58 239 1284 0.0 
5 34 74 350 0.0 
15 90 0 0 0.0 
15 75 150 806 0.0 
6 32 62 313 0.0 
14 74 15 78 0.0 
5 25 59 288 0.0 
11 52 165 838 0.0 
9 50 43 211 0.0 
3 12 91 466 0.0212765957447 
6 27 62 320 0.0 
2 8 66 303 0.0294117647059 
4 44 44 246 0.0 
9 66 101 524 0.00909090909091 
22 112 0 0 0.0 
3 18 93 476 0.0416666666667 
5 20 30 158 0.0 
8 39 48 267 0.0 
2 10 18 86 0.0 
14 70 6 28 0.05 
5 33 25 125 0.0 
18 82 0 0 0.0555555555556 
7 42 82 478 0.0112359550562 
9 47 111 565 0.0666666666667 
14 59 0 0 0.142857142857 
6 33 16 72 0.0454545454545 
5 28 25 116 0.0 
12 54 53 252 0.0 
4 23 73 359 0.0649350649351 
6 34 45 202 0.0 
9 62 0 0 0.0 
7 27 28 136 0.0 
9 47 61 317 0.0 
3 16 108 500 0.0540540540541 
3 20 76 369 0.0 
15 74 57 299 0.0 
7 43 79 374 0.0348837209302 
2 4 22 119 0.0 
8 43 74 394 0.0 
5 33 95 471 0.03 
6 29 46 222 0.0 
14 66 6 25 0.05 
4 15 77 370 0.0617283950617 
3 19 39 196 0.047619047619 
8 53 53 294 0.0 
5 22 110 535 0.0 
10 39 146 765 0.0705128205128 
5 26 53 273 0.0344827586207 
6 20 35 177 0.0731707317073 
8 49 93 480 0.049504950495 
10 44 38 166 0.0625 
8 36 71 350 0.0 
2 8 14 70 0.0625 
9 41 68 322 0.012987012987 
7 31 8 43 0.0666666666667 
7 33 49 245 0.0535714285714 
7 51 0 0 0.0 
7 34 8 38 0.0 
13 58 10 36 0.130434782609 
10 58 54 269 0.03125 
5 34 133 695 0.0 
4 19 44 209 0.0625 
10 51 14 77 0.0 
6 23 32 144 0.0 
12 65 58 291 0.0 
3 18 287 1380 0.00344827586207 
5 18 30 156 0.171428571429 
7 49 111 619 0.0 
4 29 99 619 0.126213592233 
14 61 0 0 0.0 
5 28 30 152 0.0 
9 41 45 230 0.0 
12 73 259 1351 0.0147601476015 
5 40 80 368 0.0 
23 113 0 0 0.0869565217391 
6 22 39 165 0.0888888888889 
6 28 41 227 0.0 
11 58 102 473 0.0176991150442 
5 29 55 270 0.0166666666667 
3 20 51 249 0.0 
9 56 11 58 0.0 
12 69 48 272 0.0 
10 49 42 194 0.0 
7 32 0 0 0.0 
10 51 0 0 0.0 
5 21 137 716 0.0 
10 43 67 323 0.0 
9 58 147 735 0.0 
4 25 76 362 0.15 
4 14 115 618 0.0588235294118 
4 26 22 124 0.0 
6 29 58 306 0.0 
10 54 60 294 0.0 
9 43 81 431 0.0222222222222 
4 31 45 244 0.0 
7 39 51 271 0.0172413793103 
4 19 12 60 0.0 
8 46 84 436 0.0760869565217 
4 25 7 38 0.0 
4 39 58 287 0.0161290322581 
3 16 24 136 0.0 
3 22 101 599 0.0 
12 69 8 39 0.0 
3 19 110 505 0.0265486725664 
12 66 39 171 0.0 
6 40 120 587 0.047619047619 
5 31 145 705 0.02 
7 31 35 166 0.0238095238095 
2 8 60 293 0.0483870967742 
5 30 45 223 0.0 
4 17 0 0 0.0 
3 14 26 128 0.0344827586207 
5 28 19 103 0.0 
4 25 98 524 0.0588235294118 
3 24 38 194 0.0 
11 55 0 0 0.0 
9 45 57 291 0.0454545454545 
9 57 311 1735 0.03125 
4 18 11 49 0.0666666666667 
11 39 89 422 0.0 
7 34 156 759 0.0674846625767 
14 74 0 0 0.0 
3 7 43 216 0.0434782608696 
2 11 104 498 0.0188679245283 
6 43 97 468 0.0 
7 44 0 0 0.0 
9 42 18 91 0.0 
15 74 166 818 0.0 
7 36 42 206 0.0 
36 226 0 0 0.0 
5 40 18 81 0.0 
10 50 25 113 0.0 
5 27 19 109 0.0 
10 47 12 61 0.0 
10 52 118 655 0.0 
7 40 28 144 0.0 
8 46 17 105 0.0 
8 45 51 265 0.0 
13 76 479 2408 0.0 
4 29 81 407 0.0 
4 29 41 193 0.0 
2 9 23 108 0.0 
11 48 39 204 0.0 
7 40 208 1114 0.0093023255814 
2 16 45 232 0.0425531914894 
8 41 50 263 0.0 
6 28 46 239 0.0 
4 16 72 314 0.118421052632 
8 49 0 0 0.0 
10 54 79 377 0.0112359550562 
8 43 68 341 0.0 
3 19 34 173 0.0 
6 35 14 72 0.05 
8 51 0 0 0.0 
3 21 36 184 0.0 
3 20 77 424 0.0125 
13 68 0 0 0.0769230769231 
9 55 94 477 0.0 
14 63 23 121 0.0 
7 36 59 324 0.0909090909091 
7 24 53 268 0.0 
13 46 24 90 0.108108108108 
11 59 0 0 0.0909090909091 
8 39 18 72 0.0 
2 9 34 211 0.0555555555556 
6 41 43 260 0.0204081632653 
16 83 0 0 0.0 
3 10 50 238 0.0 
6 34 0 0 0.333333333333 
5 30 30 143 0.0285714285714 
7 48 37 179 0.0227272727273 
9 37 41 235 0.06 
3 16 78 394 0.0246913580247 
6 26 0 0 0.0 
4 20 114 539 0.0762711864407 
7 50 54 297 0.0 
2 7 56 262 0.0 
7 42 51 313 0.0 
8 51 38 211 0.0 
17 103 25 156 0.0 
7 28 112 578 0.0420168067227 
14 69 60 274 0.027027027027 
6 32 89 437 0.0842105263158 
2 16 127 635 0.031007751938 
4 27 173 888 0.0 
6 34 6 34 0.0 
7 44 115 613 0.00819672131148 
6 56 47 242 0.0566037735849 
7 35 42 218 0.0 
13 81 47 227 0.0 
13 68 0 0 0.0 
6 22 120 560 0.00793650793651 
3 27 63 333 0.0 
8 45 0 0 0.0 
16 66 53 254 0.0 
14 71 0 0 0.0714285714286 
4 16 101 499 0.0952380952381 
6 37 37 171 0.046511627907 
4 21 50 235 0.111111111111 
3 26 40 201 0.0 
6 34 73 371 0.0 
11 53 71 340 0.0243902439024 
11 80 100 512 0.0990990990991 
6 27 67 310 0.027397260274 
9 42 97 485 0.0188679245283 
9 42 48 231 0.122807017544 
16 78 36 165 0.0 
8 32 96 455 0.0192307692308 
16 55 116 528 0.0 
3 19 43 205 0.0 
3 19 260 1348 0.00380228136882 
8 39 65 321 0.041095890411 
3 19 16 65 0.0526315789474 
6 37 0 0 0.0 
11 50 62 389 0.27397260274 
3 25 90 457 0.0 
5 41 106 634 0.00900900900901 
3 11 27 124 0.0 
5 26 30 157 0.0 
3 20 47 248 0.0 
13 56 172 866 0.0540540540541 
2 9 9 33 0.0909090909091 
19 84 81 413 0.0 
7 41 55 253 0.0645161290323 
11 51 65 410 0.263157894737 
5 28 97 504 0.0196078431373 
10 50 33 136 0.0232558139535 
4 21 28 140 0.0625 
2 20 47 238 0.0408163265306 
31 189 218 1267 0.0522088353414 
5 30 56 283 0.0 
5 21 95 466 0.06 
3 22 19 99 0.0909090909091 
5 30 32 150 0.0810810810811 
7 35 102 518 0.0183486238532 
4 26 0 0 0.0 
4 27 57 312 0.0327868852459 
5 18 39 188 0.0227272727273 
2 11 49 265 0.0 
12 49 0 0 0.166666666667 
8 43 0 0 0.0 
5 29 75 379 0.0 
7 39 34 171 0.0243902439024 
16 76 53 287 0.0 
13 72 0 0 0.0769230769231 
3 21 14 66 0.0 
4 19 121 611 0.0 
9 47 2 15 0.181818181818 
7 40 39 208 0.0 
10 57 70 356 0.0 
6 34 20 91 0.153846153846 
16 94 112 549 0.046875 
38 179 496 2453 0.0205992509363 
9 55 31 140 0.025 
30 131 118 561 0.0135135135135 
6 27 28 143 0.0588235294118 
11 54 52 237 0.047619047619 
14 63 9 36 0.0434782608696 
7 42 55 268 0.0 
5 20 51 269 0.0178571428571 
4 28 76 381 0.075 
4 17 29 121 0.0 
7 29 8 32 0.2 
4 21 27 136 0.0645161290323 
5 30 56 286 0.0327868852459 
17 82 44 206 0.0 
8 40 85 434 0.010752688172 
14 103 0 0 0.0714285714286 
5 19 49 226 0.0 
3 14 39 204 0.0 
7 24 28 133 0.0 
5 21 40 208 0.0888888888889 
6 34 45 251 0.0392156862745 
6 38 85 433 0.0989010989011 
6 20 12 57 0.0555555555556 
6 32 180 903 0.0 
5 29 89 447 0.0531914893617 
5 30 16 96 0.0 
20 87 66 324 0.0 
5 27 75 375 0.025 
5 38 53 232 0.0689655172414 
3 20 47 207 0.0 
9 57 39 218 0.0 
7 34 12 55 0.0 
5 20 11 59 0.3125 
4 10 12 65 0.0 
6 43 87 454 0.010752688172 
10 62 0 0 0.0 
7 37 3 23 0.1 
5 24 58 307 0.031746031746 
8 36 49 258 0.0175438596491 
6 29 67 338 0.027397260274 
3 14 29 142 0.15625 
3 14 91 430 0.0531914893617 
5 27 43 204 0.0416666666667 
5 29 19 98 0.0 
9 37 29 155 0.105263157895 
2 13 66 324 0.0 
5 25 39 203 0.0227272727273 
3 17 39 213 0.0 
13 74 83 452 0.0 
11 78 182 1005 0.0103626943005 
3 16 46 237 0.0 
20 98 0 0 0.0 
5 23 77 408 0.0243902439024 
4 20 91 449 0.0 
9 40 28 125 0.108108108108 
9 62 11 69 0.1 
10 48 67 307 0.0 
4 23 32 193 0.0 
26 125 0 0 0.0 
15 71 10 41 0.0 
7 45 0 0 0.142857142857 
9 49 0 0 0.0 
9 32 85 412 0.0425531914894 
5 26 13 61 0.0 
4 21 26 114 0.0333333333333 
3 20 240 1198 0.0 
4 19 25 131 0.0 
8 44 36 180 0.0 
4 15 24 115 0.0357142857143 
11 49 21 119 0.0 
14 79 73 395 0.0 
4 28 60 306 0.0 
2 14 24 116 0.0384615384615 
11 52 127 657 0.0144927536232 
3 16 43 201 0.0 
2 20 48 242 0.0 
6 33 43 225 0.0 
8 40 76 386 0.0357142857143 
7 39 91 504 0.0102040816327 
20 110 139 711 0.0251572327044 
4 16 14 82 0.0 
14 62 0 0 0.0 
11 51 85 433 0.03125 
2 8 40 227 0.0238095238095 
10 57 0 0 0.0 
7 38 50 246 0.0 
7 42 127 702 0.0373134328358 
7 41 37 189 0.0 
2 12 32 140 0.0294117647059 
5 29 176 852 0.0 
12 70 432 2209 0.0653153153153 
4 24 108 583 0.0 
8 41 67 311 0.0 
13 81 20 100 0.030303030303 
5 23 65 341 0.0142857142857 
4 16 32 145 0.0 
17 101 177 992 0.0 
4 30 285 1497 0.0103806228374 
11 55 18 81 0.0 
14 67 115 641 0.0232558139535 
9 42 47 243 0.0 
4 20 136 710 0.0428571428571 
18 84 78 392 0.114583333333 
3 23 228 1255 0.030303030303 
11 58 0 0 0.0909090909091 
8 49 0 0 0.125 
7 32 41 206 0.0 
7 49 26 144 0.030303030303 
11 45 75 372 0.0 
10 47 57 367 0.238805970149 
7 36 0 0 0.0 
3 9 66 326 0.0144927536232 
2 5 0 0 0.0 
9 48 81 381 0.0 
5 25 45 220 0.02 
3 23 83 460 0.0116279069767 
5 31 41 203 0.0 
1 19 0 0 0.0 
2 12 24 127 0.0 
3 15 53 299 0.0 
6 37 36 160 0.0 
12 65 0 0 0.0 
9 51 46 231 0.0181818181818 
8 51 36 188 0.0 
9 41 50 252 0.0677966101695 
3 18 69 349 0.0 
10 74 64 306 0.0540540540541 
7 45 268 1489 0.0290909090909 
3 20 26 131 0.0 
4 22 87 421 0.0 
9 41 132 652 0.0 
5 35 63 301 0.0 
9 49 38 197 0.0 
12 69 16 75 0.0357142857143 
1 4 0 0 0.0 
15 80 27 145 0.0238095238095 
4 18 78 424 0.0243902439024 
21 129 12 55 0.0 
9 49 41 194 0.04 
8 42 65 311 0.0 
4 25 56 275 0.0 
8 51 19 143 0.037037037037 
11 55 0 0 0.0 
16 86 12 69 0.0 
8 44 130 562 0.0579710144928 
6 33 0 0 0.0 
10 56 25 125 0.0 
9 52 0 0 0.0 
7 30 111 569 0.0 
13 65 130 680 0.0 
7 40 35 203 0.0 
6 36 0 0 0.0 
10 69 9 46 0.0526315789474 
7 43 149 818 0.0320512820513 
5 30 208 1134 0.0 
4 27 14 70 0.0555555555556 
9 58 0 0 0.0 
4 24 35 164 0.025641025641 
6 36 0 0 0.0 
8 41 0 0 0.125 
8 47 0 0 0.0 
8 44 33 158 0.0243902439024 
3 20 38 193 0.0487804878049 
5 28 18 84 0.0 
7 49 53 309 0.0 
8 49 27 146 0.0 
4 15 72 360 0.0526315789474 
5 29 51 253 0.0 
6 34 62 334 0.0147058823529 
5 21 121 621 0.0396825396825 
5 24 27 127 0.0 
10 59 64 314 0.0 
5 18 51 235 0.0 
7 48 132 719 0.0575539568345 
11 81 100 482 0.036036036036 
13 60 17 91 0.1 
13 65 0 0 0.0769230769231 
6 26 126 613 0.0 
2 8 30 159 0.125 
6 28 55 240 0.147540983607 
3 20 89 416 0.0217391304348 
11 50 47 211 0.0 
3 32 295 2103 0.0369127516779 
6 42 55 290 0.0327868852459 
4 26 78 399 0.0 
3 20 52 225 0.0 
8 41 36 183 0.0 
3 17 41 209 0.0454545454545 
9 38 6 26 0.0666666666667 
6 39 89 474 0.0842105263158 
2 9 53 276 0.0181818181818 
9 49 41 224 0.1 
11 49 64 410 0.253333333333 
11 61 83 395 0.0425531914894 
11 67 97 478 0.0185185185185 
8 39 13 64 0.0 
12 47 106 511 0.0169491525424 
4 24 24 147 0.0714285714286 
9 45 28 126 0.0540540540541 
6 28 24 108 0.0 
6 25 21 103 0.0 
11 66 0 0 0.0909090909091 
5 38 185 925 0.0368421052632 
4 20 57 316 0.016393442623 
7 41 51 264 0.0 
5 24 34 166 0.0 
5 25 55 265 0.0 
10 67 0 0 0.0 
5 36 71 303 0.0526315789474 
8 42 36 184 0.0 
5 25 0 0 0.0 
2 18 122 622 0.0 
6 28 92 460 0.030612244898 
10 63 41 213 0.0 
10 64 186 999 0.0 
11 58 11 53 0.181818181818 
4 27 84 458 0.0113636363636 
9 64 77 404 0.0116279069767 
3 19 25 123 0.0 
16 82 76 416 0.0 
4 27 24 115 0.0 
10 53 65 301 0.0 
10 76 0 0 0.0 
13 69 144 705 0.0 
3 16 57 298 0.0 
4 26 0 0 0.25 
10 53 54 263 0.09375 
11 48 32 162 0.046511627907 
3 15 0 0 0.0 
6 17 42 214 0.0833333333333 
11 49 55 293 0.0 
7 42 81 420 0.0113636363636 
1 7 63 297 0.015625 
9 45 29 139 0.0 
6 37 0 0 0.166666666667 
2 8 13 68 0.0666666666667 
3 17 61 282 0.046875 
3 30 62 326 0.0 
4 27 85 452 0.0 
9 50 171 914 0.00555555555556 
11 79 0 0 0.0 
2 15 80 393 0.0 
12 64 67 304 0.0 
10 39 184 1042 0.0824742268041 
4 18 62 353 0.0 
6 37 707 3694 0.0364656381487 
8 40 67 331 0.0666666666667 
5 31 22 127 0.0740740740741 
22 102 42 208 0.0 
4 25 33 142 0.0 
17 93 146 751 0.00613496932515 
7 36 46 229 0.169811320755 
9 44 33 160 0.047619047619 
7 29 16 95 0.0 
5 24 34 203 0.0 
15 97 118 554 0.00751879699248 
4 27 25 132 0.0 
2 9 25 132 0.0740740740741 
7 27 60 311 0.10447761194 
4 19 59 279 0.126984126984 
13 58 104 510 0.034188034188 
5 30 10 42 0.0 
8 30 22 100 0.0333333333333 
2 9 25 104 0.037037037037 
6 37 66 311 0.0277777777778 
10 71 15 72 0.0 
3 14 49 243 0.0769230769231 
56 265 0 0 0.0357142857143 
7 35 34 191 0.0 
7 44 164 839 0.0 
8 57 64 339 0.0416666666667 
3 14 40 198 0.0232558139535 
12 68 5 25 0.0 
2 13 31 159 0.121212121212 
17 114 0 0 0.0 
4 53 0 0 0.0 
6 32 96 457 0.0294117647059 
10 61 0 0 0.0 
6 44 12 69 0.0 
3 22 79 443 0.0243902439024 
13 62 40 202 0.0 
4 20 39 184 0.0 
6 39 40 243 0.0 
20 89 0 0 0.0 
12 56 48 209 0.05 
3 18 73 354 0.0 
5 22 144 705 0.0335570469799 
18 88 0 0 0.0 
8 52 0 0 0.0 
3 24 31 173 0.0294117647059 
7 38 4 15 0.0 
10 63 62 327 0.0 
4 15 43 202 0.127659574468 
7 34 35 189 0.0 
12 52 19 94 0.0322580645161 
14 81 0 0 0.0 
21 132 0 0 0.0 
11 45 97 466 0.0185185185185 
17 102 502 2468 0.00770712909441 
7 46 24 154 0.0 
9 54 0 0 0.111111111111 
20 90 25 127 0.0 
6 34 58 305 0.015625 
9 45 0 0 0.0 
12 52 33 163 0.0 
9 40 5 25 0.0 
14 78 28 142 0.0 
4 29 47 233 0.0 
3 19 20 126 0.0434782608696 
4 13 53 279 0.0350877192982 
20 95 62 304 0.0 
15 103 0 0 0.0666666666667 
13 66 39 187 0.0576923076923 
14 72 78 461 0.0 
8 32 3 12 0.0 
4 18 73 380 0.0909090909091 
14 76 52 259 0.0606060606061 
5 24 84 426 0.0 
2 16 25 106 0.037037037037 
5 17 73 378 0.025641025641 
6 32 52 262 0.0172413793103 
13 73 25 103 0.157894736842 
9 46 56 276 0.0307692307692 
4 18 56 297 0.0666666666667 
6 39 5 21 0.0 
10 53 84 423 0.0106382978723 
10 52 38 193 0.0208333333333 
6 25 43 202 0.0612244897959 
21 105 0 0 0.0 
3 12 47 253 0.04 
6 43 130 760 0.0441176470588 
9 59 47 258 0.0 
2 9 27 123 0.0689655172414 
13 61 43 192 0.0178571428571 
6 28 49 268 0.0 
8 40 17 87 0.08 
5 20 263 1391 0.0149253731343 
13 58 6 27 0.105263157895 
6 28 32 161 0.0789473684211 
8 36 37 170 0.111111111111 
14 72 12 56 0.115384615385 
2 14 21 101 0.0 
6 30 43 227 0.0 
4 30 173 861 0.0564971751412 
16 87 0 0 0.0625 
3 18 67 348 0.142857142857 
9 39 15 113 0.0416666666667 
2 11 25 130 0.037037037037 
14 65 27 133 0.0 
10 44 18 100 0.0 
5 29 57 305 0.0 
4 12 43 193 0.0 
15 87 55 254 0.0 
8 48 23 113 0.0 
9 56 148 714 0.0191082802548 
5 42 69 361 0.0810810810811 
7 34 103 517 0.118181818182 
10 45 32 145 0.0 
14 82 58 291 0.0138888888889 
5 41 220 1301 0.0266666666667 
11 60 75 336 0.0116279069767 
4 22 84 411 0.0113636363636 
7 34 46 238 0.0 
4 18 26 124 0.0 
11 60 155 828 0.0180722891566 
33 181 147 868 0.0944444444444 
4 26 91 468 0.0947368421053 
7 34 69 323 0.0131578947368 
21 91 50 241 0.0281690140845 
5 25 32 170 0.0 
18 88 22 100 0.0 
15 76 58 306 0.0 
4 16 47 266 0.078431372549 
4 30 87 446 0.142857142857 
3 8 26 150 0.0689655172414 
17 109 215 1152 0.00431034482759 
3 21 31 177 0.0 
17 76 0 0 0.0 
6 30 93 492 0.030303030303 
9 35 0 0 0.0 
6 43 72 371 0.0128205128205 
5 31 61 271 0.0606060606061 
16 84 0 0 0.0 
5 24 390 1900 0.00253164556962 
3 19 27 144 0.0 
11 70 0 0 0.0 
5 18 69 313 0.0 
2 15 75 353 0.012987012987 
2 15 93 481 0.0 
27 123 0 0 0.0 
9 53 300 1722 0.0 
5 23 78 348 0.0 
6 28 102 448 0.0555555555556 
15 74 20 120 0.0 
10 46 11 57 0.047619047619 
16 64 105 500 0.0 
10 53 0 0 0.1 
3 12 24 121 0.0 
11 58 47 235 0.0172413793103 
6 34 41 211 0.0212765957447 
3 16 56 277 0.0338983050847 
3 19 224 1182 0.0440528634361 
11 54 116 567 0.0 
11 48 63 402 0.256756756757 
5 24 52 248 0.0 
4 14 19 101 0.0869565217391 
3 15 1269 6735 0.00235849056604 
13 91 0 0 0.0 
7 46 0 0 0.428571428571 
3 17 102 540 0.0380952380952 
5 27 0 0 0.0 
2 8 0 0 0.0 
21 119 0 0 0.047619047619 
12 61 84 438 0.0104166666667 
2 7 28 141 0.0666666666667 
12 74 242 1316 0.0314960629921 
10 61 72 403 0.0731707317073 
13 73 51 237 0.09375 
9 46 14 60 0.0869565217391 
7 34 57 293 0.015625 
7 41 86 426 0.0215053763441 
10 48 283 1447 0.00682593856655 
9 64 83 518 0.0 
4 27 52 259 0.0 
8 35 12 55 0.0 
14 62 20 97 0.0294117647059 
9 48 130 630 0.0503597122302 
8 47 116 592 0.0 
9 48 83 517 0.0 
8 41 37 178 0.0 
9 32 38 180 0.0 
8 39 19 107 0.0 
8 34 32 176 0.0 
10 52 57 275 0.0597014925373 
11 74 0 0 0.0909090909091 
5 21 57 282 0.0 
9 33 62 281 0.0422535211268 
