10 50 0.0 
17 127 0.0 
13 81 0.0 
9 45 0.0246913580247 
11 73 0.0 
16 104 0.0 
3 15 0.0 
10 57 0.0 
12 70 0.333333333333 
26 132 0.0 
6 57 0.0 
5 30 0.0 
30 193 0.0 
13 72 0.0294117647059 
24 148 0.0 
14 86 0.0 
15 88 0.0 
7 39 0.0 
54 282 0.0185185185185 
4 21 0.0 
7 48 0.0 
15 73 0.0666666666667 
7 40 0.0416666666667 
16 87 0.0 
7 55 0.00934579439252 
9 52 0.0 
10 51 0.0506329113924 
15 88 0.0 
7 47 0.0149253731343 
14 83 0.0 
8 56 0.0 
22 108 0.0 
7 38 0.0 
4 34 0.0 
17 94 0.0 
9 40 0.0 
6 43 0.05 
10 58 0.0 
12 71 0.0 
6 36 0.0 
15 97 0.00523560209424 
17 92 0.0701754385965 
8 38 0.0 
20 128 0.0 
12 77 0.0 
17 90 0.0 
7 38 0.0 
12 77 0.0634920634921 
2 14 0.0 
11 59 0.0 
6 36 0.0 
8 48 0.0 
12 81 0.0 
11 53 0.0275229357798 
12 68 0.0833333333333 
6 39 0.0 
23 137 0.0 
12 67 0.00537634408602 
7 52 0.0 
8 36 0.0136054421769 
7 38 0.0 
4 20 0.0 
30 147 0.0 
4 42 0.0154639175258 
7 53 0.0 
14 75 0.0188679245283 
7 50 0.0 
8 50 0.025 
6 32 0.0227272727273 
6 43 0.0 
15 90 0.0 
5 40 0.0 
22 144 0.0 
10 59 0.0123456790123 
14 66 0.0289855072464 
19 104 0.00757575757576 
7 37 0.0 
19 101 0.0 
6 42 0.0 
6 46 0.0 
6 34 0.0 
7 51 0.0 
7 47 0.0 
5 30 0.0 
7 41 0.0 
12 71 0.0 
6 35 0.0 
8 47 0.00738216922203 
7 52 0.0 
1 5 0.0 
40 264 0.0 
18 98 0.0555555555556 
8 39 0.0 
22 124 0.0 
13 76 0.00740740740741 
7 44 0.0 
8 62 0.0 
20 125 0.0 
11 61 0.0 
19 99 0.0 
12 81 0.0 
20 109 0.00751879699248 
9 43 0.0 
9 57 0.0 
8 68 0.0 
4 18 0.0 
7 37 0.015625 
9 44 0.0140845070423 
9 55 0.0 
20 138 0.0 
6 37 0.0149253731343 
19 99 0.0 
9 58 0.0 
13 79 0.0 
6 37 0.0 
20 113 0.0157068062827 
12 88 0.0 
5 26 0.0 
9 57 0.0 
12 67 0.0 
12 67 0.025 
15 90 0.0 
13 89 0.0 
34 186 0.00740740740741 
5 41 0.0 
4 25 0.0 
5 42 0.0 
16 96 0.0 
16 76 0.0166666666667 
5 38 0.0 
10 58 0.0 
6 48 0.0 
11 84 0.0 
4 19 0.040404040404 
9 40 0.0 
17 100 0.0 
3 24 0.0 
14 97 0.0 
11 60 0.0 
6 39 0.0108695652174 
13 79 0.0 
18 101 0.0 
7 41 0.0 
3 26 0.0 
21 125 0.0120481927711 
47 289 0.00858369098712 
12 79 0.0833333333333 
15 80 0.0 
7 46 0.0116279069767 
23 149 0.0 
8 55 0.0 
6 38 0.0175438596491 
26 134 0.0384615384615 
6 34 0.0 
7 37 0.0 
5 33 0.0 
20 111 0.010101010101 
5 29 0.0 
6 37 0.0026525198939 
17 96 0.0588235294118 
6 36 0.0 
22 105 0.00662251655629 
3 15 0.0 
13 62 0.0333333333333 
16 89 0.0 
7 46 0.0 
8 47 0.0 
12 70 0.00226244343891 
9 46 0.0 
9 43 0.0114068441065 
17 98 0.0 
26 130 0.0 
8 44 0.0322580645161 
8 52 0.0 
11 61 0.0 
7 48 0.0 
11 57 0.0 
14 74 0.0105263157895 
5 37 0.0 
6 48 0.0437158469945 
10 56 0.00869565217391 
7 34 0.0 
10 64 0.0 
13 75 0.0 
6 40 0.0217391304348 
13 71 0.0 
27 143 0.0 
9 48 0.0 
12 65 0.25 
2 15 0.0 
16 126 0.0625 
16 88 0.0 
7 49 0.0 
5 36 0.0181818181818 
3 20 0.0 
3 22 0.0 
7 47 0.0 
13 69 0.0 
28 161 0.0 
10 60 0.0 
12 59 0.0 
13 80 0.0138888888889 
3 24 0.00236966824645 
8 54 0.0 
8 35 0.010989010989 
7 37 0.0 
7 47 0.0 
5 27 0.0 
12 66 0.0 
14 75 0.010989010989 
8 40 0.0 
14 69 0.0 
5 26 0.0 
12 60 0.0 
7 42 0.0 
4 23 0.0 
9 53 0.0 
3 24 0.0 
17 105 0.0075 
14 82 0.0 
13 88 0.0 
15 90 0.0 
14 74 0.0 
13 64 0.0235294117647 
8 55 0.0110497237569 
6 39 0.0 
4 18 0.0 
20 111 0.0 
9 52 0.0161290322581 
9 55 0.222222222222 
3 21 0.0 
11 89 0.0 
13 74 0.0 
7 44 0.142857142857 
3 17 0.0 
46 300 0.0434782608696 
12 59 0.0 
15 81 0.0 
7 42 0.0 
3 19 0.0 
15 62 0.0254237288136 
15 89 0.0 
5 25 0.0 
12 62 0.0 
14 87 0.0 
14 68 0.0253164556962 
18 107 0.0 
10 58 0.0133333333333 
10 63 0.0 
9 60 0.0 
11 56 0.0 
11 65 0.0 
15 74 0.0 
7 41 0.00925925925926 
23 136 0.0 
8 44 0.0 
11 80 0.0 
22 148 0.0 
11 60 0.0 
7 39 0.0 
12 58 0.0 
10 65 0.0 
9 56 0.0 
8 45 0.0 
4 25 0.0224719101124 
10 58 0.0217391304348 
5 30 0.0 
19 105 0.0176470588235 
13 73 0.0461538461538 
7 43 0.0576923076923 
14 90 0.015625 
7 37 0.0 
27 146 0.0740740740741 
10 71 0.0 
11 71 0.0 
16 90 0.0 
5 33 0.0227272727273 
2 14 0.0 
7 41 0.0 
15 76 0.0 
20 111 0.0 
4 26 0.0 
15 74 0.0 
22 138 0.0 
27 157 0.0 
12 72 0.0 
31 205 0.0 
7 40 0.00696864111498 
3 16 0.0 
11 66 0.0 
10 65 0.0 
13 76 0.0 
9 54 0.0 
50 280 0.0 
7 42 0.0 
14 79 0.0 
21 122 0.0 
11 59 0.0 
6 41 0.0 
16 90 0.0192307692308 
4 30 0.0 
14 80 0.0 
10 62 0.0 
13 72 0.0 
16 103 0.0138888888889 
10 64 0.04 
31 226 0.0 
12 68 0.0307692307692 
18 97 0.0 
19 98 0.0 
3 18 0.0217391304348 
12 76 0.01 
13 81 0.0 
6 39 0.0 
14 77 0.0714285714286 
10 54 0.037037037037 
26 136 0.0 
43 231 0.093023255814 
21 118 0.0 
12 61 0.0 
11 64 0.0 
15 91 0.0 
7 36 0.00595238095238 
15 85 0.0666666666667 
15 85 0.0 
19 136 0.0 
10 51 0.0 
11 68 0.0 
9 51 0.0185185185185 
34 189 0.0 
26 146 0.0384615384615 
25 122 0.00925925925926 
9 72 0.0 
9 57 0.0122699386503 
28 157 0.0714285714286 
30 160 0.0 
8 54 0.125 
6 43 0.05 
15 87 0.0 
11 81 0.0253164556962 
26 126 0.0253164556962 
6 47 0.0013698630137 
26 161 0.0177514792899 
13 90 0.0 
3 12 0.05 
3 15 0.0 
14 91 0.00454545454545 
8 52 0.0 
16 78 0.0142857142857 
42 232 0.0238095238095 
19 114 0.00327868852459 
9 49 0.0 
5 41 0.0 
6 35 0.166666666667 
13 60 0.153846153846 
11 66 0.0 
9 62 0.0 
6 43 0.0 
6 36 0.0 
2 12 0.0 
12 77 0.0 
8 55 0.0 
7 29 0.00694444444444 
9 65 0.0 
6 38 0.0172413793103 
3 25 0.0 
6 41 0.0 
26 177 0.0138888888889 
5 29 0.0 
5 31 0.0 
20 108 0.0 
15 90 0.0 
23 120 0.018691588785 
9 50 0.0 
7 37 0.142857142857 
10 72 0.0 
10 57 0.0140845070423 
8 43 0.0545454545455 
7 44 0.0 
12 64 0.0 
5 31 0.0 
15 85 0.0 
11 68 0.0114942528736 
14 66 0.0 
16 80 0.0428571428571 
18 136 0.010101010101 
11 83 0.0 
16 82 0.0 
17 91 0.0 
4 28 0.0 
10 60 0.0 
22 123 0.0 
4 30 0.0 
16 91 0.0 
3 15 0.0181818181818 
8 50 0.0 
13 82 0.0 
14 87 0.015625 
12 60 0.0144927536232 
6 47 0.0119760479042 
16 89 0.00621118012422 
8 46 0.0253164556962 
13 86 0.0 
10 54 0.0 
6 36 0.00480769230769 
4 26 0.0238095238095 
11 69 0.0 
45 290 0.0 
2 16 0.0 
12 70 0.0 
13 67 0.0 
15 80 0.0 
7 33 0.0 
4 25 0.0 
9 58 0.0222222222222 
9 60 0.0 
7 41 0.0 
5 28 0.0 
32 231 0.0 
6 34 0.0 
8 49 0.0 
8 56 0.0 
15 69 0.0126582278481 
5 33 0.08 
8 38 0.0142857142857 
12 76 0.0 
11 66 0.0 
7 50 0.0 
12 68 0.00568720379147 
12 57 0.0 
13 74 0.0 
4 24 0.0 
5 30 0.0 
19 98 0.0 
11 60 0.0 
8 45 0.0381355932203 
7 46 0.0 
16 85 0.0416666666667 
17 85 0.0337078651685 
8 57 0.0217391304348 
12 68 0.0 
2 17 0.0266666666667 
8 47 0.0238095238095 
17 112 0.0 
10 51 0.0377358490566 
10 61 0.0172413793103 
11 64 0.0178571428571 
15 73 0.0 
10 63 0.0 
4 23 0.0 
10 60 0.0 
14 103 0.0 
6 38 0.0 
9 49 0.0365853658537 
8 51 0.0169491525424 
3 29 0.016393442623 
6 43 0.05 
17 89 0.0 
18 101 0.0 
13 78 0.0 
4 30 0.0 
12 58 0.0147058823529 
11 54 0.0 
17 109 0.117647058824 
10 45 0.0478468899522 
11 63 0.0 
4 32 0.0 
14 81 0.0 
12 62 0.0 
10 41 0.0434782608696 
15 81 0.0 
10 59 0.0 
15 72 0.0 
27 136 0.0289855072464 
6 35 0.0 
7 38 0.0 
10 67 0.0 
11 64 0.0909090909091 
4 22 0.25 
7 36 0.0 
11 58 0.0 
15 83 0.0178571428571 
5 34 0.0363636363636 
12 86 0.0 
19 106 0.0 
11 70 0.0 
20 102 0.0 
9 58 0.0 
7 36 0.0229885057471 
6 28 0.0246913580247 
8 40 0.0 
6 52 0.0 
5 33 0.00552486187845 
9 46 0.00990099009901 
42 277 0.0238095238095 
16 105 0.0 
22 126 0.0 
9 65 0.0168067226891 
6 41 0.0 
14 90 0.0 
11 65 0.0909090909091 
12 63 0.0 
21 134 0.00854700854701 
12 63 0.0 
13 66 0.0 
8 44 0.0 
14 89 0.0183486238532 
14 88 0.0 
10 53 0.0 
9 61 0.030303030303 
5 37 0.0 
14 93 0.0 
5 27 0.0442477876106 
18 107 0.0657894736842 
10 51 0.0 
7 36 0.0 
8 47 0.0 
11 58 0.00709219858156 
15 93 0.0 
6 43 0.0 
23 124 0.0 
6 38 0.0153846153846 
16 96 0.0 
12 70 0.0344827586207 
8 51 0.0 
13 87 0.153846153846 
18 120 0.0 
10 67 0.013698630137 
15 79 0.012987012987 
13 67 0.013698630137 
15 85 0.0 
6 43 0.05 
8 58 0.0 
26 133 0.0 
43 256 0.0 
6 35 0.0 
7 37 0.0 
17 114 0.0 
12 79 0.0 
14 78 0.0 
5 48 0.0 
7 48 0.063829787234 
8 53 0.0 
23 117 0.025641025641 
4 26 0.0 
6 41 0.0 
9 45 0.0117647058824 
6 50 0.0 
6 48 0.0 
27 152 0.0 
9 48 0.00709219858156 
13 73 0.0291262135922 
8 45 0.0 
15 90 0.0 
7 48 0.0175438596491 
10 67 0.0 
4 28 0.0 
13 74 0.0 
5 37 0.0105263157895 
15 95 0.0 
6 31 0.0344827586207 
16 96 0.0 
20 132 0.0 
14 74 0.0054347826087 
8 42 0.0 
10 57 0.0 
8 60 0.0 
8 47 0.0 
9 42 0.0 
10 64 0.0138888888889 
11 73 0.0 
28 157 0.107142857143 
12 65 0.0 
10 55 0.0 
6 38 0.0 
9 49 0.0 
5 37 0.02 
7 39 0.0 
10 74 0.0 
5 27 0.0 
5 22 0.0 
11 68 0.0 
16 88 0.0 
7 41 0.0 
12 76 0.0 
19 113 0.0 
12 79 0.0 
3 18 0.0 
20 108 0.0142857142857 
8 57 0.00833333333333 
14 80 0.0900900900901 
9 48 0.0 
19 104 0.0 
4 17 0.0 
11 76 0.0123456790123 
19 111 0.0 
4 31 0.0 
2 13 0.0 
5 32 0.0263157894737 
15 106 0.0 
10 52 0.0 
7 39 0.0 
3 19 0.0251572327044 
10 58 0.0 
15 84 0.0172413793103 
4 23 0.0144927536232 
18 96 0.0 
6 29 0.0 
28 134 0.0201342281879 
6 37 0.0322580645161 
14 64 0.0 
3 16 0.0 
21 105 0.00833333333333 
16 83 0.0 
11 45 0.0456852791878 
7 41 0.0 
4 33 0.0 
3 21 0.0 
5 26 0.0 
14 80 0.0188679245283 
14 81 0.0 
6 47 0.0 
7 36 0.0 
9 53 0.0136363636364 
8 39 0.0 
10 60 0.0126582278481 
7 37 0.0 
16 83 0.0 
6 36 0.0873786407767 
4 21 0.0 
3 28 0.0 
17 116 0.0 
6 37 0.0322580645161 
10 58 0.0178571428571 
4 23 0.0 
28 154 0.0 
7 43 0.0343137254902 
18 85 0.0 
5 30 0.0 
18 98 0.0 
22 150 0.0 
6 33 0.021186440678 
12 53 0.015625 
22 117 0.0227272727273 
20 98 0.0392156862745 
12 76 0.0 
4 36 0.0 
10 65 0.0093896713615 
3 25 0.0031847133758 
5 37 0.0 
8 62 0.0 
5 40 0.0363636363636 
3 18 0.0 
9 40 0.0 
14 98 0.0 
4 26 0.0223463687151 
9 45 0.0 
13 75 0.0495867768595 
17 86 0.0 
7 40 0.00724637681159 
15 98 0.0 
12 80 0.0120481927711 
6 45 0.0 
5 35 0.00995024875622 
5 28 0.0 
12 61 0.00377358490566 
11 62 0.0 
2 18 0.0 
11 66 0.0 
11 68 0.0677966101695 
7 42 0.0133333333333 
5 35 0.0348837209302 
3 15 0.0382775119617 
7 53 0.00505050505051 
12 51 0.0 
9 61 0.0 
6 39 0.0 
6 36 0.0873786407767 
11 64 0.0131578947368 
25 141 0.0123456790123 
8 56 0.00851063829787 
3 18 0.0 
15 72 0.0 
13 77 0.0 
14 85 0.0281690140845 
21 123 0.0127118644068 
5 29 0.0 
5 32 0.019801980198 
4 24 0.0 
4 25 0.0 
19 93 0.0 
13 71 0.0 
9 54 0.0 
2 14 0.0 
7 45 0.0 
4 26 0.0 
6 41 0.0 
15 93 0.0 
12 65 0.0 
7 45 0.0 
30 155 0.0333333333333 
10 62 0.0234741784038 
12 56 0.0232018561485 
5 30 0.0 
9 46 0.0 
8 40 0.0 
39 217 0.0 
13 61 0.0216049382716 
29 144 0.0 
3 23 0.010152284264 
9 43 0.0 
22 102 0.0115606936416 
5 30 0.0042194092827 
10 66 0.0252100840336 
6 44 0.0119047619048 
7 33 0.0 
6 37 0.0322580645161 
5 35 0.00704225352113 
15 71 0.00749063670412 
9 60 0.0 
6 37 0.0322580645161 
24 137 0.038961038961 
12 50 0.0 
12 57 0.02 
16 106 0.0 
10 79 0.0123966942149 
10 51 0.0135135135135 
6 36 0.0873786407767 
20 112 0.0 
12 64 0.00806451612903 
9 45 0.00261096605744 
2 18 0.0 
7 51 0.0 
8 39 0.0 
9 52 0.0212765957447 
18 97 0.0322580645161 
10 41 0.0 
6 40 0.0229885057471 
8 35 0.00732600732601 
7 59 0.00444444444444 
4 26 0.00769230769231 
10 83 0.0223880597015 
26 129 0.0 
11 55 0.0 
10 49 0.0 
22 123 0.0 
12 60 0.0 
12 70 0.0 
8 48 0.0 
12 67 0.0178571428571 
14 98 0.00649350649351 
5 29 0.0 
9 47 0.0 
8 55 0.0 
22 130 0.00549450549451 
8 42 0.0197044334975 
14 75 0.0125786163522 
6 33 0.0 
5 39 0.0222222222222 
7 35 0.0 
15 82 0.0 
7 37 0.0 
9 43 0.0144230769231 
20 108 0.0 
7 40 0.0 
18 118 0.0 
16 96 0.0149253731343 
17 82 0.0 
5 27 0.0 
8 54 0.0 
20 113 0.0105263157895 
13 92 0.0337301587302 
8 58 0.00541516245487 
4 23 0.015625 
28 176 0.0 
20 105 0.0 
5 32 0.0 
13 70 0.00153374233129 
14 74 0.0 
6 30 0.017316017316 
13 69 0.008 
15 86 0.0 
10 68 0.029702970297 
13 79 0.0 
20 100 0.0198675496689 
22 111 0.0 
11 65 0.0093896713615 
14 84 0.00320512820513 
13 89 0.0 
16 104 0.0 
3 16 0.0 
6 37 0.0322580645161 
4 23 0.0 
8 54 0.0166666666667 
4 21 0.0 
14 72 0.0298507462687 
6 36 0.0 
9 50 0.0 
7 43 0.0161290322581 
10 58 0.0296442687747 
6 40 0.0 
8 46 0.0 
4 23 0.0135135135135 
11 58 0.0 
16 98 0.0 
7 37 0.0 
6 28 0.0188679245283 
4 32 0.00507614213198 
3 15 0.0 
11 70 0.0177777777778 
3 17 0.0 
20 131 0.0 
3 23 0.0129449838188 
5 31 0.0 
7 32 0.0 
11 57 0.0 
7 47 0.0263157894737 
3 17 0.0 
14 70 0.0 
18 91 0.00595238095238 
3 29 0.0 
8 48 0.0 
10 55 0.0 
20 131 0.0 
13 67 0.0 
8 46 0.0 
4 36 0.0 
21 112 0.0105263157895 
5 29 0.014367816092 
10 71 0.0 
19 94 0.0102564102564 
12 59 0.0 
7 34 0.0 
1 10 0.00367647058824 
4 19 0.0365853658537 
7 27 0.0 
2 17 0.0 
47 293 0.0 
10 70 0.0 
5 41 0.0 
34 196 0.0 
22 120 0.0 
22 107 0.00815217391304 
13 79 0.00862068965517 
7 35 0.0 
3 28 0.0 
8 40 0.0350877192982 
16 99 0.0 
5 35 0.0 
15 81 0.0108303249097 
14 75 0.0 
10 66 0.00692041522491 
9 51 0.0 
11 58 0.0137120470127 
6 38 0.0138888888889 
3 19 0.0123456790123 
13 82 0.0 
11 51 0.012987012987 
8 50 0.0197368421053 
9 49 0.0 
20 92 0.0028901734104 
12 71 0.0 
5 43 0.0 
24 134 0.0140845070423 
32 158 0.0 
3 15 0.0222222222222 
7 54 0.00359712230216 
8 54 0.0 
19 105 0.0 
18 107 0.0322580645161 
2 18 0.0 
8 44 0.0 
10 53 0.0 
18 108 0.0 
8 53 0.0207134637514 
9 57 0.0157894736842 
11 81 0.0 
7 44 0.0 
7 45 0.0625 
11 75 0.0 
25 125 0.00900900900901 
9 69 0.0 
12 83 0.0 
5 29 0.0 
16 97 0.012987012987 
24 142 0.00751879699248 
3 18 0.0 
28 140 0.00642398286938 
5 34 0.00925925925926 
12 75 0.0666666666667 
5 33 0.047619047619 
5 40 0.0 
6 30 0.0 
19 104 0.0115606936416 
10 44 0.0 
19 94 0.010989010989 
32 176 0.0137741046832 
7 32 0.0307692307692 
5 36 0.01875 
6 36 0.0235294117647 
13 78 0.00194931773879 
25 159 0.0357142857143 
16 86 0.0 
6 34 0.0 
3 18 0.0238095238095 
8 40 0.0 
8 43 0.0 
2 20 0.0 
9 57 0.0117647058824 
12 60 0.0 
4 28 0.0 
7 39 0.00806451612903 
12 76 0.0141700404858 
6 51 0.0 
6 42 0.0192307692308 
11 59 0.0 
5 45 0.0307692307692 
11 69 0.0120481927711 
4 24 0.010989010989 
5 32 0.0261437908497 
13 91 0.0113636363636 
6 48 0.0155902004454 
15 79 0.0337922403004 
11 60 0.0 
17 90 0.0119047619048 
12 72 0.0279329608939 
1 7 0.0 
5 36 0.0128205128205 
4 16 0.00689655172414 
5 35 0.0 
11 65 0.0 
8 48 0.0 
7 38 0.0 
8 50 0.025 
11 88 0.0 
29 159 0.00554528650647 
16 95 0.00591715976331 
11 52 0.0271903323263 
5 28 0.0 
7 46 0.0 
5 35 0.0235294117647 
11 67 0.0 
15 72 0.00699300699301 
17 116 0.0 
13 59 0.0124113475177 
10 61 0.0 
11 70 0.04 
8 57 0.046875 
18 104 0.0 
9 57 0.0 
9 54 0.0 
17 76 0.0 
17 106 0.0 
4 23 0.0119047619048 
9 34 0.0754716981132 
7 38 0.0 
14 79 0.002079002079 
10 68 0.029702970297 
2 14 0.0 
18 103 0.0625 
10 59 0.0 
5 33 0.0172413793103 
1 9 0.0 
4 23 0.0175438596491 
11 55 0.0 
17 84 0.0142348754448 
13 72 0.0547945205479 
13 48 0.013698630137 
15 77 0.0019267822736 
7 33 0.0425531914894 
13 69 0.0124481327801 
5 22 0.00571428571429 
9 49 0.0178571428571 
9 40 0.0 
14 77 0.0 
13 75 0.00735294117647 
7 44 0.0183486238532 
6 36 0.0128205128205 
5 29 0.045871559633 
11 52 0.0200501253133 
12 75 0.00990099009901 
9 43 0.0 
8 56 0.0428571428571 
7 32 0.0 
8 40 0.0 
5 32 0.0 
6 38 0.0 
7 53 0.036496350365 
17 72 0.0 
8 48 0.0 
13 62 0.0156862745098 
11 65 0.0316455696203 
9 47 0.0 
3 29 0.0 
10 61 0.0 
20 89 0.00740740740741 
13 71 0.0432098765432 
20 121 0.0 
5 28 0.0217391304348 
2 19 0.0 
12 65 0.00298507462687 
5 29 0.0 
7 41 0.0 
7 46 0.021897810219 
6 39 0.00546448087432 
13 59 0.0 
15 69 0.0113636363636 
9 53 0.0 
11 65 0.00813008130081 
11 58 0.0 
2 15 0.0 
16 82 0.00671140939597 
17 91 0.005 
19 96 0.0159574468085 
15 92 0.00297619047619 
14 70 0.015037593985 
7 36 0.015 
10 58 0.025 
12 71 0.0 
25 150 0.00515463917526 
6 36 0.0873786407767 
4 22 0.0 
6 40 0.0229885057471 
6 37 0.0322580645161 
2 7 0.0 
3 22 0.00854700854701 
5 31 0.0 
9 70 0.011135857461 
4 29 0.0 
6 41 0.0 
13 78 0.0 
6 38 0.0276243093923 
11 57 0.0 
7 39 0.04 
6 33 0.0 
29 148 0.00900900900901 
9 56 0.0 
6 30 0.0 
12 62 0.0 
7 27 0.00660792951542 
10 41 0.0103092783505 
4 32 0.0 
5 34 0.00719424460432 
11 42 0.00925925925926 
2 16 0.0 
4 42 0.0 
15 95 0.00925925925926 
7 40 0.0 
16 87 0.0 
7 41 0.0 
18 102 0.0 
2 18 0.0107913669065 
13 60 0.00769230769231 
6 37 0.0322580645161 
13 57 0.00992555831266 
8 47 0.0208333333333 
12 66 0.0 
18 89 0.0 
20 92 0.0 
12 61 0.0135135135135 
9 51 0.0 
5 37 0.0171821305842 
8 54 0.00666666666667 
10 51 0.0181818181818 
6 33 0.0 
5 34 0.0 
6 39 0.0 
16 86 0.0 
13 69 0.0196078431373 
9 49 0.0480769230769 
8 34 0.016393442623 
12 70 0.00505050505051 
6 33 0.0 
10 59 0.0106382978723 
15 71 0.0 
14 69 0.0235294117647 
16 69 0.00578034682081 
4 19 0.0 
36 185 0.0 
11 69 0.00271739130435 
6 32 0.0 
14 105 0.0 
15 78 0.00377358490566 
6 42 0.0 
6 38 0.125 
4 32 0.0 
19 128 0.00645161290323 
30 173 0.0133333333333 
9 51 0.00367647058824 
6 43 0.0 
12 62 0.0185873605948 
10 60 0.0133333333333 
10 69 0.0 
5 36 0.010989010989 
2 9 0.0571428571429 
19 101 0.03125 
19 95 0.0 
9 51 0.0 
15 84 0.0077519379845 
19 96 0.0 
5 29 0.0 
5 30 0.00456621004566 
17 87 0.0 
17 95 0.0 
3 25 0.0 
10 59 0.0 
11 65 0.00858369098712 
9 64 0.00540540540541 
4 32 0.0 
5 27 0.0 
3 19 0.0 
14 74 0.0 
4 17 0.00625 
26 130 0.0 
3 27 0.0 
11 49 0.0 
6 60 0.0 
12 61 0.0113636363636 
6 40 0.0 
9 56 0.0173410404624 
9 54 0.0 
11 58 0.027027027027 
20 146 0.0 
9 45 0.0 
13 62 0.0119521912351 
4 26 0.0 
5 34 0.00900900900901 
4 29 0.0 
11 69 0.0124223602484 
19 123 0.0174672489083 
7 29 0.00418410041841 
6 37 0.0322580645161 
11 63 0.0 
3 26 0.0175438596491 
12 55 0.0 
15 76 0.03125 
11 58 0.0183486238532 
20 130 0.0 
9 49 0.0 
5 27 0.0217391304348 
7 50 0.00925925925926 
9 49 0.0 
13 70 0.0 
11 76 0.0576923076923 
15 84 0.101449275362 
16 66 0.00274725274725 
15 80 0.0 
4 27 0.00510204081633 
13 67 0.0 
19 132 0.0 
13 69 0.0 
8 52 0.0 
8 37 0.0 
4 30 0.0 
3 17 0.0 
5 28 0.0 
11 56 0.00505050505051 
5 35 0.0 
12 62 0.003125 
8 49 0.0 
5 34 0.0 
4 19 0.0 
18 87 0.0 
11 50 0.0124223602484 
5 23 0.0117647058824 
11 55 0.0181818181818 
15 96 0.0298507462687 
11 57 0.0 
7 35 0.0 
18 102 0.0 
9 63 0.00921658986175 
12 72 0.00523560209424 
19 101 0.0 
7 50 0.0140845070423 
15 75 0.00306748466258 
10 61 0.0 
12 69 0.0059880239521 
8 50 0.002457002457 
5 47 0.00497512437811 
10 62 0.0 
11 54 0.0 
9 63 0.00630914826498 
11 54 0.0283018867925 
4 21 0.0 
6 44 0.0 
6 34 0.0307692307692 
3 25 0.0 
15 81 0.00847457627119 
9 46 0.0113636363636 
8 43 0.00826446280992 
4 31 0.0 
13 77 0.153846153846 
6 45 0.0 
10 65 0.0 
13 83 0.0 
14 83 0.0 
7 38 0.0222222222222 
9 51 0.0 
7 51 0.0 
15 107 0.0 
8 50 0.0 
6 42 0.0 
14 73 0.0 
16 93 0.0185185185185 
15 82 0.00925925925926 
10 60 0.0173410404624 
15 82 0.0 
14 86 0.00480769230769 
10 70 0.0206896551724 
5 28 0.0 
14 66 0.0304347826087 
5 29 0.0 
7 47 0.0 
9 57 0.0 
5 19 0.0381679389313 
23 131 0.0093023255814 
13 56 0.0 
3 26 0.0 
16 83 0.0 
21 102 0.0 
8 37 0.0179028132992 
18 112 0.0222222222222 
15 73 0.0 
18 91 0.0258064516129 
19 89 0.0 
7 32 0.00909090909091 
15 87 0.0 
7 43 0.0 
11 59 0.0 
9 61 0.0 
25 148 0.0 
5 40 0.0263157894737 
6 29 0.0 
8 44 0.0 
5 40 0.0263157894737 
8 39 0.0731707317073 
14 87 0.0 
14 80 0.0 
5 25 0.0 
11 60 0.030303030303 
4 25 0.0 
13 57 0.0 
3 18 0.0161290322581 
10 51 0.02 
4 35 0.0 
6 33 0.0 
8 48 0.03125 
8 45 0.0 
12 62 0.0 
11 74 0.0 
12 62 0.0 
8 58 0.0 
4 18 0.0243902439024 
18 96 0.0155279503106 
16 76 0.0 
13 61 0.0 
3 28 0.0 
16 85 0.00892857142857 
6 29 0.0 
8 35 0.0 
8 46 0.0 
8 53 0.0294117647059 
17 83 0.0234375 
12 83 0.00990099009901 
2 20 0.047619047619 
10 62 0.0 
6 37 0.0322580645161 
8 44 0.0444444444444 
9 54 0.0 
4 27 0.0 
15 84 0.0 
9 54 0.015444015444 
11 55 0.0 
3 20 0.0 
6 37 0.0322580645161 
8 61 0.00757575757576 
8 41 0.0483870967742 
5 40 0.0263157894737 
8 55 0.0207612456747 
16 71 0.00544959128065 
5 39 0.0 
14 76 0.0397350993377 
12 73 0.0 
13 68 0.0 
16 77 0.0 
4 31 0.0188679245283 
9 56 0.00331674958541 
3 25 0.0 
4 34 0.0625 
14 77 0.00369003690037 
12 74 0.0 
9 59 0.0190476190476 
6 42 0.0 
6 43 0.0 
8 52 0.000973709834469 
18 81 0.00961538461538 
9 53 0.0152671755725 
10 65 0.00473933649289 
4 42 0.0 
20 97 0.0 
7 49 0.0 
9 47 0.0 
6 37 0.0322580645161 
4 35 0.0 
16 93 0.0 
7 31 0.00862068965517 
25 116 0.0 
6 39 0.0 
14 82 0.0 
8 52 0.0 
10 65 0.0 
24 127 0.00759493670886 
14 75 0.0222222222222 
13 55 0.0201342281879 
12 76 0.0 
9 44 0.0208333333333 
6 29 0.0271186440678 
7 40 0.0301003344482 
18 97 0.0 
9 52 0.0 
4 32 0.0 
9 46 0.0114942528736 
12 72 0.0448717948718 
4 28 0.0243902439024 
4 41 0.0 
3 29 0.0 
8 50 0.0 
12 80 0.0526315789474 
6 38 0.00724637681159 
12 70 0.0 
12 52 0.0625 
7 41 0.0 
7 42 0.0 
10 66 0.0410557184751 
9 40 0.00769230769231 
4 29 0.0127118644068 
24 125 0.00862068965517 
18 93 0.0 
19 138 0.0 
19 89 0.0 
9 53 0.0169491525424 
9 49 0.0 
15 82 0.0 
12 53 0.0 
11 47 0.0115702479339 
6 43 0.0 
8 46 0.0 
4 23 0.0 
4 28 0.02 
3 28 0.0 
9 44 0.00518134715026 
5 39 0.0 
12 49 0.02 
12 65 0.0144927536232 
11 55 0.0 
3 18 0.0105263157895 
14 100 0.0526315789474 
12 67 0.0114722753346 
30 152 0.0148698884758 
3 25 0.0 
12 71 0.0 
13 51 0.0 
8 41 0.0 
25 130 0.0 
4 30 0.0142857142857 
13 72 0.0 
5 26 0.0132158590308 
15 74 0.0102040816327 
8 68 0.00462962962963 
6 45 0.0 
17 87 0.0 
7 42 0.0 
9 62 0.0384615384615 
10 56 0.0 
3 14 0.015873015873 
7 54 0.0 
10 68 0.0 
3 22 0.0140845070423 
26 123 0.0112994350282 
9 43 0.0 
8 49 0.0 
33 163 0.0 
5 34 0.00501253132832 
6 38 0.00884955752212 
5 37 0.0 
17 97 0.0 
4 34 0.0 
9 41 0.0 
10 49 0.00578034682081 
10 69 0.0178571428571 
14 88 0.0111111111111 
4 19 0.0176470588235 
4 29 0.0 
11 72 0.0291262135922 
8 44 0.0 
6 37 0.0322580645161 
4 26 0.0285714285714 
9 40 0.0114942528736 
6 23 0.00534759358289 
6 43 0.0 
16 67 0.0300751879699 
17 98 0.010989010989 
7 26 0.00836820083682 
5 26 0.0 
7 38 0.0 
3 33 0.0 
5 39 0.0169491525424 
5 33 0.0 
4 27 0.0111111111111 
14 90 0.0 
7 32 0.0289855072464 
3 21 0.0 
5 34 0.00714285714286 
14 80 0.0113636363636 
8 51 0.0 
2 13 0.0 
3 18 0.0186335403727 
21 108 0.0 
7 41 0.0 
9 63 0.0 
7 59 0.00103519668737 
16 79 0.0357142857143 
11 70 0.0 
13 75 0.0 
6 38 0.0 
5 37 0.0 
14 85 0.0 
9 57 0.0 
2 14 0.0 
6 40 0.0229885057471 
7 38 0.0 
3 25 0.00778210116732 
5 42 0.00757575757576 
7 50 0.0 
3 14 0.166180758017 
7 36 0.0 
14 85 0.0 
14 93 0.0 
12 73 0.00847457627119 
7 42 0.00833333333333 
10 70 0.136752136752 
8 57 0.0 
8 41 0.0188679245283 
13 77 0.0104712041885 
7 27 0.0217391304348 
11 62 0.0 
6 42 0.125 
10 47 0.00490196078431 
14 83 0.0 
16 78 0.0196078431373 
9 63 0.0171232876712 
3 17 0.0227272727273 
13 90 0.0 
23 100 0.0 
5 34 0.0 
40 210 0.0 
4 19 0.0 
12 69 0.0 
14 72 0.0 
8 42 0.0 
3 24 0.0254777070064 
4 31 0.0 
4 19 0.010989010989 
9 67 0.0 
3 20 0.0 
3 25 0.0 
7 43 0.0 
9 66 0.0 
4 14 0.00961538461538 
16 84 0.0 
3 13 0.0 
15 66 0.0 
3 23 0.0131578947368 
43 202 0.0 
7 49 0.0714285714286 
16 82 0.0497237569061 
8 44 0.0 
13 75 0.0 
15 84 0.0 
4 25 0.0 
19 95 0.0203389830508 
7 53 0.0214285714286 
8 46 0.00251889168766 
3 25 0.0 
12 56 0.0 
4 19 0.0031847133758 
8 37 0.0 
9 55 0.00381679389313 
8 68 0.00688073394495 
5 36 0.02 
17 89 0.00476947535771 
15 89 0.0 
4 18 0.0 
6 53 0.0 
4 25 0.00490196078431 
10 53 0.0344827586207 
8 47 0.0428571428571 
7 40 0.0 
10 68 0.0 
13 84 0.00617283950617 
25 135 0.00338983050847 
7 33 0.00625 
13 78 0.0 
10 59 0.0 
4 35 0.0 
17 101 0.0 
18 117 0.0 
11 69 0.0540540540541 
5 35 0.0114285714286 
11 83 0.00961538461538 
5 32 0.0232558139535 
6 38 0.0 
13 68 0.00507614213198 
10 61 0.0 
7 41 0.0 
3 18 0.0 
6 32 0.0 
5 28 0.0120481927711 
3 17 0.0 
12 70 0.00943396226415 
6 35 0.0 
7 42 0.00378787878788 
9 39 0.00630914826498 
5 35 0.0108695652174 
3 29 0.0285714285714 
7 42 0.0178571428571 
5 36 0.0253164556962 
10 60 0.00558659217877 
6 38 0.00704225352113 
14 69 0.0 
12 53 0.0 
24 123 0.0386740331492 
12 58 0.0118577075099 
7 39 0.0243902439024 
5 33 0.0 
8 47 0.0 
11 57 0.0 
12 74 0.0 
6 29 0.0 
8 40 0.05 
9 57 0.0030959752322 
6 44 0.0 
8 36 0.0151515151515 
14 88 0.0 
8 55 0.0 
12 71 0.0484848484848 
4 30 0.0 
10 64 0.0 
7 44 0.013698630137 
9 58 0.0 
9 54 0.0 
7 49 0.010752688172 
6 44 0.0890688259109 
4 19 0.25 
12 66 0.0141843971631 
13 81 0.0 
10 66 0.0 
19 98 0.027397260274 
7 49 0.0333333333333 
10 65 0.0298507462687 
7 52 0.0 
8 57 0.0549132947977 
19 100 0.0 
13 61 0.00584795321637 
10 53 0.0 
3 27 0.021897810219 
2 22 0.0134228187919 
20 96 0.0 
4 19 0.0 
9 64 0.0188679245283 
7 48 0.0 
5 31 0.0 
11 76 0.0 
5 29 0.0 
5 34 0.0 
12 57 0.0 
5 36 0.0 
10 53 0.0 
8 51 0.0 
36 277 0.0 
7 61 0.013698630137 
9 57 0.0 
3 16 0.0 
17 103 0.0 
8 50 0.0212765957447 
3 24 0.0 
3 20 0.027027027027 
7 43 0.0 
19 118 0.0 
8 56 0.0 
3 27 0.0138888888889 
9 50 0.222222222222 
6 43 0.0602409638554 
11 61 0.00354609929078 
3 19 0.0 
8 39 0.0222222222222 
3 30 0.0 
5 31 0.0224719101124 
6 48 0.0 
3 19 0.0 
6 39 0.0 
7 42 0.0267857142857 
3 34 0.0 
3 20 0.017094017094 
5 35 0.0 
8 53 0.0 
6 55 0.0 
12 79 0.00952380952381 
8 54 0.0 
15 79 0.0 
8 52 0.0 
2 18 0.0 
6 33 0.0 
14 78 0.0 
4 25 0.0 
12 75 0.0316742081448 
10 55 0.0 
6 41 0.0266666666667 
6 45 0.00757575757576 
15 80 0.0 
9 64 0.0 
5 30 0.2 
13 73 0.0 
3 27 0.0 
9 59 0.111111111111 
7 35 0.0 
9 49 0.0 
9 44 0.0765550239234 
5 32 0.0 
8 58 0.316816816817 
9 68 0.025641025641 
5 26 0.0 
7 34 0.142857142857 
12 75 0.0143884892086 
8 49 0.00847457627119 
2 11 0.0540540540541 
6 38 0.0115473441109 
5 24 0.0 
6 38 0.031007751938 
25 159 0.0 
20 132 0.0 
21 116 0.0 
8 60 0.0243902439024 
5 45 0.027397260274 
6 41 0.0 
14 97 0.0714285714286 
5 34 0.0 
14 120 0.0 
19 95 0.0130434782609 
8 57 0.0 
5 40 0.0238095238095 
4 32 0.0334346504559 
1 10 0.0215053763441 
4 26 0.0 
6 46 0.0 
3 28 0.0138888888889 
12 61 0.0 
3 28 0.0 
4 30 0.0106382978723 
4 26 0.0 
8 43 0.018018018018 
3 24 0.0 
3 17 0.0 
4 39 0.0 
10 78 0.0 
3 25 0.0225563909774 
17 109 0.0338983050847 
4 22 0.0 
10 67 0.0 
19 122 0.0526315789474 
6 29 0.166666666667 
8 58 0.0 
3 27 0.0 
9 53 0.0 
13 67 0.0 
7 40 0.0 
4 26 0.0 
6 40 0.0 
12 62 0.0 
18 88 0.0 
25 134 0.0 
11 78 0.0 
3 17 0.0 
11 66 0.0 
8 51 0.0 
29 155 0.0 
16 104 0.0 
19 107 0.157894736842 
7 41 0.0 
2 14 0.0 
23 127 0.0606060606061 
14 113 0.0 
10 56 0.0736842105263 
11 63 0.0 
6 32 0.0198675496689 
4 27 0.0 
5 41 0.0 
5 37 0.0 
9 55 0.0 
11 65 0.0 
3 14 0.020202020202 
21 119 0.0214462469068 
6 41 0.00653594771242 
7 40 0.0277777777778 
10 66 0.0 
4 27 0.0 
7 45 0.0 
4 39 0.0 
7 47 0.0153846153846 
10 53 0.0818181818182 
11 85 0.0226537216828 
15 92 0.0 
8 44 0.0 
8 47 0.0 
14 85 0.0 
4 15 0.0 
9 49 0.111111111111 
3 21 0.108695652174 
15 107 0.0597014925373 
5 30 0.0472440944882 
6 35 0.0 
4 33 0.0 
8 43 0.018018018018 
5 28 0.00666666666667 
12 83 0.0 
4 25 0.0666666666667 
11 72 0.01875 
15 78 0.0 
8 54 0.0190476190476 
9 51 0.0 
9 61 0.0164705882353 
2 16 0.0 
13 88 0.0 
8 40 0.0 
9 48 0.0 
15 100 0.0 
7 44 0.0 
9 40 0.00819672131148 
8 71 0.0 
4 34 0.0 
6 47 0.0 
6 38 0.0 
10 63 0.0 
4 20 0.0 
8 51 0.0 
9 36 0.0 
17 94 0.0 
10 68 0.0 
3 19 0.049504950495 
6 58 0.0 
3 19 0.0 
20 110 0.00625 
6 37 0.013698630137 
8 42 0.0215053763441 
7 55 0.0 
7 36 0.0 
8 44 0.012987012987 
14 72 0.0 
12 66 0.0526315789474 
8 41 0.117647058824 
16 96 0.00896860986547 
11 76 0.0 
7 37 0.0 
4 24 0.0330578512397 
4 45 0.0157480314961 
8 42 0.0215053763441 
10 44 0.0 
14 89 0.0 
19 112 0.0649350649351 
9 49 0.0459183673469 
14 61 0.0114942528736 
7 50 0.0 
8 47 0.0 
4 47 0.0 
6 30 0.0 
13 83 0.0 
15 83 0.0 
4 30 0.0 
9 54 0.0 
15 89 0.0127659574468 
9 63 0.0442477876106 
12 60 0.0108695652174 
39 258 0.0 
6 35 0.0119047619048 
5 40 0.0 
12 91 0.0 
7 35 0.0 
24 155 0.0 
17 98 0.0683760683761 
10 52 0.0336134453782 
15 102 0.00980392156863 
4 24 0.00892857142857 
10 58 0.0 
5 29 0.0161290322581 
8 52 0.020202020202 
6 46 0.0 
9 59 0.0 
7 50 0.0 
12 73 0.0 
7 41 0.0 
11 76 0.0 
3 18 0.0 
4 22 0.00847457627119 
12 62 0.0720720720721 
4 20 0.0 
5 39 0.0 
13 79 0.0261437908497 
6 38 0.0 
16 97 0.027027027027 
16 107 0.0 
14 77 0.0 
6 38 0.0 
10 79 0.1 
9 60 0.12380952381 
7 33 0.0 
26 155 0.0 
8 43 0.018018018018 
3 27 0.0 
8 54 0.125 
8 52 0.0059880239521 
5 33 0.0 
13 67 0.0113636363636 
5 41 0.0379746835443 
9 55 0.0899470899471 
9 58 0.155339805825 
7 31 0.0 
7 43 0.0 
10 85 0.0 
28 166 0.0 
10 66 0.0147058823529 
11 53 0.0 
14 106 0.0294117647059 
15 93 0.0 
6 47 0.020202020202 
4 33 0.0 
8 43 0.018018018018 
7 43 0.0 
5 34 0.0 
7 38 0.0 
10 66 0.00714285714286 
13 82 0.0220588235294 
9 61 0.0 
7 35 0.0257352941176 
5 51 0.0116279069767 
22 129 0.0 
17 107 0.0 
5 39 0.0333333333333 
41 287 0.0 
8 42 0.0215053763441 
14 66 0.0 
6 37 0.0 
7 43 0.0220588235294 
12 81 0.0230769230769 
8 58 0.0105540897098 
11 64 0.0 
3 22 0.0847457627119 
15 78 0.0 
4 29 0.0 
7 45 0.0 
15 88 0.0666666666667 
12 64 0.0 
8 49 0.00934579439252 
13 88 0.0 
5 42 0.0 
6 46 0.0 
19 114 0.0260416666667 
7 37 0.156862745098 
5 37 0.034188034188 
3 24 0.0 
6 42 0.0 
43 259 0.0 
7 41 0.0103092783505 
7 48 0.0 
12 64 0.0 
7 59 0.0 
5 31 0.0194174757282 
6 31 0.0 
5 31 0.0142857142857 
13 88 0.0769230769231 
4 25 0.0 
8 63 0.010989010989 
6 39 0.0 
7 39 0.0 
7 48 0.0 
5 35 0.0133333333333 
6 37 0.0 
15 79 0.0614035087719 
3 20 0.0 
3 26 0.0 
6 46 0.0 
4 29 0.0 
3 19 0.0 
5 39 0.0 
6 34 0.0 
3 21 0.0 
6 44 0.0 
7 36 0.0 
10 66 0.0 
5 41 0.0 
2 13 0.0 
9 48 0.0 
13 75 0.031746031746 
4 40 0.0413223140496 
13 69 0.0 
12 71 0.0 
9 53 0.030303030303 
3 32 0.0 
6 33 0.0120481927711 
16 104 0.0909090909091 
19 89 0.0 
17 99 0.0 
24 114 0.0126582278481 
7 35 0.0239520958084 
18 108 0.0489130434783 
12 61 0.0 
9 60 0.0 
14 73 0.0 
10 58 0.0 
4 30 0.0 
3 19 0.0 
12 72 0.0190476190476 
6 53 0.0 
9 58 0.0 
10 55 0.0120481927711 
9 57 0.0 
7 65 0.0 
13 63 0.0769230769231 
11 74 0.0175438596491 
14 81 0.0229885057471 
4 25 0.0377358490566 
7 39 0.0 
9 57 0.00662251655629 
5 38 0.0 
8 62 0.0 
17 80 0.0823529411765 
2 17 0.0 
7 39 0.0 
3 22 0.0 
16 80 0.0 
6 36 0.0 
4 19 0.0 
12 75 0.0 
7 45 0.0 
5 25 0.0 
14 86 0.0148148148148 
3 17 0.0 
6 40 0.0 
10 49 0.0 
7 35 0.105263157895 
39 198 0.0512820512821 
10 65 0.0 
27 159 0.037037037037 
10 54 0.0113636363636 
4 40 0.0 
3 18 0.00617283950617 
7 37 0.0 
3 15 0.0 
3 14 0.0 
7 38 0.0 
9 45 0.0393258426966 
21 148 0.0 
4 26 0.0 
5 31 0.0 
11 69 0.00763358778626 
32 152 0.0 
2 20 0.0 
17 115 0.0588235294118 
13 89 0.0160427807487 
8 43 0.018018018018 
9 67 0.0211267605634 
5 33 0.0 
5 37 0.0135135135135 
5 27 0.0 
6 38 0.00694444444444 
13 76 0.0 
8 50 0.0 
4 35 0.0 
8 42 0.0215053763441 
8 40 0.0 
7 32 0.0 
8 41 0.0 
6 42 0.0 
5 45 0.05 
13 95 0.0 
2 22 0.0 
20 129 0.0 
3 22 0.0 
5 33 0.0 
12 75 0.0133333333333 
7 51 0.0 
2 17 0.0 
9 56 0.111111111111 
16 94 0.0 
10 59 0.0 
14 83 0.016393442623 
7 46 0.00961538461538 
40 256 0.0 
4 25 0.0185185185185 
5 36 0.0 
5 49 0.0 
12 77 0.0 
15 89 0.0 
9 53 0.00606060606061 
3 24 0.0442477876106 
13 74 0.0 
18 103 0.0 
5 42 0.0 
15 83 0.00917431192661 
3 28 0.0 
7 48 0.0 
23 150 0.00819672131148 
7 49 0.0 
17 103 0.0 
3 28 0.0 
8 35 0.00970873786408 
6 35 0.0602409638554 
6 47 0.0 
27 142 0.111111111111 
4 24 0.0 
9 53 0.0 
10 70 0.0 
16 98 0.0 
29 152 0.0 
3 32 0.0248447204969 
5 44 0.0 
7 36 0.0300751879699 
11 65 0.020202020202 
6 29 0.0 
7 39 0.0 
6 41 0.0 
27 144 0.0 
5 33 0.0 
23 117 0.00440528634361 
10 50 0.0309278350515 
5 52 0.00609756097561 
19 126 0.0 
12 63 0.015873015873 
20 130 0.05 
7 35 0.148936170213 
24 111 0.0224719101124 
10 55 0.0388888888889 
10 53 0.0 
15 88 0.0 
12 75 0.0 
10 49 0.0944444444444 
13 86 0.0 
2 18 0.0 
4 24 0.0 
6 37 0.0307692307692 
8 50 0.0 
8 41 0.0 
13 79 0.0 
10 56 0.0 
8 43 0.018018018018 
8 57 0.0128205128205 
5 32 0.0112359550562 
10 68 0.0 
17 98 0.0434782608696 
17 109 0.00793650793651 
6 49 0.00448430493274 
15 102 0.000850340136054 
15 88 0.0666666666667 
5 33 0.0 
4 34 0.0 
6 33 0.0363636363636 
8 59 0.0 
6 47 0.00420168067227 
7 37 0.0357142857143 
5 32 0.0 
15 113 0.0 
11 53 0.0 
11 61 0.0185185185185 
6 45 0.0 
5 33 0.0 
4 30 0.0 
7 33 0.0102040816327 
7 37 0.0185185185185 
9 57 0.0 
14 77 0.0 
17 116 0.0111111111111 
5 36 0.0337078651685 
10 65 0.0 
9 51 0.0108108108108 
7 41 0.0 
7 57 0.0 
3 19 0.0 
13 83 0.0 
27 161 0.0135135135135 
8 42 0.0 
13 93 0.0 
11 70 0.0192307692308 
14 70 0.00422832980973 
4 30 0.0 
16 72 0.0 
4 28 0.0 
4 19 0.0077519379845 
7 49 0.0 
6 36 0.0299401197605 
4 32 0.0 
11 62 0.0 
6 39 0.0222222222222 
8 64 0.0306513409962 
7 43 0.0 
7 49 0.0 
9 44 0.0 
11 72 0.0 
6 28 0.0144927536232 
12 74 0.0150753768844 
10 63 0.0 
8 51 0.0 
9 35 0.0 
3 20 0.0266666666667 
6 36 0.025974025974 
10 78 0.0 
9 55 0.0 
6 39 0.0434782608696 
3 18 0.0 
11 61 0.102941176471 
8 61 0.0 
15 80 0.0 
12 77 0.021897810219 
4 27 0.0 
17 98 0.0588235294118 
12 77 0.0 
4 24 0.0117647058824 
11 75 0.0 
9 42 0.08 
4 31 0.00588235294118 
16 87 0.0 
2 19 0.0 
9 58 0.0 
10 66 0.0 
6 64 0.0 
4 27 0.0 
9 52 0.0 
15 96 0.0 
12 64 0.0 
10 54 0.0 
4 23 0.0 
2 15 0.0316455696203 
15 107 0.0037037037037 
10 49 0.0 
7 44 0.0 
17 120 0.0 
7 34 0.0 
10 72 0.1 
13 67 0.0 
14 69 0.0714285714286 
3 22 0.00636942675159 
3 30 0.0 
7 49 0.0 
3 24 0.0 
4 20 0.0 
10 54 0.0358208955224 
11 64 0.0236686390533 
6 37 0.0653594771242 
5 30 0.0 
8 40 0.0192307692308 
5 22 0.05 
4 28 0.0116959064327 
6 39 0.0 
7 48 0.0 
7 54 0.0 
9 81 0.0132890365449 
7 47 0.0 
5 29 0.046511627907 
9 60 0.0 
7 48 0.0 
8 54 0.00934579439252 
4 33 0.0 
11 67 0.0246913580247 
28 174 0.0 
17 86 0.00909090909091 
18 90 0.0129310344828 
16 99 0.0 
8 45 0.0 
6 41 0.0 
12 69 0.0 
4 28 0.0384615384615 
4 27 0.0 
18 98 0.0 
10 57 0.0 
11 74 0.0 
6 35 0.0 
7 43 0.0 
11 84 0.0 
12 63 0.0 
8 38 0.0426829268293 
14 75 0.0 
7 48 0.142857142857 
16 81 0.0 
8 70 0.0119047619048 
6 54 0.0 
7 44 0.0 
2 14 0.0 
4 37 0.0165745856354 
3 22 0.0446428571429 
5 32 0.0204918032787 
16 85 0.0 
17 87 0.0 
8 59 0.0 
13 88 0.0 
4 30 0.0 
9 53 0.222222222222 
4 22 0.0 
4 31 0.0 
5 43 0.0 
9 41 0.0 
19 97 0.0 
4 28 0.0217391304348 
7 50 0.0 
7 39 0.116666666667 
4 26 0.0 
5 39 0.0 
12 82 0.0 
10 49 0.0 
3 23 0.0 
9 61 0.0 
8 35 0.125 
4 20 0.00836820083682 
9 52 0.0 
5 26 0.0 
10 52 0.0 
8 54 0.017316017316 
7 56 0.0 
5 31 0.0333333333333 
3 21 0.0135135135135 
3 19 0.0 
4 44 0.0 
7 67 0.0 
8 41 0.0 
15 91 0.0 
6 35 0.0 
3 20 0.00396825396825 
8 55 0.0604838709677 
5 27 0.0538461538462 
9 44 0.0194174757282 
12 61 0.0 
8 64 0.125 
5 29 0.0 
8 50 0.0759493670886 
16 106 0.0 
9 53 0.0 
11 77 0.0 
7 32 0.0 
2 12 0.0 
9 66 0.0 
7 38 0.0 
19 86 0.0 
3 21 0.0 
8 54 0.00806451612903 
4 51 0.016393442623 
8 39 0.0 
5 34 0.0632911392405 
11 73 0.0 
5 23 0.0 
10 43 0.0 
8 39 0.0 
6 43 0.0933333333333 
9 69 0.0 
6 45 0.0 
6 29 0.0 
3 31 0.0 
17 86 0.0 
9 69 0.111111111111 
9 65 0.0 
9 67 0.0 
5 36 0.0 
9 59 0.0 
17 100 0.0588235294118 
3 30 0.0 
6 31 0.0 
11 78 0.0 
4 24 0.0 
4 19 0.0227272727273 
8 64 0.00735294117647 
18 88 0.0 
7 51 0.0 
13 66 0.0625 
7 40 0.0 
6 39 0.010101010101 
3 18 0.0 
1 4 0.0 
4 27 0.0 
6 40 0.0 
22 127 0.0909090909091 
10 68 0.0 
11 67 0.0 
6 34 0.0 
4 26 0.0 
12 68 0.0105263157895 
4 30 0.0 
12 86 0.00854700854701 
5 22 0.00819672131148 
12 83 0.0 
9 54 0.00662251655629 
5 26 0.0 
3 19 0.0 
7 42 0.0 
4 39 0.0 
12 53 0.166666666667 
5 38 0.0 
17 111 0.0 
4 26 0.0151515151515 
7 39 0.0 
12 59 0.0123456790123 
9 31 0.0 
7 47 0.036036036036 
3 21 0.0 
55 296 0.0727272727273 
10 53 0.032967032967 
5 27 0.0121951219512 
4 29 0.124352331606 
8 53 0.0 
5 42 0.0 
10 52 0.00704225352113 
15 88 0.0 
10 80 0.0 
17 91 0.0 
9 49 0.0 
9 52 0.0 
7 38 0.0104166666667 
6 29 0.0 
8 63 0.0209523809524 
6 34 0.0493827160494 
3 15 0.0 
16 97 0.0 
9 61 0.0171428571429 
8 35 0.0 
7 38 0.0172413793103 
42 283 0.0 
2 15 0.0 
21 124 0.0952380952381 
6 36 0.00613496932515 
15 85 0.0 
13 72 0.00729927007299 
4 26 0.0 
10 91 0.0 
10 73 0.0 
11 63 0.0 
12 89 0.0157480314961 
3 23 0.0117647058824 
14 100 0.0 
23 135 0.03125 
6 37 0.0 
6 37 0.0 
14 66 0.0 
11 64 0.0 
4 21 0.0 
26 178 0.0 
13 77 0.0 
6 37 0.0 
11 62 0.0 
10 65 0.0 
4 18 0.0677966101695 
11 53 0.0201612903226 
9 47 0.0140845070423 
6 43 0.0 
5 31 0.030612244898 
5 35 0.0486111111111 
5 34 0.0 
20 138 0.0 
8 50 0.0 
20 106 0.0 
28 189 0.0357142857143 
18 86 0.0121951219512 
3 21 0.0114285714286 
4 28 0.0573770491803 
6 48 0.00873362445415 
7 45 0.0 
5 42 0.0304054054054 
15 69 0.0 
13 89 0.0 
15 71 0.0 
4 24 0.0 
21 119 0.0 
9 63 0.0 
13 75 0.0045871559633 
3 22 0.0 
8 61 0.0 
8 46 0.0119760479042 
17 83 0.0 
12 62 0.0833333333333 
15 74 0.0 
7 42 0.0320855614973 
7 58 0.142857142857 
6 37 0.0 
11 68 0.0 
4 40 0.0 
4 33 0.00729927007299 
5 47 0.0 
4 36 0.0348837209302 
7 49 0.0 
10 45 0.0 
12 72 0.0 
6 31 0.0 
4 31 0.012987012987 
6 36 0.0 
13 85 0.00921658986175 
4 32 0.0 
28 161 0.0 
11 79 0.0 
8 42 0.0215053763441 
15 102 0.0107913669065 
14 98 0.0414746543779 
30 195 0.0 
11 76 0.0181818181818 
7 34 0.00934579439252 
5 35 0.0 
8 40 0.0 
54 290 0.12962962963 
6 43 0.0 
13 69 0.0 
12 70 0.0 
16 86 0.025974025974 
10 72 0.027972027972 
25 116 0.0 
10 56 0.0 
12 63 0.0 
15 109 0.0 
6 40 0.333333333333 
3 21 0.0100334448161 
9 57 0.0 
7 46 0.0 
10 60 0.00763358778626 
14 73 0.0 
6 39 0.0 
10 67 0.0 
24 129 0.0 
14 79 0.0714285714286 
10 63 0.0 
26 154 0.0 
12 73 0.00819672131148 
4 26 0.028880866426 
12 59 0.0 
2 18 0.0 
17 115 0.0 
47 277 0.0425531914894 
10 61 0.0 
3 24 0.025 
10 51 0.0 
5 46 0.0 
10 63 0.0 
6 47 0.0 
4 24 0.0 
5 43 0.0 
5 26 0.0 
10 66 0.0157068062827 
8 45 0.0 
10 58 0.0 
2 12 0.0229885057471 
23 128 0.003663003663 
11 65 0.0 
10 71 0.0048309178744 
7 49 0.0188679245283 
7 37 0.0138888888889 
8 53 0.0219435736677 
7 39 0.0 
3 25 0.0 
3 25 0.0 
14 91 0.142857142857 
11 56 0.0 
5 27 0.0416666666667 
14 72 0.0 
17 105 0.0 
11 86 0.0804597701149 
9 63 0.010101010101 
9 58 0.0 
3 28 0.00625 
8 42 0.0215053763441 
9 60 0.0 
6 33 0.0 
7 49 0.0 
3 20 0.0 
14 94 0.0178571428571 
18 93 0.0 
8 37 0.0606060606061 
9 53 0.0 
15 91 0.0 
9 46 0.0 
11 67 0.0 
13 75 0.0769230769231 
10 70 0.0 
3 20 0.0 
7 49 0.0 
6 40 0.0142348754448 
13 81 0.0 
7 47 0.012987012987 
3 15 0.0 
9 52 0.0 
15 84 0.0 
10 47 0.00934579439252 
11 73 0.0254777070064 
10 82 0.0 
7 53 0.0 
4 27 0.0 
15 73 0.0 
23 163 0.0434782608696 
14 81 0.0 
30 174 0.0 
8 43 0.018018018018 
17 99 0.0210526315789 
12 65 0.0294117647059 
5 37 0.0 
5 23 0.0 
3 26 0.0 
12 64 0.0 
8 47 0.027397260274 
8 43 0.0 
13 69 0.0 
6 32 0.0 
16 85 0.0 
1 16 0.0 
8 37 0.0 
2 11 0.0 
6 35 0.0 
8 51 0.0 
6 27 0.0 
2 11 0.0 
20 87 0.0 
3 20 0.0 
7 33 0.0 
18 107 0.0 
24 123 0.0416666666667 
4 21 0.25 
3 17 0.0 
11 46 0.0 
4 24 0.0 
9 52 0.0 
0 1 0 
6 34 0.0 
9 37 0.0 
3 15 0.0 
13 69 0.0 
2 8 0.0 
11 75 0.0 
7 46 0.0 
12 53 0.235294117647 
7 34 0.0 
7 40 0.0 
12 75 0.0 
9 49 0.0 
15 70 0.0 
8 39 0.0 
10 54 0.0 
5 21 0.0 
1 8 0.0 
6 34 0.0 
12 69 0.0 
10 54 0.0 
3 13 0.0 
12 61 0.0 
7 34 0.0 
12 72 0.0 
9 51 0.0416666666667 
6 32 0.0 
9 40 0.0 
13 67 0.0 
2 12 0.0 
4 18 0.0 
7 35 0.0 
2 18 0.0 
4 20 0.0 
1 7 0.0 
7 47 0.0 
12 70 0.0 
7 39 0.0 
2 6 0.0769230769231 
10 48 0.0 
11 45 0.0 
7 31 0.0 
5 25 0.0 
7 42 0.0 
4 23 0.0 
14 85 0.0 
9 46 0.0 
7 35 0.0 
6 33 0.0 
13 62 0.0 
9 62 0.0 
12 61 0.0 
11 52 0.0 
8 44 0.0 
8 38 0.0 
7 41 0.0 
2 13 0.0 
5 30 0.0 
11 56 0.0888888888889 
16 89 0.0 
2 8 0.0 
1 6 0.0 
12 55 0.0 
4 21 0.0 
7 35 0.00319488817891 
3 11 0.0 
12 62 0.0 
2 13 0.0 
5 26 0.0 
4 20 0.0 
5 27 0.0 
8 55 0.0 
17 81 0.0 
3 17 0.0 
2 9 0.0 
5 31 0.0 
14 69 0.0 
1 10 0.0 
5 34 0.0 
8 40 0.0 
5 25 0.0 
12 53 0.0 
7 44 0.0 
3 35 0.0 
7 40 0.0 
5 25 0.0 
5 24 0.0 
13 64 0.0 
14 70 0.0 
3 13 0.0 
7 35 0.0 
9 40 0.0 
5 23 0.0 
3 14 0.0 
9 49 0.0714285714286 
3 17 0.0 
4 20 0.0 
7 33 0.0 
6 29 0.0 
4 15 0.0 
8 39 0.125 
1 8 0.0 
7 43 0.0 
5 21 0.0 
6 37 0.0 
8 52 0.0 
8 52 0.0 
2 9 0.0 
8 47 0.0 
8 47 0.0 
3 18 0.0 
3 21 0.0 
15 65 0.0 
6 32 0.0 
4 21 0.0 
6 33 0.0 
11 62 0.0 
10 59 0.0 
6 22 0.0 
7 30 0.0 
7 40 0.0 
11 63 0.0 
9 53 0.0 
3 17 0.0 
5 26 0.0 
1 8 0.0 
8 33 0.0 
2 9 0.0 
4 18 0.0 
9 48 0.0 
8 51 0.0 
8 45 0.0 
7 39 0.0 
6 30 0.0 
10 54 0.0 
1 5 0.0 
2 10 0.0 
3 15 0.0 
7 41 0.0 
10 54 0.0 
8 41 0.0 
16 68 0.0 
8 39 0.0 
7 34 0.0 
2 17 0.0 
10 59 0.0 
6 41 0.0 
4 21 0.0 
16 75 0.0 
5 30 0.0 
8 49 0.0 
10 48 0.0 
6 28 0.0181818181818 
2 13 0.0 
9 46 0.0 
9 42 0.0 
12 63 0.0 
0 8 0 
14 65 0.0 
10 55 0.0 
2 12 0.0 
11 56 0.0 
15 71 0.0 
7 34 0.0 
6 39 0.0 
13 71 0.0 
6 25 0.0 
7 35 0.0 
6 32 0.0 
7 43 0.0 
11 65 0.0 
4 23 0.0 
8 40 0.0 
4 36 0.0 
3 15 0.0 
4 21 0.0 
17 97 0.0 
13 68 0.0 
12 68 0.0 
16 63 0.0 
6 46 0.0 
1 7 0.0 
7 35 0.0 
6 32 0.0 
7 35 0.0 
3 15 0.0 
2 10 0.0 
5 28 0.0 
2 12 0.0 
10 49 0.0 
4 16 0.0 
10 47 0.0 
7 34 0.0 
8 41 0.0 
3 16 0.0 
1 4 0.0 
10 65 0.0 
11 61 0.0 
9 44 0.0526315789474 
5 29 0.0 
16 83 0.0 
2 9 0.0 
8 37 0.0 
1 4 0.0 
3 27 0.0 
13 58 0.0 
1 5 0.0 
9 51 0.0 
15 82 0.0 
2 10 0.0 
19 84 0.0 
10 51 0.0 
8 40 0.0555555555556 
13 73 0.0 
6 37 0.0 
2 14 0.0 
14 66 0.0263157894737 
7 34 0.0 
7 43 0.0 
4 17 0.0 
10 50 0.0 
1 4 0.0 
8 47 0.0 
5 23 0.0 
13 62 0.0 
6 22 0.0 
3 24 0.0 
4 18 0.0 
5 27 0.0 
6 36 0.0 
7 41 0.0246913580247 
6 34 0.0 
18 113 0.0 
10 53 0.0 
8 42 0.0 
4 22 0.0 
16 74 0.0 
3 12 0.0 
16 91 0.0 
4 15 0.0 
11 57 0.0 
3 21 0.0 
6 26 0.0 
7 34 0.0 
13 74 0.0 
8 52 0.0 
16 77 0.0 
25 130 0.0322580645161 
4 21 0.0588235294118 
4 21 0.0 
2 14 0.0 
9 54 0.0 
8 44 0.0 
5 24 0.0 
5 23 0.0 
3 17 0.0 
7 47 0.0 
12 75 0.0 
2 13 0.0 
7 47 0.0 
12 73 0.0 
14 75 0.0 
0 1 0 
0 5 0.0 
5 20 0.0 
16 84 0.05 
8 44 0.0 
9 58 0.0 
6 32 0.0 
12 77 0.0 
8 38 0.0 
9 49 0.0 
5 43 0.0 
12 66 0.0 
3 24 0.0 
14 71 0.0 
4 18 0.0 
5 23 0.0 
6 29 0.0 
10 58 0.0 
6 36 0.0769230769231 
1 3 0.0 
11 58 0.0 
2 9 0.0 
15 88 0.0 
5 25 0.0 
6 22 0.1 
10 53 0.0 
10 55 0.0 
6 34 0.0 
7 33 0.0 
8 46 0.0 
16 87 0.0 
4 26 0.0 
15 78 0.0 
5 17 0.0 
14 65 0.0 
12 67 0.0 
2 9 0.0 
7 34 0.0 
6 34 0.0 
8 44 0.0 
7 38 0.0 
5 25 0.0 
3 11 0.0 
5 33 0.0 
9 60 0.0 
9 48 0.0 
9 42 0.0 
10 50 0.0 
6 24 0.0 
10 54 0.0 
6 35 0.0 
10 46 0.0 
11 53 0.0 
10 51 0.0 
10 58 0.0 
10 41 0.0 
5 28 0.0 
3 19 0.0 
14 65 0.0 
8 40 0.0 
2 9 0.0275862068966 
12 72 0.0 
5 25 0.0 
5 24 0.0 
7 30 0.0 
13 65 0.0 
12 74 0.0 
10 55 0.0 
11 64 0.0 
13 56 0.0 
7 47 0.0 
4 30 0.0 
19 87 0.0 
7 35 0.0 
9 42 0.0 
15 73 0.0 
5 25 0.0 
6 34 0.0 
9 46 0.235294117647 
7 39 0.0 
3 16 0.0 
8 25 0.0 
7 41 0.0 
10 40 0.0 
3 15 0.0 
4 20 0.0 
6 32 0.0 
8 43 0.0 
16 70 0.0 
11 42 0.0 
14 70 0.0 
6 28 0.0 
15 79 0.0 
5 25 0.0 
7 41 0.0 
12 68 0.0 
8 44 0.0 
5 35 0.0 
5 22 0.0 
10 65 0.0 
15 78 0.0 
8 40 0.0 
11 60 0.0 
19 94 0.0 
13 69 0.0 
9 53 0.0 
9 47 0.0 
28 131 0.0 
7 37 0.0 
4 23 0.0 
13 57 0.0 
10 38 0.0 
5 34 0.0 
14 69 0.0 
5 27 0.0 
2 14 0.0 
11 49 0.0 
14 58 0.0 
1 11 0.0 
9 52 0.0 
7 49 0.0 
2 15 0.0 
12 55 0.0 
15 75 0.0 
5 27 0.0 
7 35 0.0 
8 37 0.0 
8 50 0.0 
1 4 0.0 
5 34 0.0 
9 53 0.0 
17 73 0.0 
12 68 0.0 
1 9 0.0 
9 45 0.0 
7 31 0.0 
2 9 0.0 
9 55 0.0 
9 45 0.0 
3 19 0.0 
7 35 0.0 
11 58 0.0 
20 99 0.0 
5 28 0.0 
1 6 0.0 
6 31 0.0 
9 52 0.0208333333333 
6 29 0.0 
9 47 0.0 
12 54 0.0 
11 70 0.0 
8 37 0.0 
7 33 0.0 
1 8 0.0 
6 42 0.0 
13 69 0.0 
16 90 0.0 
6 33 0.0 
11 44 0.0 
9 53 0.0 
11 54 0.0 
4 16 0.0 
5 27 0.0 
6 29 0.0 
8 44 0.0 
8 51 0.0 
2 15 0.0 
1 4 0.0 
9 48 0.0 
7 38 0.0 
8 39 0.0833333333333 
1 6 0.0 
3 18 0.0 
5 17 0.0 
3 16 0.0 
5 26 0.0 
14 80 0.0 
5 29 0.0 
8 47 0.0 
9 42 0.0 
9 38 0.0 
6 32 0.0 
13 62 0.0 
7 33 0.0 
5 34 0.0 
9 47 0.0714285714286 
6 32 0.0 
14 65 0.0 
19 73 0.0 
1 9 0.0 
14 68 0.0 
7 44 0.0 
7 40 0.0 
5 20 0.0 
1 8 0.0 
5 27 0.0 
2 17 0.0 
5 22 0.0 
8 51 0.0 
6 33 0.0 
6 29 0.0 
8 49 0.0 
10 47 0.0 
15 63 0.0 
7 45 0.0 
2 10 0.0 
5 30 0.0 
9 39 0.0 
7 42 0.0 
16 70 0.0 
5 24 0.0 
3 21 0.0 
2 13 0.0 
14 77 0.0 
17 94 0.0 
10 55 0.0 
10 54 0.0 
11 51 0.0 
16 73 0.0 
8 35 0.0 
9 46 0.0 
6 31 0.0 
8 51 0.0 
6 41 0.0 
6 31 0.0 
5 23 0.0 
9 46 0.0 
3 18 0.0 
8 41 0.0 
10 46 0.0 
9 58 0.0 
6 31 0.0 
18 86 0.0 
14 72 0.0 
11 48 0.0 
2 11 0.0 
5 42 0.0 
8 40 0.0 
8 41 0.0 
13 87 0.0 
10 41 0.0 
4 27 0.0 
6 34 0.0 
7 37 0.0 
9 59 0.0 
10 54 0.0 
14 59 0.0 
5 21 0.0 
6 22 0.0 
5 40 0.0 
12 61 0.0 
16 97 0.0 
1 5 0.0 
13 63 0.0 
6 26 0.0 
12 80 0.0 
6 31 0.0 
7 34 0.0 
1 8 0.0 
13 65 0.0 
6 37 0.0 
9 45 0.0 
7 32 0.0 
8 33 0.0 
2 8 0.0 
6 37 0.0 
2 11 0.0 
11 63 0.0 
3 19 0.0 
5 29 0.0 
0 9 0.0 
2 9 0.0 
3 10 0.0 
13 66 0.0 
2 10 0.0 
6 28 0.0 
16 92 0.0 
4 28 0.0238095238095 
5 24 0.0 
11 71 0.0 
23 120 0.0 
8 45 0.0 
9 50 0.0 
4 18 0.0 
2 8 0.0 
5 30 0.0 
7 43 0.0 
2 14 0.0 
2 11 0.0 
7 38 0.0 
8 39 0.0 
16 86 0.0 
8 36 0.0 
2 13 0.0 
9 57 0.0 
5 52 0.0 
1 7 0.0 
17 96 0.0 
7 33 0.0 
6 30 0.0 
6 33 0.0 
26 132 0.0 
9 41 0.0 
1 6 0.0 
5 34 0.0 
10 74 0.0 
6 46 0.0 
12 55 0.0 
3 23 0.0 
9 45 0.0 
1 9 0.0 
6 32 0.0 
2 8 0.0131578947368 
6 30 0.0 
21 76 0.258064516129 
15 70 0.0 
8 37 0.0 
1 7 0.0 
11 68 0.0 
11 55 0.0 
4 22 0.0 
6 35 0.0 
8 43 0.0 
8 37 0.0 
2 15 0.0 
12 61 0.0 
11 66 0.0425531914894 
4 26 0.0 
7 28 0.125 
8 45 0.0 
5 34 0.0 
6 22 0.142857142857 
9 42 0.0 
4 17 0.0 
5 25 0.0 
3 21 0.0 
16 73 0.0 
9 39 0.0 
5 18 0.0 
7 35 0.0 
3 19 0.0 
7 30 0.0 
8 43 0.0 
6 40 0.0 
4 25 0.0 
7 45 0.0 
8 45 0.0 
14 74 0.0 
7 42 0.0 
2 14 0.0 
4 21 0.0 
5 29 0.0 
2 8 0.0 
9 36 0.0 
13 48 0.153846153846 
5 24 0.0 
2 7 0.0 
6 35 0.0 
11 58 0.0 
4 26 0.0 
9 41 0.0 
18 81 0.0526315789474 
7 38 0.0 
8 39 0.0 
14 72 0.0 
0 1 0 
4 21 0.25 
9 46 0.0 
10 59 0.0 
2 20 0.0 
8 45 0.0 
10 52 0.0 
11 55 0.0 
11 52 0.0 
4 20 0.0 
7 43 0.0 
25 131 0.04 
9 47 0.0 
11 52 0.0 
12 52 0.0 
14 66 0.0 
7 30 0.0 
9 50 0.0 
20 98 0.0 
15 84 0.0 
7 38 0.0 
7 42 0.0 
3 12 0.0 
13 61 0.0 
6 38 0.0 
15 93 0.0 
18 78 0.0 
9 40 0.0 
2 14 0.0 
50 270 0.02 
3 13 0.0 
9 46 0.0 
13 54 0.0 
8 43 0.0 
14 72 0.0 
4 22 0.0 
8 43 0.0 
15 72 0.0 
16 92 0.0 
8 46 0.0 
7 45 0.0 
10 57 0.0 
14 77 0.0 
4 21 0.0 
13 70 0.0 
10 53 0.0 
4 23 0.0 
17 112 0.0 
11 53 0.0 
8 41 0.0 
3 11 0.0 
4 29 0.0 
6 33 0.0 
7 45 0.0 
7 39 0.0 
7 34 0.0 
4 20 0.0 
6 32 0.0 
5 33 0.0 
1 6 0.0 
9 42 0.0 
21 103 0.0 
3 16 0.0 
5 31 0.0 
5 34 0.0 
7 35 0.0 
11 42 0.0 
11 61 0.0 
11 53 0.0 
6 40 0.0 
6 26 0.0 
27 167 0.0 
8 42 0.0 
1 7 0.0 
10 49 0.0 
2 7 0.0 
3 16 0.0 
7 32 0.0 
9 44 0.0 
11 54 0.0909090909091 
6 31 0.0 
4 20 0.0 
8 44 0.0 
12 57 0.0 
0 1 0 
2 9 0.0 
6 31 0.0 
12 63 0.0 
2 13 0.0 
6 35 0.0 
5 25 0.0 
18 84 0.0 
3 12 0.0 
8 44 0.0 
0 1 0 
5 22 0.0 
4 26 0.0 
9 47 0.0322580645161 
3 18 0.0 
0 1 0 
6 41 0.0 
3 17 0.0 
9 43 0.0 
7 29 0.0 
16 89 0.0 
10 52 0.0 
8 37 0.0 
2 10 0.0 
6 29 0.0 
6 31 0.0 
5 18 0.0 
24 127 0.0 
6 33 0.0 
5 22 0.0 
4 23 0.0 
11 59 0.0 
9 47 0.0 
2 10 0.0 
10 52 0.0 
8 38 0.125 
6 38 0.0 
7 32 0.0 
6 34 0.0 
15 79 0.0 
6 31 0.0 
7 36 0.0 
10 56 0.0 
5 37 0.0 
14 74 0.0 
8 53 0.0 
4 26 0.0 
4 20 0.0 
9 49 0.0 
8 44 0.0 
11 61 0.0 
10 55 0.0 
13 71 0.0 
5 26 0.0 
6 28 0.0113421550095 
3 19 0.0 
12 57 0.0 
6 30 0.0 
12 57 0.0 
6 30 0.0 
10 68 0.0 
4 20 0.0 
6 28 0.125 
11 51 0.0 
2 16 0.0 
12 61 0.0 
7 38 0.0 
9 47 0.0 
3 16 0.0 
13 60 0.0217391304348 
15 83 0.0 
8 51 0.0 
9 53 0.0 
9 38 0.0 
10 58 0.0 
11 56 0.0 
2 11 0.0 
2 13 0.0 
2 13 0.0 
0 2 0 
10 69 0.0 
7 42 0.0 
10 53 0.0 
7 35 0.0 
5 15 0.0 
2 13 0.0 
2 14 0.0 
17 74 0.0 
14 66 0.0 
6 34 0.0 
9 55 0.0 
10 52 0.0 
6 29 0.0 
6 22 0.0 
7 36 0.0 
6 39 0.0 
6 35 0.0 
7 41 0.0 
8 41 0.0 
2 21 0.0 
7 26 0.0 
4 13 0.0 
4 18 0.0 
9 46 0.0 
9 48 0.0555555555556 
8 50 0.0 
6 30 0.0 
5 30 0.0 
5 28 0.0 
7 37 0.0 
6 28 0.0 
4 16 0.0 
17 97 0.0 
4 17 0.0 
7 35 0.0 
5 19 0.0 
13 65 0.0 
4 24 0.0 
8 37 0.0 
10 48 0.0 
13 70 0.0 
8 40 0.0 
1 8 0.0 
3 21 0.0 
11 48 0.0 
5 23 0.0 
6 37 0.0 
7 40 0.0 
12 50 0.0 
2 12 0.0 
10 53 0.0 
5 18 0.0 
6 33 0.0 
9 38 0.0 
12 56 0.0 
2 12 0.0 
9 52 0.0 
5 22 0.0 
15 69 0.0 
1 8 0.0 
9 40 0.0 
7 46 0.142857142857 
4 28 0.0 
8 54 0.0 
2 13 0.0 
5 26 0.0 
5 25 0.0 
13 72 0.0 
11 54 0.0 
11 56 0.0 
6 39 0.0 
3 12 0.0 
11 58 0.0 
10 56 0.0 
6 42 0.0 
3 18 0.0 
6 31 0.0 
6 23 0.333333333333 
8 50 0.0 
18 98 0.0 
13 66 0.0 
7 42 0.0 
3 17 0.0 
7 37 0.0 
11 52 0.0 
8 40 0.0 
19 85 0.0526315789474 
10 52 0.0 
2 8 0.0 
1 9 0.0 
2 8 0.0 
7 37 0.0 
12 50 0.0 
7 42 0.0 
11 52 0.0625 
4 17 0.0 
3 12 0.0 
8 51 0.0 
9 42 0.0 
10 62 0.0 
4 29 0.0 
14 80 0.0 
6 33 0.0 
3 12 0.0 
3 19 0.0 
10 56 0.0 
25 114 0.0 
7 48 0.0 
2 9 0.0 
2 8 0.0 
8 47 0.0 
3 14 0.0 
13 67 0.0 
2 14 0.0 
12 64 0.0 
9 48 0.0 
7 42 0.0 
8 38 0.0 
10 64 0.0 
13 73 0.0 
6 33 0.0 
3 15 0.0 
14 68 0.0588235294118 
5 34 0.0 
4 31 0.0 
2 8 0.0 
13 68 0.0 
11 54 0.0 
9 46 0.0 
7 33 0.0 
7 30 0.0 
1 12 0.0 
6 30 0.0 
7 34 0.0 
2 13 0.0 
10 60 0.0 
4 28 0.0 
8 39 0.0 
8 42 0.0 
4 20 0.0 
29 150 0.0 
10 47 0.0 
3 23 0.0 
11 54 0.0 
6 32 0.0 
9 51 0.0 
13 83 0.0 
4 24 0.0 
6 28 0.0 
12 57 0.0 
6 33 0.0 
10 58 0.0 
6 31 0.0 
5 38 0.0 
7 43 0.00680272108844 
3 19 0.0 
5 45 0.0 
4 21 0.0 
9 47 0.0 
13 80 0.0 
8 45 0.0265486725664 
10 43 0.0512820512821 
24 121 0.0 
7 52 0.0 
11 60 0.0 
13 69 0.0576923076923 
6 32 0.046357615894 
3 23 0.0757575757576 
5 28 0.0 
5 39 0.0 
2 12 0.0 
9 49 0.0909090909091 
7 32 0.010752688172 
6 35 0.128571428571 
7 47 0.0 
2 9 0.0 
4 21 0.0142857142857 
7 37 0.0 
5 35 0.0 
6 49 0.0 
9 46 0.0925925925926 
2 10 0.00892857142857 
3 17 0.032967032967 
3 24 0.0 
14 75 0.142857142857 
9 50 0.0 
13 72 0.0 
13 75 0.0198300283286 
10 65 0.00228310502283 
7 40 0.0 
7 41 0.030303030303 
4 32 0.0625 
5 28 0.0 
6 35 0.0 
3 19 0.0 
3 21 0.0 
8 38 0.0909090909091 
7 41 0.00694444444444 
3 18 0.0138888888889 
3 21 0.0420168067227 
9 41 0.04 
14 70 0.0 
6 32 0.333333333333 
2 10 0.0 
3 16 0.0425531914894 
4 16 0.0576923076923 
4 15 0.121212121212 
5 27 0.0243902439024 
7 37 0.118279569892 
10 46 0.0 
7 36 0.0 
6 37 0.0727272727273 
2 8 0.0 
5 26 0.0434782608696 
20 122 0.0646551724138 
6 27 0.0 
5 25 0.0 
5 33 0.0246913580247 
2 8 0.0 
5 22 0.0285714285714 
11 74 0.0777027027027 
27 125 0.0 
6 35 0.0862068965517 
3 17 0.0666666666667 
8 48 0.00925925925926 
3 21 0.0363636363636 
15 84 0.0283018867925 
7 32 0.0 
12 69 0.0 
1 14 0.030303030303 
3 25 0.0 
9 49 0.0 
6 29 0.0 
11 55 0.275362318841 
5 34 0.0 
5 21 0.0 
5 22 0.2 
9 43 0.037037037037 
9 47 0.020618556701 
2 17 0.0 
3 16 0.0621118012422 
2 11 0.0434782608696 
3 17 0.030303030303 
2 13 0.0 
8 56 0.0 
2 10 0.0 
3 14 0.0645161290323 
5 28 0.0181818181818 
4 27 0.0 
5 37 0.0512820512821 
12 59 0.0173913043478 
15 74 0.044776119403 
3 23 0.0 
5 32 0.00606060606061 
2 17 0.0 
12 81 0.0 
5 31 0.0 
6 52 0.0 
3 16 0.0 
3 27 0.0131578947368 
3 18 0.0 
3 23 0.037037037037 
7 30 0.0 
5 34 0.0 
5 35 0.0 
3 15 0.0 
14 87 0.0 
14 67 0.0151515151515 
5 31 0.0 
13 69 0.0 
8 59 0.0740740740741 
11 57 0.0 
5 25 0.0491803278689 
5 47 0.0 
10 55 0.0 
9 48 0.0 
4 22 0.047619047619 
5 36 0.013698630137 
4 26 0.0235294117647 
12 64 0.0 
8 49 0.0 
9 58 0.0263157894737 
7 42 0.044776119403 
4 28 0.0 
10 44 0.287878787879 
3 23 0.0 
2 14 0.0 
16 73 0.0 
8 35 0.0526315789474 
4 23 0.0526315789474 
3 29 0.0294117647059 
5 38 0.0 
3 15 0.0454545454545 
5 21 0.217391304348 
6 40 0.0394736842105 
10 47 0.0409836065574 
3 22 0.0 
13 69 0.00806451612903 
11 56 0.0 
9 42 0.133333333333 
15 75 0.0 
18 85 0.111111111111 
6 33 0.0 
10 53 0.0 
6 31 0.0 
3 20 0.0 
5 29 0.037037037037 
10 47 0.301587301587 
2 20 0.0 
3 19 0.0 
3 18 0.0 
2 16 0.0 
3 20 0.0 
1 10 0.0 
8 45 0.0222222222222 
15 79 0.0 
17 102 0.013986013986 
5 35 0.0625 
8 41 0.0 
4 16 0.0952380952381 
7 40 0.00413223140496 
26 130 0.0 
4 21 0.0396825396825 
9 48 0.0 
4 25 0.0188679245283 
8 52 0.0 
5 27 0.0 
5 30 0.0508474576271 
3 15 0.031746031746 
10 46 0.2 
3 17 0.0952380952381 
8 40 0.0172413793103 
4 27 0.0645161290323 
3 21 0.0 
5 28 0.0 
7 39 0.0 
21 149 0.047619047619 
21 118 0.0289855072464 
12 102 0.0 
10 62 0.0213675213675 
5 26 0.0 
5 27 0.0392156862745 
7 29 0.0430107526882 
2 18 0.0 
7 46 0.0 
4 31 0.0 
3 17 0.0 
4 17 0.047619047619 
6 28 0.0615384615385 
30 157 0.0 
13 77 0.0 
7 45 0.0126582278481 
10 56 0.0 
4 26 0.0 
10 49 0.0344827586207 
8 56 0.00591715976331 
5 19 0.047619047619 
12 51 0.283582089552 
7 34 0.0441176470588 
5 26 0.030303030303 
4 26 0.0487804878049 
9 54 0.0191082802548 
7 42 0.00529100529101 
11 57 0.0254237288136 
9 49 0.078431372549 
7 37 0.0512820512821 
4 15 0.14 
8 59 0.0077519379845 
7 47 0.0 
3 15 0.0454545454545 
7 34 0.0 
6 35 0.0555555555556 
7 39 0.0725623582766 
7 45 0.0 
3 22 0.0 
3 28 0.0845070422535 
3 19 0.0 
5 26 0.0 
5 26 0.0 
2 14 0.0 
7 36 0.0 
7 50 0.0 
7 43 0.0 
5 39 0.0 
6 45 0.0204081632653 
8 40 0.0 
17 83 0.0483870967742 
11 50 0.0731132075472 
10 51 0.0564516129032 
8 49 0.0 
7 44 0.0 
4 33 0.0 
10 51 0.1 
7 36 0.0 
9 56 0.0 
7 33 0.08 
6 35 0.105263157895 
4 22 0.0327868852459 
12 65 0.025641025641 
2 9 0.0294117647059 
6 30 0.08 
14 82 0.0 
5 36 0.0 
9 47 0.0 
9 50 0.0 
5 28 0.0 
5 29 0.0 
3 20 0.0357142857143 
7 32 0.0614035087719 
5 17 0.0 
2 13 0.105263157895 
5 34 0.0416666666667 
3 18 0.0 
16 92 0.166666666667 
5 31 0.0 
8 49 0.0526315789474 
3 25 0.0555555555556 
2 8 0.0677966101695 
4 32 0.0 
6 31 0.0869565217391 
11 68 0.0 
15 78 0.0666666666667 
9 33 0.0 
8 57 0.0 
7 38 0.0 
4 15 0.037037037037 
14 74 0.0714285714286 
4 31 0.0 
7 60 0.0 
6 45 0.0120481927711 
21 98 0.102040816327 
11 56 0.0322580645161 
18 97 0.0 
1 8 0.0 
4 27 0.0701754385965 
3 17 0.0 
3 17 0.0 
2 7 0.04 
6 40 0.0 
9 53 0.0 
10 44 0.274193548387 
6 32 0.0 
9 43 0.111111111111 
8 61 0.0135135135135 
16 92 0.0 
4 32 0.0123456790123 
5 31 0.0 
12 60 0.15625 
9 37 0.0729166666667 
4 22 0.0 
7 40 0.0952380952381 
2 19 0.0 
14 95 0.019801980198 
7 43 0.0 
8 41 0.0 
9 51 0.222222222222 
4 29 0.0 
11 78 0.0 
4 27 0.0697674418605 
4 21 0.0 
5 29 0.0 
9 52 0.0 
9 58 0.0 
5 34 0.0 
15 90 0.0 
14 75 0.0 
6 32 0.0 
13 74 0.0 
4 25 0.0 
10 52 0.0 
8 50 0.0 
2 12 0.0232558139535 
5 27 0.0 
2 8 0.0322580645161 
4 44 0.0 
9 66 0.00961538461538 
20 112 0.0 
3 18 0.0434782608696 
4 20 0.0 
7 39 0.0 
2 10 0.0 
12 70 0.0555555555556 
5 33 0.0 
17 82 0.0588235294118 
7 42 0.0117647058824 
8 47 0.0701754385965 
12 59 0.166666666667 
6 33 0.05 
4 28 0.0 
11 54 0.0 
4 23 0.0704225352113 
6 34 0.0 
9 62 0.0 
6 27 0.0 
8 47 0.0 
3 16 0.0566037735849 
3 20 0.0 
14 74 0.0 
6 43 0.037037037037 
1 4 0.0 
7 43 0.0 
5 33 0.03125 
5 29 0.0 
13 66 0.0588235294118 
4 15 0.0675675675676 
3 19 0.0512820512821 
8 53 0.0 
4 22 0.0 
9 39 0.0738255033557 
5 26 0.0363636363636 
5 20 0.0769230769231 
7 49 0.0515463917526 
9 44 0.0681818181818 
7 36 0.0 
2 8 0.0714285714286 
8 41 0.013698630137 
6 31 0.0769230769231 
7 33 0.0576923076923 
7 51 0.0 
6 34 0.0 
12 58 0.166666666667 
9 58 0.0333333333333 
5 34 0.0 
3 19 0.0681818181818 
9 51 0.0 
5 23 0.0 
11 65 0.0 
3 18 0.0036496350365 
5 18 0.1875 
7 49 0.0 
4 29 0.131313131313 
13 61 0.0 
4 28 0.0 
9 41 0.0 
11 73 0.0161290322581 
5 40 0.0 
21 113 0.0952380952381 
5 22 0.0952380952381 
5 28 0.0 
10 58 0.018691588785 
5 29 0.0175438596491 
3 20 0.0 
8 56 0.0 
11 69 0.0 
9 49 0.0 
6 32 0.0 
9 51 0.0 
5 21 0.0 
9 43 0.0 
9 58 0.0 
4 25 0.157894736842 
3 14 0.0642201834862 
4 26 0.0 
5 29 0.0 
10 54 0.0 
8 43 0.0235294117647 
4 31 0.0 
6 39 0.0185185185185 
3 19 0.0 
7 46 0.0813953488372 
4 25 0.0 
4 39 0.0169491525424 
3 16 0.0 
3 22 0.0 
11 69 0.0 
3 19 0.029702970297 
11 66 0.0 
6 40 0.0495867768595 
5 31 0.020979020979 
7 31 0.025 
2 8 0.0526315789474 
4 30 0.0 
4 17 0.0 
2 14 0.0384615384615 
5 28 0.0 
3 25 0.0625 
3 24 0.0 
10 55 0.0 
9 45 0.0483870967742 
9 57 0.0324675324675 
3 18 0.0769230769231 
10 39 0.0 
6 34 0.0714285714286 
13 74 0.0 
2 7 0.046511627907 
2 11 0.0212765957447 
6 43 0.0 
7 44 0.0 
8 42 0.0 
14 74 0.0 
6 36 0.0 
35 226 0.0 
5 40 0.0 
9 50 0.0 
4 27 0.0 
9 47 0.0 
9 52 0.0 
6 40 0.0 
8 46 0.0 
7 45 0.0 
13 76 0.0 
4 29 0.0 
3 29 0.0 
2 9 0.0 
10 48 0.0 
6 40 0.00975609756098 
2 16 0.0454545454545 
7 41 0.0 
5 28 0.0 
4 16 0.12676056338 
8 49 0.0 
9 54 0.0120481927711 
7 43 0.0 
3 19 0.0 
6 35 0.05 
8 51 0.0 
2 21 0.0 
3 20 0.0133333333333 
13 68 0.0769230769231 
9 55 0.0 
13 63 0.0 
6 36 0.0952380952381 
6 24 0.0 
12 46 0.117647058824 
11 59 0.0909090909091 
7 39 0.0 
2 9 0.0588235294118 
6 41 0.0227272727273 
16 83 0.0 
2 10 0.0 
6 34 0.333333333333 
4 30 0.030303030303 
7 48 0.0238095238095 
9 37 0.06 
3 16 0.0266666666667 
6 26 0.0 
3 20 0.0810810810811 
7 50 0.0 
2 7 0.0 
7 42 0.0 
8 51 0.0 
16 103 0.0 
6 28 0.0442477876106 
13 69 0.0289855072464 
6 32 0.0869565217391 
2 16 0.0325203252033 
4 27 0.0 
5 34 0.0 
6 44 0.00854700854701 
6 56 0.0588235294118 
6 35 0.0 
13 81 0.0 
12 68 0.0 
5 22 0.00847457627119 
3 27 0.0 
8 45 0.0 
15 66 0.0 
14 71 0.0714285714286 
4 16 0.102040816327 
6 37 0.0487804878049 
3 21 0.122448979592 
3 26 0.0 
6 34 0.0 
10 53 0.0266666666667 
11 80 0.104761904762 
5 27 0.0298507462687 
9 42 0.0204081632653 
8 42 0.132075471698 
14 78 0.0 
7 32 0.020202020202 
15 55 0.0 
3 19 0.0 
3 19 0.00395256916996 
8 39 0.0441176470588 
3 19 0.0588235294118 
6 37 0.0 
11 50 0.30303030303 
3 25 0.0 
5 41 0.00961538461538 
2 11 0.0 
4 26 0.0 
2 20 0.0 
12 56 0.0558659217877 
2 9 0.111111111111 
17 84 0.0 
7 41 0.0689655172414 
11 51 0.289855072464 
5 28 0.0204081632653 
9 50 0.025641025641 
4 21 0.0645161290323 
2 20 0.0408163265306 
31 189 0.0550847457627 
5 30 0.0 
4 21 0.063829787234 
3 22 0.0952380952381 
4 30 0.0909090909091 
7 35 0.0194174757282 
4 26 0.0 
4 27 0.0350877192982 
4 18 0.025 
2 11 0.0 
11 49 0.181818181818 
8 43 0.0 
5 29 0.0 
6 39 0.027027027027 
14 76 0.0 
12 72 0.0833333333333 
3 21 0.0 
3 19 0.0 
9 47 0.181818181818 
6 40 0.0 
9 57 0.0 
5 34 0.173913043478 
15 94 0.0495867768595 
35 179 0.0225409836066 
8 55 0.0263157894737 
29 131 0.0143884892086 
5 27 0.0625 
10 54 0.0526315789474 
13 63 0.047619047619 
7 42 0.0 
4 20 0.0196078431373 
4 28 0.0779220779221 
4 17 0.0 
7 29 0.214285714286 
3 21 0.0689655172414 
5 30 0.0344827586207 
16 82 0.0 
7 40 0.0114942528736 
14 103 0.0714285714286 
4 19 0.0 
2 14 0.0 
6 24 0.0 
4 21 0.0952380952381 
6 34 0.0408163265306 
6 38 0.10843373494 
5 20 0.0625 
5 32 0.0 
4 29 0.0581395348837 
5 30 0.0 
19 87 0.0 
5 27 0.027027027027 
5 38 0.0833333333333 
3 20 0.0 
8 57 0.0 
6 34 0.0 
4 20 0.357142857143 
3 10 0.0 
6 43 0.0108695652174 
9 62 0.0 
7 37 0.1 
4 24 0.0338983050847 
8 36 0.0185185185185 
5 29 0.0289855072464 
3 14 0.172413793103 
3 14 0.0555555555556 
5 27 0.0454545454545 
5 29 0.0 
8 37 0.111111111111 
2 13 0.0 
5 25 0.0238095238095 
2 17 0.0 
11 74 0.0 
11 78 0.0108108108108 
2 16 0.0 
20 98 0.0 
4 23 0.0263157894737 
4 20 0.0 
8 40 0.114285714286 
9 62 0.111111111111 
9 48 0.0 
3 23 0.0 
25 125 0.0 
14 71 0.0 
7 45 0.142857142857 
8 49 0.0 
8 32 0.0459770114943 
5 26 0.0 
4 21 0.0357142857143 
3 20 0.0 
3 19 0.0 
7 44 0.0 
3 15 0.0384615384615 
11 49 0.0 
13 79 0.0 
4 28 0.0 
2 14 0.04 
10 52 0.0153846153846 
3 16 0.0 
2 20 0.0 
5 33 0.0 
7 40 0.0375 
6 39 0.0111111111111 
19 110 0.0264900662252 
3 16 0.0 
12 62 0.0 
10 51 0.0326086956522 
2 8 0.025 
10 57 0.0 
6 38 0.0 
7 42 0.0387596899225 
7 41 0.0 
2 12 0.03125 
5 29 0.0 
11 70 0.0695443645084 
4 24 0.0 
7 41 0.0 
11 81 0.0357142857143 
5 23 0.0153846153846 
3 16 0.0 
15 101 0.0 
4 30 0.010752688172 
10 55 0.0 
14 67 0.0241935483871 
8 42 0.0 
3 20 0.044776119403 
17 84 0.120879120879 
3 23 0.0324074074074 
11 58 0.0909090909091 
8 49 0.125 
6 32 0.0 
7 49 0.0322580645161 
10 45 0.0 
10 47 0.266666666667 
7 36 0.0 
2 9 0.0153846153846 
2 5 0.0 
8 48 0.0 
4 25 0.0217391304348 
3 23 0.0125 
5 31 0.0 
1 19 0.0 
2 12 0.0 
3 15 0.0 
6 37 0.0 
11 65 0.0 
9 51 0.0185185185185 
7 51 0.0 
8 41 0.0714285714286 
2 18 0.0 
9 74 0.0571428571429 
7 45 0.030534351145 
3 20 0.0 
4 22 0.0 
8 41 0.0 
5 35 0.0 
8 49 0.0 
11 69 0.0384615384615 
1 4 0.0 
14 80 0.025641025641 
3 18 0.0253164556962 
20 129 0.0 
8 49 0.0444444444444 
8 42 0.0 
4 25 0.0 
8 51 0.0416666666667 
10 55 0.0 
16 86 0.0 
8 44 0.0615384615385 
6 33 0.0 
10 56 0.0 
9 52 0.0 
6 30 0.0 
12 65 0.0 
7 40 0.0 
6 36 0.0 
10 69 0.0526315789474 
7 43 0.0347222222222 
5 30 0.0 
4 27 0.0588235294118 
9 58 0.0 
4 24 0.027027027027 
6 36 0.0 
7 41 0.142857142857 
8 47 0.0 
8 44 0.025 
3 20 0.0512820512821 
4 28 0.0 
6 49 0.0 
7 49 0.0 
4 15 0.0571428571429 
5 29 0.0 
6 34 0.0151515151515 
4 21 0.042735042735 
4 24 0.0 
9 59 0.0 
4 18 0.0 
7 48 0.0592592592593 
11 81 0.04 
12 60 0.107142857143 
12 65 0.0833333333333 
5 26 0.0 
2 8 0.133333333333 
5 28 0.155172413793 
3 20 0.0243902439024 
10 50 0.0 
3 32 0.04 
5 42 0.0344827586207 
4 26 0.0 
3 20 0.0 
7 41 0.0 
3 17 0.0487804878049 
8 38 0.0714285714286 
6 39 0.0888888888889 
2 9 0.0185185185185 
8 49 0.111111111111 
11 49 0.279411764706 
10 61 0.043956043956 
10 67 0.0196078431373 
7 39 0.0 
11 47 0.018018018018 
4 24 0.0740740740741 
8 45 0.0588235294118 
5 28 0.0 
5 25 0.0 
11 66 0.0909090909091 
5 38 0.0395480225989 
4 20 0.0172413793103 
7 41 0.0 
4 24 0.0 
5 25 0.0 
10 67 0.0 
5 36 0.0555555555556 
7 42 0.0 
5 25 0.0 
2 18 0.0 
5 28 0.0315789473684 
9 63 0.0 
10 64 0.0 
10 58 0.190476190476 
3 27 0.0119047619048 
8 64 0.0123456790123 
3 19 0.0 
13 82 0.0 
3 27 0.0 
10 53 0.0 
10 76 0.0 
12 69 0.0 
3 16 0.0 
4 26 0.25 
9 53 0.1 
10 48 0.0512820512821 
3 15 0.0 
5 17 0.0869565217391 
10 49 0.0 
7 42 0.0120481927711 
1 7 0.0166666666667 
8 45 0.0 
6 37 0.166666666667 
2 8 0.0769230769231 
3 17 0.051724137931 
3 30 0.0 
3 27 0.0 
9 50 0.00578034682081 
11 79 0.0 
2 15 0.0 
11 64 0.0 
8 39 0.0842105263158 
4 18 0.0 
6 37 0.0384615384615 
8 40 0.0704225352113 
5 31 0.08 
21 102 0.0 
4 25 0.0 
16 93 0.00645161290323 
6 36 0.18 
8 44 0.0526315789474 
6 29 0.0 
5 24 0.0 
13 97 0.00819672131148 
4 27 0.0 
2 9 0.0869565217391 
6 27 0.112903225806 
4 19 0.137931034483 
12 58 0.036036036036 
4 30 0.0 
7 30 0.037037037037 
2 9 0.0416666666667 
6 37 0.0294117647059 
9 71 0.0 
3 14 0.0816326530612 
54 265 0.037037037037 
6 35 0.0 
7 44 0.0 
7 57 0.0454545454545 
3 14 0.025 
11 68 0.0 
2 13 0.125 
17 114 0.0 
3 53 0.0 
6 32 0.0309278350515 
10 61 0.0 
6 44 0.0 
3 22 0.025974025974 
12 62 0.0 
4 20 0.0 
5 39 0.0 
18 89 0.0 
11 56 0.0526315789474 
3 18 0.0 
4 22 0.0357142857143 
17 88 0.0 
8 52 0.0 
3 24 0.03125 
6 38 0.0 
9 63 0.0 
4 15 0.136363636364 
6 34 0.0 
11 52 0.0344827586207 
12 81 0.0 
20 132 0.0 
10 45 0.0196078431373 
17 102 0.00824742268041 
6 46 0.0 
9 54 0.111111111111 
19 90 0.0 
5 34 0.0166666666667 
9 45 0.0 
11 52 0.0 
8 40 0.0 
13 78 0.0 
4 29 0.0 
3 19 0.047619047619 
3 13 0.037037037037 
18 95 0.0 
14 103 0.0714285714286 
12 66 0.06 
14 72 0.0 
7 32 0.0 
4 18 0.0972222222222 
13 76 0.0645161290323 
5 24 0.0 
2 16 0.0384615384615 
4 17 0.0277777777778 
6 32 0.0181818181818 
13 73 0.171428571429 
9 46 0.0327868852459 
4 18 0.0714285714286 
6 39 0.0 
9 53 0.0114942528736 
9 52 0.0222222222222 
5 25 0.0666666666667 
19 105 0.0 
2 12 0.0434782608696 
5 43 0.046511627907 
9 59 0.0 
2 9 0.0769230769231 
12 61 0.02 
5 28 0.0 
7 40 0.0909090909091 
4 20 0.0155642023346 
12 58 0.117647058824 
6 28 0.0857142857143 
7 36 0.119047619048 
13 72 0.125 
2 14 0.0 
5 30 0.0 
4 30 0.0617283950617 
14 87 0.0714285714286 
2 18 0.151515151515 
8 39 0.0434782608696 
2 11 0.04 
13 65 0.0 
9 44 0.0 
5 29 0.0 
3 12 0.0 
15 87 0.0 
7 48 0.0 
9 56 0.0205479452055 
5 42 0.0845070422535 
6 34 0.122641509434 
9 45 0.0 
13 82 0.0151515151515 
5 41 0.0281690140845 
9 60 0.012987012987 
4 22 0.0119047619048 
6 34 0.0 
4 18 0.0 
10 60 0.0188679245283 
31 181 0.100591715976 
4 26 0.0989010989011 
6 34 0.0142857142857 
19 91 0.031746031746 
4 25 0.0 
17 88 0.0 
14 76 0.0 
4 16 0.0833333333333 
4 30 0.149425287356 
2 8 0.0769230769231 
17 109 0.0045871559633 
3 21 0.0 
16 76 0.0 
5 30 0.031914893617 
8 35 0.0 
5 43 0.013698630137 
5 31 0.0666666666667 
15 84 0.0 
5 24 0.00267379679144 
3 19 0.0 
11 70 0.0 
4 18 0.0 
2 15 0.0133333333333 
2 15 0.0 
24 123 0.0 
8 53 0.0 
5 23 0.0 
5 28 0.0606060606061 
14 74 0.0 
9 46 0.05 
14 64 0.0 
10 53 0.1 
2 12 0.0 
11 58 0.0185185185185 
6 34 0.0217391304348 
3 16 0.0357142857143 
3 19 0.045871559633 
10 54 0.0 
11 48 0.283582089552 
4 24 0.0 
4 14 0.0909090909091 
3 15 0.00249791840133 
13 91 0.0 
7 46 0.428571428571 
3 17 0.0412371134021 
5 27 0.0 
2 8 0.0 
21 119 0.047619047619 
11 61 0.010989010989 
2 7 0.0689655172414 
12 74 0.0331950207469 
10 61 0.0759493670886 
12 73 0.0983606557377 
8 46 0.0952380952381 
7 34 0.0161290322581 
7 41 0.0232558139535 
10 48 0.00735294117647 
9 64 0.0 
4 27 0.0 
7 35 0.0 
13 62 0.0322580645161 
9 48 0.0569105691057 
7 47 0.0 
8 48 0.0 
7 41 0.0 
8 32 0.0 
7 39 0.0 
7 34 0.0 
9 52 0.0625 
11 74 0.0909090909091 
4 21 0.0 
8 33 0.044776119403 
