10 50 0 0.0 0 
18 127 57 0.0 0 
14 81 177 0.0 0 
10 45 76 0.0232558139535 0 
12 73 48 0.0 0 
16 104 0 0.0 0 
3 15 38 0.0 0 
10 57 0 0.0 0 
12 70 0 0.333333333333 0 
27 132 91 0.0 0 
6 57 134 0.0 0 
5 30 54 0.0 0 
32 193 0 0.0 0 
14 72 57 0.0281690140845 0 
25 148 85 0.0 0 
15 86 43 0.0 0 
15 88 0 0.0 0 
8 39 80 0.0 0 
54 282 0 0.0185185185185 0 
5 21 38 0.0 0 
7 48 113 0.0 0 
15 73 0 0.0666666666667 0 
7 40 43 0.04 0 
16 87 99 0.0 0 
7 55 105 0.00892857142857 0 
10 52 29 0.0 0 
11 51 71 0.0487804878049 0 
16 88 44 0.0 0 
8 47 64 0.0138888888889 0 
15 83 113 0.0 0 
9 56 36 0.0 0 
25 108 152 0.0 0 
7 38 83 0.0 0 
4 34 106 0.0 0 
18 94 57 0.0 0 
10 40 49 0.0 0 
6 43 37 0.046511627907 0 
11 58 30 0.0 0 
13 71 117 0.0 0 
6 36 126 0.0 0 
15 97 583 0.00501672240803 0 
21 92 43 0.0625 0 
8 38 0 0.0 0 
21 128 71 0.0 0 
13 77 139 0.0 0 
18 90 62 0.0 0 
8 38 57 0.0 0 
13 77 54 0.0597014925373 0 
2 14 173 0.0 0 
12 59 47 0.0 0 
7 36 0 0.0 0 
9 48 79 0.0 0 
12 81 100 0.0 0 
12 53 102 0.0263157894737 0 
12 68 0 0.0833333333333 0 
7 39 74 0.0 0 
24 137 84 0.0 0 
13 67 183 0.00510204081633 0 
7 52 0 0.0 0 
9 36 310 0.012539184953 0 
7 38 48 0.0 0 
4 20 234 0.0 0 
33 147 53 0.0 0 
4 42 195 0.0150753768844 0 
7 53 0 0.0 0 
15 75 96 0.018018018018 0 
8 50 50 0.0 0 
8 50 77 0.0235294117647 0 
6 32 40 0.0217391304348 0 
6 43 77 0.0 0 
16 90 52 0.0 0 
6 40 88 0.0 0 
23 144 0 0.0 0 
11 59 77 0.0113636363636 0 
15 66 58 0.027397260274 0 
22 104 123 0.00689655172414 0 
8 37 61 0.0 0 
20 101 43 0.0 0 
7 42 97 0.0 0 
7 46 52 0.0 0 
6 34 0 0.0 0 
8 51 100 0.0 0 
7 47 0 0.0 0 
6 30 115 0.0 0 
8 41 48 0.0 0 
13 71 52 0.0 0 
7 35 58 0.0 0 
8 47 1846 0.00701186623517 0 
7 52 97 0.0 0 
1 5 43 0.0 0 
42 264 0 0.0 0 
18 98 0 0.0555555555556 0 
9 39 163 0.0 0 
22 124 49 0.0 0 
14 76 130 0.00694444444444 0 
7 44 0 0.0 0 
8 62 0 0.0 0 
21 125 0 0.0 0 
11 61 116 0.0 0 
20 99 55 0.0 0 
12 81 0 0.0 0 
21 109 118 0.00719424460432 0 
10 43 149 0.0 0 
9 57 0 0.0 0 
9 68 36 0.0 0 
4 18 214 0.0 0 
8 37 61 0.0144927536232 0 
10 44 286 0.0135135135135 0 
10 55 137 0.0 0 
21 138 65 0.0 0 
7 37 65 0.0138888888889 0 
21 99 407 0.0 0 
10 58 53 0.0 0 
14 79 47 0.0 0 
7 37 110 0.0 0 
22 113 178 0.015 0 
12 88 78 0.0 0 
5 26 0 0.0 0 
9 57 0 0.0 0 
12 67 0 0.0 0 
13 67 29 0.0238095238095 0 
15 90 0 0.0 0 
13 89 41 0.0 0 
35 186 104 0.00719424460432 0 
6 41 74 0.0 0 
5 25 49 0.0 0 
6 42 40 0.0 0 
17 96 71 0.0 0 
17 76 47 0.015625 0 
5 38 103 0.0 0 
11 58 52 0.0 0 
7 48 94 0.0 0 
12 84 78 0.0 0 
4 19 100 0.0384615384615 0 
9 40 65 0.0 0 
18 100 0 0.0 0 
3 24 55 0.0 0 
14 97 0 0.0 0 
11 60 75 0.0 0 
6 39 92 0.0102040816327 0 
14 79 77 0.0 0 
19 101 109 0.0 0 
8 41 93 0.0 0 
3 26 103 0.0 0 
22 125 64 0.0116279069767 0 
49 289 195 0.00819672131148 0 
13 79 0 0.0769230769231 0 
16 80 61 0.0 0 
8 46 627 0.0110236220472 0 
23 149 0 0.0 0 
8 55 0 0.0 0 
6 38 52 0.0172413793103 0 
26 134 0 0.0384615384615 0 
6 34 47 0.0 0 
8 37 38 0.0 0 
5 33 63 0.0 0 
21 111 81 0.00980392156863 0 
5 29 63 0.0 0 
6 37 382 0.00257731958763 0 
17 96 0 0.0588235294118 0 
6 36 68 0.0 0 
23 105 132 0.00645161290323 0 
3 15 145 0.0 0 
14 62 50 0.03125 0 
17 89 60 0.0 0 
8 46 45 0.0 0 
8 47 0 0.0 0 
13 70 448 0.00216919739696 0 
9 46 0 0.0 0 
9 43 267 0.0108695652174 0 
18 98 57 0.0 0 
28 130 61 0.0 0 
9 44 154 0.0306748466258 0 
8 52 0 0.0 0 
12 61 85 0.0 0 
8 48 95 0.0 0 
12 57 52 0.0 0 
15 74 88 0.00970873786408 0 
6 37 65 0.0 0 
7 48 200 0.0386473429952 0 
11 56 111 0.00819672131148 0 
7 34 96 0.0 0 
11 64 52 0.0 0 
14 75 60 0.0 0 
7 40 44 0.0196078431373 0 
14 71 60 0.0 0 
28 143 40 0.0 0 
10 48 170 0.0 0 
12 65 0 0.25 0 
2 15 39 0.0 0 
17 126 0 0.0588235294118 0 
17 88 60 0.0 0 
8 49 73 0.0 0 
6 36 116 0.016393442623 0 
3 20 39 0.0 0 
4 22 46 0.0 0 
7 47 65 0.0 0 
14 69 60 0.0 0 
29 161 43 0.0 0 
10 60 0 0.0 0 
12 59 68 0.0 0 
14 80 134 0.0135135135135 0 
3 24 442 0.00224719101124 0 
8 54 0 0.0 0 
9 35 90 0.010101010101 0 
8 37 68 0.0 0 
8 47 102 0.0 0 
6 27 89 0.0 0 
13 66 39 0.0 0 
14 75 84 0.0102040816327 0 
9 40 60 0.0 0 
15 69 74 0.0 0 
6 26 96 0.0 0 
13 60 46 0.0 0 
8 42 86 0.0 0 
4 23 61 0.0 0 
9 53 235 0.0 0 
4 24 89 0.0 0 
18 105 420 0.00684931506849 0 
15 82 47 0.0 0 
14 88 157 0.0 0 
16 90 55 0.0 0 
14 74 38 0.0 0 
14 64 168 0.021978021978 0 
9 55 181 0.0105263157895 0 
6 39 64 0.0 0 
4 18 93 0.0 0 
21 111 0 0.0 0 
9 52 56 0.0153846153846 0 
9 55 0 0.222222222222 0 
3 21 0 0.0 0 
11 89 0 0.0 0 
15 74 72 0.0 0 
7 44 0 0.142857142857 0 
4 17 126 0.0 0 
47 300 0 0.0425531914894 0 
13 59 95 0.0 0 
15 81 0 0.0 0 
8 42 69 0.0 0 
3 19 43 0.0 0 
17 62 108 0.024 0 
16 89 114 0.0 0 
6 25 64 0.0 0 
13 62 76 0.0 0 
15 87 73 0.0 0 
14 68 71 0.0235294117647 0 
18 107 0 0.0 0 
11 58 68 0.0126582278481 0 
11 63 47 0.0 0 
10 60 57 0.0 0 
12 56 41 0.0 0 
12 65 92 0.0 0 
16 74 60 0.0 0 
8 41 106 0.00877192982456 0 
24 136 67 0.0 0 
9 44 86 0.0 0 
12 80 54 0.0 0 
23 148 167 0.0 0 
12 60 85 0.0 0 
7 39 0 0.0 0 
13 58 154 0.0 0 
11 65 70 0.0 0 
10 56 0 0.0 0 
9 45 105 0.0 0 
5 25 89 0.0212765957447 0 
12 58 39 0.0196078431373 0 
7 30 54 0.0 0 
19 105 702 0.0166435506241 0 
14 73 54 0.0441176470588 0 
8 43 108 0.051724137931 0 
16 90 125 0.0141843971631 0 
8 37 155 0.0 0 
28 146 0 0.0714285714286 0 
10 71 0 0.0 0 
12 71 118 0.0 0 
17 90 84 0.0 0 
5 33 41 0.0217391304348 0 
2 14 54 0.0 0 
8 41 75 0.0 0 
17 76 41 0.0 0 
21 111 69 0.0 0 
4 26 96 0.0 0 
16 74 49 0.0 0 
23 138 117 0.0 0 
29 157 64 0.0 0 
13 72 70 0.0 0 
34 205 43 0.0 0 
8 40 292 0.00666666666667 0 
4 16 39 0.0 0 
11 66 0 0.0 0 
10 65 0 0.0 0 
13 76 0 0.0 0 
9 54 0 0.0 0 
52 280 103 0.0 0 
8 42 45 0.0 0 
15 79 129 0.0 0 
22 122 42 0.0 0 
12 59 77 0.0 0 
6 41 40 0.0 0 
17 90 38 0.0181818181818 0 
4 30 51 0.0 0 
15 80 62 0.0 0 
10 62 0 0.0 0 
13 72 0 0.0 0 
17 103 59 0.0131578947368 0 
11 64 46 0.0350877192982 0 
34 226 0 0.0 0 
13 68 56 0.0289855072464 0 
21 97 44 0.0 0 
21 98 0 0.0 0 
3 18 44 0.0212765957447 0 
13 76 91 0.00961538461538 0 
14 81 63 0.0 0 
6 39 73 0.0 0 
14 77 0 0.0714285714286 0 
10 54 101 0.036036036036 0 
28 136 84 0.0 0 
46 231 89 0.0888888888889 0 
22 118 54 0.0 0 
13 61 252 0.0 0 
12 64 40 0.0 0 
15 91 0 0.0 0 
9 36 526 0.00560747663551 0 
17 85 0 0.0588235294118 0 
16 85 61 0.0 0 
20 136 0 0.0 0 
10 51 0 0.0 0 
11 68 0 0.0 0 
9 51 48 0.0175438596491 0 
35 189 0 0.0 0 
28 146 0 0.0357142857143 0 
27 122 95 0.00819672131148 0 
10 72 210 0.0 0 
10 57 337 0.0115273775216 0 
29 157 0 0.0689655172414 0 
31 160 85 0.0 0 
8 54 0 0.125 0 
6 43 37 0.046511627907 0 
16 87 0 0.0 0 
12 81 71 0.0240963855422 0 
28 126 56 0.0238095238095 0 
6 47 756 0.00131233595801 0 
28 161 508 0.0167910447761 0 
14 90 80 0.0 0 
4 12 39 0.046511627907 0 
3 15 0 0.0 0 
15 91 220 0.00425531914894 0 
9 52 162 0.0 0 
17 78 58 0.0133333333333 0 
45 232 0 0.0222222222222 0 
20 114 303 0.0030959752322 0 
10 49 38 0.0 0 
5 41 0 0.0 0 
6 35 0 0.166666666667 0 
13 60 0 0.153846153846 0 
11 66 0 0.0 0 
9 62 0 0.0 0 
7 43 103 0.0 0 
9 36 67 0.0 0 
2 12 46 0.0 0 
13 77 65 0.0 0 
9 55 117 0.0 0 
8 29 146 0.00649350649351 0 
10 65 87 0.0 0 
6 38 119 0.016 0 
3 25 75 0.0 0 
7 41 100 0.0 0 
28 177 126 0.012987012987 0 
6 29 65 0.0 0 
5 31 0 0.0 0 
21 108 32 0.0 0 
17 90 98 0.0 0 
24 120 90 0.0175438596491 0 
9 50 0 0.0 0 
7 37 0 0.142857142857 0 
11 72 73 0.0 0 
10 57 64 0.0135135135135 0 
9 43 51 0.05 0 
8 44 89 0.0 0 
13 64 70 0.0 0 
5 31 69 0.0 0 
16 85 39 0.0 0 
12 68 79 0.010989010989 0 
15 66 224 0.0 0 
17 80 57 0.0405405405405 0 
18 136 189 0.00966183574879 0 
13 83 101 0.0 0 
17 82 70 0.0 0 
18 91 76 0.0 0 
4 28 51 0.0 0 
11 60 59 0.0 0 
22 123 263 0.0 0 
5 30 54 0.0 0 
16 91 0 0.0 0 
3 15 57 0.0166666666667 0 
8 50 86 0.0 0 
14 82 63 0.0 0 
15 87 52 0.0149253731343 0 
13 60 61 0.0135135135135 0 
7 47 177 0.0108695652174 0 
17 89 152 0.00591715976331 0 
8 46 74 0.0243902439024 0 
14 86 42 0.0 0 
10 54 0 0.0 0 
6 36 210 0.00462962962963 0 
4 26 39 0.0232558139535 0 
11 69 100 0.0 0 
47 290 98 0.0 0 
2 16 65 0.0 0 
13 70 52 0.0 0 
14 67 100 0.0 0 
16 80 88 0.0 0 
7 33 0 0.0 0 
4 25 0 0.0 0 
10 58 37 0.0212765957447 0 
10 60 40 0.0 0 
7 41 0 0.0 0 
5 28 75 0.0 0 
33 231 0 0.0 0 
6 34 54 0.0 0 
9 49 72 0.0 0 
8 56 51 0.0 0 
16 69 66 0.0121951219512 0 
5 33 50 0.0727272727273 0 
12 38 76 0.0113636363636 0 
13 76 43 0.0 0 
12 66 49 0.0 0 
7 50 106 0.0 0 
12 68 1090 0.005444646098 0 
13 57 41 0.0 0 
14 74 41 0.0 0 
5 24 131 0.0 0 
5 30 55 0.0 0 
20 98 71 0.0 0 
12 60 80 0.0 0 
9 45 248 0.0350194552529 0 
7 46 54 0.0 0 
17 85 60 0.038961038961 0 
17 85 75 0.0326086956522 0 
8 57 185 0.020725388601 0 
13 68 483 0.0 0 
2 17 80 0.0243902439024 0 
9 47 255 0.0227272727273 0 
18 112 58 0.0 0 
11 51 103 0.0350877192982 0 
11 61 51 0.0161290322581 0 
12 64 49 0.016393442623 0 
16 73 49 0.0 0 
12 63 54 0.0 0 
4 23 74 0.0 0 
11 60 42 0.0 0 
17 103 49 0.0 0 
6 38 0 0.0 0 
10 49 77 0.0344827586207 0 
9 51 52 0.016393442623 0 
3 29 60 0.015873015873 0 
6 43 37 0.046511627907 0 
18 89 0 0.0 0 
19 101 180 0.0 0 
14 78 105 0.0 0 
5 30 98 0.0 0 
13 58 58 0.0140845070423 0 
12 54 49 0.0 0 
17 109 0 0.117647058824 0 
11 45 207 0.045871559633 0 
11 63 0 0.0 0 
5 32 80 0.0 0 
15 81 41 0.0 0 
12 62 0 0.0 0 
11 41 111 0.0409836065574 0 
16 81 20 0.0 0 
11 59 85 0.0 0 
16 72 156 0.0 0 
28 136 116 0.0277777777778 0 
6 35 30 0.0 0 
8 38 114 0.0 0 
10 67 0 0.0 0 
11 64 0 0.0909090909091 0 
4 22 0 0.25 0 
7 36 56 0.0 0 
12 58 43 0.0 0 
17 83 101 0.0169491525424 0 
6 34 54 0.0333333333333 0 
12 86 0 0.0 0 
20 106 57 0.0 0 
12 70 65 0.0 0 
20 102 70 0.0 0 
9 58 0 0.0 0 
8 36 86 0.0212765957447 0 
6 28 329 0.0238805970149 0 
9 40 52 0.0 0 
6 52 0 0.0 0 
5 33 187 0.00520833333333 0 
10 46 99 0.00917431192661 0 
44 277 0 0.0227272727273 0 
17 105 141 0.0 0 
23 126 42 0.0 0 
10 65 117 0.0157480314961 0 
7 41 44 0.0 0 
15 90 54 0.0 0 
11 65 0 0.0909090909091 0 
12 63 0 0.0 0 
22 134 106 0.0078125 0 
13 63 50 0.0 0 
14 66 47 0.0 0 
9 44 110 0.0 0 
15 89 101 0.0172413793103 0 
15 88 132 0.0 0 
11 53 56 0.0 0 
10 61 62 0.0277777777778 0 
5 37 57 0.0 0 
14 93 0 0.0 0 
5 27 117 0.0409836065574 0 
19 107 62 0.0617283950617 0 
11 51 48 0.0 0 
7 36 176 0.0 0 
9 47 121 0.0 0 
12 58 138 0.00666666666667 0 
16 93 39 0.0 0 
6 43 72 0.0 0 
25 124 122 0.0 0 
7 38 64 0.0140845070423 0 
17 96 0 0.0 0 
13 70 49 0.0322580645161 0 
10 51 23 0.0 0 
14 87 0 0.142857142857 0 
19 120 83 0.0 0 
11 67 146 0.0127388535032 0 
16 79 66 0.0121951219512 0 
14 67 63 0.012987012987 0 
15 85 0 0.0 0 
6 43 37 0.046511627907 0 
9 58 66 0.0 0 
27 133 43 0.0 0 
45 256 143 0.0 0 
7 35 52 0.0 0 
8 37 0 0.0 0 
19 114 60 0.0 0 
12 79 16 0.0 0 
15 78 46 0.0 0 
6 48 55 0.0 0 
8 48 42 0.06 0 
8 53 350 0.0 0 
24 117 143 0.0239520958084 0 
4 26 90 0.0 0 
7 41 60 0.0 0 
9 45 80 0.0112359550562 0 
6 50 168 0.0 0 
7 48 39 0.0 0 
29 152 26 0.0 0 
10 48 138 0.00675675675676 0 
14 73 96 0.0272727272727 0 
9 45 66 0.0 0 
16 90 46 0.0 0 
8 48 114 0.016393442623 0 
11 67 52 0.0 0 
4 28 138 0.0 0 
14 74 40 0.0 0 
5 37 98 0.00970873786408 0 
16 95 90 0.0 0 
6 31 55 0.0327868852459 0 
17 96 38 0.0 0 
20 132 0 0.0 0 
15 74 178 0.00518134715026 0 
11 42 39 0.0 0 
10 57 0 0.0 0 
8 60 71 0.0 0 
9 47 0 0.0 0 
10 42 90 0.0 0 
11 64 66 0.012987012987 0 
12 73 45 0.0 0 
30 157 0 0.1 0 
13 65 135 0.0 0 
11 55 124 0.0 0 
6 38 59 0.0 0 
9 49 0 0.0 0 
6 37 47 0.0188679245283 0 
8 39 75 0.0 0 
11 74 65 0.0 0 
5 27 41 0.0 0 
6 22 36 0.0 0 
11 68 0 0.0 0 
16 88 0 0.0 0 
7 41 55 0.0 0 
13 76 51 0.0 0 
20 113 50 0.0 0 
12 79 0 0.0 0 
3 18 48 0.0 0 
21 108 53 0.0135135135135 0 
9 57 245 0.00787401574803 0 
15 80 109 0.0806451612903 0 
9 48 43 0.0 0 
20 104 0 0.0 0 
4 17 41 0.0 0 
12 76 74 0.0116279069767 0 
20 111 49 0.0 0 
4 31 86 0.0 0 
2 13 132 0.0 0 
5 32 239 0.0245901639344 0 
15 106 0 0.0 0 
11 52 59 0.0 0 
8 39 69 0.0 0 
3 19 161 0.0243902439024 0 
11 58 117 0.0 0 
16 84 109 0.016 0 
4 23 210 0.0140186915888 0 
20 96 5 0.0 0 
7 29 222 0.0 0 
30 134 130 0.01875 0 
6 37 63 0.0289855072464 0 
16 64 0 0.0 0 
4 16 43 0.0 0 
25 105 104 0.0077519379845 0 
17 83 45 0.0 0 
11 45 198 0.0430622009569 0 
8 41 24 0.0 0 
4 33 49 0.0 0 
3 21 62 0.0 0 
5 26 70 0.0 0 
16 80 332 0.0172413793103 0 
15 81 103 0.0 0 
7 47 92 0.0 0 
8 36 72 0.0 0 
10 53 220 0.0130434782609 0 
9 39 83 0.0 0 
11 60 157 0.0119047619048 0 
8 37 41 0.0 0 
18 83 247 0.0 0 
6 36 105 0.0810810810811 0 
4 21 40 0.0 0 
3 28 152 0.0 0 
18 116 17 0.0 0 
6 37 63 0.0289855072464 0 
10 58 108 0.0169491525424 0 
5 23 48 0.0 0 
30 154 96 0.0 0 
8 43 205 0.0328638497653 0 
20 85 183 0.0 0 
6 30 44 0.0 0 
20 98 166 0.0 0 
22 150 17 0.0 0 
6 33 240 0.020325203252 0 
13 53 56 0.0144927536232 0 
23 117 207 0.0217391304348 0 
22 98 138 0.0375 0 
13 76 20 0.0 0 
4 36 40 0.0 0 
10 65 214 0.00892857142857 0 
3 25 324 0.00305810397554 0 
6 37 74 0.0 0 
9 62 64 0.0 0 
5 40 54 0.0338983050847 0 
3 18 147 0.0 0 
10 40 66 0.0 0 
16 98 65 0.0 0 
5 26 187 0.0208333333333 0 
10 45 67 0.0 0 
15 75 120 0.0444444444444 0 
18 86 22 0.0 0 
8 40 139 0.00680272108844 0 
16 98 123 0.0 0 
13 80 160 0.0115606936416 0 
6 45 69 0.0 0 
6 35 204 0.00952380952381 0 
5 28 65 0.0 0 
13 61 264 0.00361010830325 0 
11 62 39 0.0 0 
2 18 135 0.0 0 
11 66 139 0.0 0 
12 68 114 0.0634920634921 0 
7 42 71 0.0128205128205 0 
5 35 85 0.0333333333333 0 
3 15 219 0.036036036036 0 
9 53 200 0.00478468899522 0 
13 51 50 0.0 0 
10 61 147 0.0 0 
7 39 312 0.0 0 
6 36 105 0.0810810810811 0 
11 64 386 0.0125944584383 0 
26 141 59 0.0117647058824 0 
9 56 234 0.0082304526749 0 
4 18 43 0.0 0 
16 72 35 0.0 0 
14 77 54 0.0 0 
15 85 61 0.0263157894737 0 
22 123 229 0.0119521912351 0 
6 29 98 0.0 0 
6 32 98 0.0192307692308 0 
4 24 163 0.0 0 
5 25 24 0.0 0 
20 93 239 0.0 0 
14 71 93 0.0 0 
10 54 166 0.0 0 
2 14 70 0.0 0 
7 45 285 0.0 0 
4 26 30 0.0 0 
7 41 143 0.0 0 
17 93 4 0.0 0 
13 65 27 0.0 0 
8 45 45 0.0 0 
31 155 0 0.0322580645161 0 
11 62 211 0.0225225225225 0 
14 56 447 0.0216919739696 0 
6 30 171 0.0 0 
10 46 43 0.0 0 
9 40 96 0.0 0 
42 217 229 0.0 0 
14 61 334 0.0201149425287 0 
30 144 150 0.0 0 
3 23 205 0.00961538461538 0 
9 43 138 0.0 0 
24 102 160 0.0108695652174 0 
5 30 246 0.00398406374502 0 
11 66 120 0.0229007633588 0 
6 44 265 0.0110701107011 0 
8 33 159 0.0 0 
6 37 63 0.0289855072464 0 
5 35 147 0.00657894736842 0 
16 71 266 0.00709219858156 0 
10 60 83 0.0 0 
6 37 63 0.0289855072464 0 
25 137 136 0.0372670807453 0 
12 50 55 0.0 0 
12 57 92 0.0192307692308 0 
17 106 52 0.0 0 
10 79 243 0.0118577075099 0 
11 51 146 0.0127388535032 0 
6 36 105 0.0810810810811 0 
21 112 64 0.0 0 
12 64 252 0.00757575757576 0 
10 45 392 0.00248756218905 0 
3 18 106 0.0 0 
8 51 217 0.0 0 
9 39 20 0.0 0 
10 52 41 0.0196078431373 0 
19 97 14 0.030303030303 0 
11 41 0 0.0 0 
6 40 91 0.020618556701 0 
9 35 282 0.00687285223368 0 
7 59 227 0.0042735042735 0 
4 26 133 0.00729927007299 0 
11 83 134 0.0206896551724 0 
28 129 369 0.0 0 
12 55 92 0.0 0 
10 49 38 0.0 0 
23 123 49 0.0 0 
13 60 78 0.0 0 
12 70 20 0.0 0 
9 48 34 0.0 0 
14 67 164 0.0168539325843 0 
14 98 147 0.00621118012422 0 
5 29 16 0.0 0 
10 47 190 0.0 0 
9 55 14 0.0 0 
24 130 176 0.005 0 
9 42 213 0.018018018018 0 
15 75 153 0.0119047619048 0 
7 33 58 0.0 0 
5 39 91 0.0208333333333 0 
7 35 106 0.0 0 
15 82 138 0.0 0 
8 37 32 0.0 0 
9 43 211 0.0136363636364 0 
21 108 55 0.0 0 
7 40 116 0.0 0 
19 118 37 0.0 0 
17 96 55 0.0138888888889 0 
18 82 0 0.0 0 
5 27 179 0.0 0 
11 54 179 0.0 0 
22 113 385 0.00982800982801 0 
14 92 519 0.031894934334 0 
8 58 568 0.00520833333333 0 
4 23 195 0.0150753768844 0 
31 176 5 0.0 0 
21 105 32 0.0 0 
6 32 74 0.0 0 
14 70 663 0.00147710487445 0 
15 74 71 0.0 0 
7 30 241 0.0161290322581 0 
14 69 118 0.00757575757576 0 
15 86 70 0.0 0 
10 68 100 0.0272727272727 0 
14 79 69 0.0 0 
21 100 138 0.0188679245283 0 
24 111 40 0.0 0 
12 65 220 0.00862068965517 0 
15 84 313 0.0030487804878 0 
15 89 68 0.0 0 
16 104 2 0.0 0 
4 16 52 0.0 0 
6 37 63 0.0289855072464 0 
4 23 23 0.0 0 
9 54 56 0.0153846153846 0 
4 21 89 0.0 0 
15 72 56 0.0281690140845 0 
6 36 170 0.0 0 
10 50 33 0.0 0 
7 43 58 0.0153846153846 0 
10 58 517 0.0284629981025 0 
6 40 46 0.0 0 
8 46 93 0.0 0 
5 23 77 0.0121951219512 0 
12 58 231 0.0 0 
17 98 0 0.0 0 
9 37 46 0.0 0 
7 28 50 0.0175438596491 0 
5 32 203 0.00480769230769 0 
3 15 141 0.0 0 
13 70 226 0.0167364016736 0 
3 17 153 0.0 0 
20 131 102 0.0 0 
3 23 323 0.0122699386503 0 
6 31 90 0.0 0 
8 32 48 0.0 0 
12 57 42 0.0 0 
7 47 148 0.0258064516129 0 
4 17 47 0.0 0 
15 70 55 0.0 0 
19 91 160 0.00558659217877 0 
3 29 38 0.0 0 
9 48 56 0.0 0 
11 55 135 0.0 0 
23 131 55 0.0 0 
14 67 108 0.0 0 
9 46 45 0.0 0 
5 36 12 0.0 0 
23 112 78 0.00990099009901 0 
6 29 358 0.0137362637363 0 
11 71 0 0.0 0 
21 94 189 0.00952380952381 0 
13 59 0 0.0 0 
8 34 34 0.0 0 
1 10 284 0.00350877192982 0 
4 19 82 0.0348837209302 0 
8 27 126 0.0 0 
3 17 43 0.0 0 
50 293 85 0.0 0 
11 70 87 0.0 0 
6 41 43 0.0 0 
36 196 0 0.0 0 
23 120 431 0.0 0 
24 107 370 0.00761421319797 0 
14 79 226 0.00833333333333 0 
8 35 21 0.0 0 
3 28 19 0.0 0 
9 40 52 0.0327868852459 0 
17 99 132 0.0 0 
5 35 177 0.0 0 
16 81 271 0.0104529616725 0 
14 75 109 0.0 0 
12 66 291 0.00660066006601 0 
10 51 0 0.0 0 
12 58 1043 0.0132701421801 0 
6 38 68 0.0135135135135 0 
4 19 167 0.0116959064327 0 
13 82 160 0.0 0 
12 51 71 0.0120481927711 0 
8 50 150 0.0189873417722 0 
10 49 41 0.0 0 
21 92 347 0.00271739130435 0 
13 71 45 0.0 0 
5 43 93 0.0 0 
27 134 123 0.0133333333333 0 
35 158 601 0.0 0 
4 15 92 0.0208333333333 0 
7 54 284 0.00343642611684 0 
8 54 150 0.0 0 
20 105 16 0.0 0 
19 107 15 0.0294117647059 0 
3 18 37 0.0 0 
9 44 22 0.0 0 
11 53 526 0.0 0 
19 108 108 0.0 0 
8 53 901 0.019801980198 0 
9 57 188 0.0152284263959 0 
11 81 260 0.0 0 
8 44 79 0.0 0 
8 45 27 0.0571428571429 0 
12 75 139 0.0 0 
27 125 93 0.00833333333333 0 
10 69 20 0.0 0 
13 83 112 0.0 0 
5 29 99 0.0 0 
17 97 65 0.0121951219512 0 
25 142 117 0.00704225352113 0 
4 18 64 0.0 0 
30 140 460 0.00612244897959 0 
5 34 110 0.00869565217391 0 
13 75 4 0.0588235294118 0 
5 33 39 0.0454545454545 0 
6 40 262 0.0 0 
7 30 199 0.0 0 
21 104 160 0.0110497237569 0 
11 44 148 0.0 0 
21 94 174 0.0102564102564 0 
35 176 344 0.0131926121372 0 
8 32 62 0.0285714285714 0 
5 36 160 0.0181818181818 0 
6 36 173 0.0223463687151 0 
15 78 537 0.0018115942029 0 
27 159 303 0.0333333333333 0 
17 86 0 0.0 0 
7 34 80 0.0 0 
3 18 89 0.0217391304348 0 
9 40 77 0.0 0 
8 43 14 0.0 0 
2 20 18 0.0 0 
9 57 79 0.0113636363636 0 
13 60 95 0.0 0 
4 28 28 0.0 0 
8 39 123 0.00763358778626 0 
12 76 2084 0.013358778626 0 
7 51 16 0.0 0 
6 42 49 0.0181818181818 0 
12 59 93 0.0 0 
6 45 62 0.0294117647059 0 
13 69 77 0.0111111111111 0 
5 24 89 0.0106382978723 0 
5 32 154 0.0251572327044 0 
14 91 78 0.0108695652174 0 
7 48 469 0.0147058823529 0 
16 79 817 0.0324129651861 0 
12 60 73 0.0 0 
17 90 73 0.0111111111111 0 
15 72 177 0.0260416666667 0 
1 7 7 0.0 0 
6 36 160 0.0120481927711 0 
5 16 149 0.00649350649351 0 
5 35 26 0.0 0 
12 65 23 0.0 0 
9 48 34 0.0 0 
8 38 109 0.0 0 
11 50 34 0.0222222222222 0 
12 88 33 0.0 0 
32 159 540 0.00524475524476 0 
17 95 337 0.00564971751412 0 
12 52 337 0.025787965616 0 
6 28 59 0.0 0 
8 46 99 0.0 0 
5 35 86 0.021978021978 0 
12 67 31 0.0 0 
16 72 135 0.00662251655629 0 
18 116 51 0.0 0 
13 59 587 0.0116666666667 0 
11 61 83 0.0 0 
12 70 41 0.0377358490566 0 
9 57 60 0.0434782608696 0 
19 104 61 0.0 0 
11 57 77 0.0 0 
10 54 198 0.0 0 
18 76 80 0.0 0 
19 106 50 0.0 0 
4 23 173 0.0112994350282 0 
10 34 47 0.0701754385965 0 
7 38 78 0.0 0 
16 79 487 0.00198807157058 0 
10 68 100 0.0272727272727 0 
2 14 119 0.0 0 
19 103 15 0.0588235294118 0 
11 59 18 0.0 0 
5 33 304 0.0161812297735 0 
1 9 10 0.0 0 
4 23 57 0.016393442623 0 
12 55 16 0.0 0 
18 84 281 0.0133779264214 0 
14 72 63 0.0519480519481 0 
14 48 64 0.0128205128205 0 
16 77 528 0.00183823529412 0 
7 33 42 0.0408163265306 0 
15 69 245 0.0115384615385 0 
6 22 184 0.00526315789474 0 
10 49 170 0.0166666666667 0 
10 40 64 0.0 0 
14 77 87 0.0 0 
14 75 129 0.00699300699301 0 
8 44 108 0.0172413793103 0 
9 36 158 0.0119760479042 0 
5 29 111 0.0431034482759 0 
11 52 413 0.0188679245283 0 
13 75 91 0.00961538461538 0 
10 43 0 0.0 0 
9 56 142 0.0397350993377 0 
8 32 77 0.0 0 
9 40 79 0.0 0 
5 32 91 0.0 0 
7 38 24 0.0 0 
8 53 137 0.0344827586207 0 
18 72 34 0.0 0 
8 48 61 0.0 0 
14 62 249 0.0152091254753 0 
12 65 155 0.0299401197605 0 
12 47 44 0.0 0 
3 29 139 0.0 0 
11 61 43 0.0 0 
22 89 265 0.00696864111498 0 
14 71 159 0.0404624277457 0 
21 121 135 0.0 0 
6 28 441 0.0201342281879 0 
2 19 40 0.0 0 
13 65 347 0.00277777777778 0 
6 29 20 0.0 0 
7 41 135 0.0 0 
7 46 280 0.0209059233449 0 
7 39 189 0.00510204081633 0 
13 59 319 0.0 0 
16 69 167 0.0109289617486 0 
10 53 147 0.0 0 
12 65 248 0.00769230769231 0 
12 58 111 0.0 0 
2 15 74 0.0 0 
17 82 138 0.00645161290323 0 
18 91 405 0.00472813238771 0 
22 96 374 0.0151515151515 0 
17 92 339 0.00280898876404 0 
15 70 127 0.0140845070423 0 
8 36 201 0.0143540669856 0 
11 58 157 0.0238095238095 0 
13 71 0 0.0 0 
27 150 180 0.0048309178744 0 
6 36 105 0.0810810810811 0 
5 22 236 0.0 0 
6 40 91 0.020618556701 0 
6 37 63 0.0289855072464 0 
2 7 26 0.0 0 
3 22 130 0.00751879699248 0 
5 31 83 0.0 0 
11 70 470 0.010395010395 0 
4 29 122 0.0 0 
7 41 35 0.0 0 
14 78 58 0.0 0 
6 38 188 0.0257731958763 0 
12 57 42 0.0 0 
8 39 123 0.0381679389313 0 
6 33 102 0.0 0 
30 148 85 0.00869565217391 0 
10 56 70 0.0 0 
7 30 61 0.0 0 
13 62 235 0.0 0 
7 27 485 0.00609756097561 0 
11 41 292 0.00990099009901 0 
6 32 37 0.0 0 
6 34 142 0.00675675675676 0 
11 42 102 0.00884955752212 0 
2 16 37 0.0 0 
4 42 37 0.0 0 
15 95 211 0.00884955752212 0 
8 40 27 0.0 0 
17 87 206 0.0 0 
8 41 23 0.0 0 
19 102 81 0.0 0 
2 18 302 0.00986842105263 0 
14 60 123 0.00729927007299 0 
6 37 63 0.0289855072464 0 
14 57 401 0.00963855421687 0 
9 47 91 0.02 0 
13 66 107 0.0 0 
19 89 105 0.0 0 
20 92 307 0.0 0 
12 61 218 0.0130434782609 0 
10 51 28 0.0 0 
6 37 305 0.016077170418 0 
8 54 149 0.00636942675159 0 
12 51 108 0.0166666666667 0 
6 33 22 0.0 0 
5 34 174 0.0 0 
6 39 62 0.0 0 
18 86 171 0.0 0 
14 69 92 0.0188679245283 0 
10 49 100 0.0454545454545 0 
9 34 56 0.0153846153846 0 
13 70 197 0.0047619047619 0 
7 33 154 0.0 0 
10 59 281 0.0103092783505 0 
16 71 285 0.0 0 
15 69 74 0.0224719101124 0 
17 69 168 0.00540540540541 0 
4 19 88 0.0 0 
39 185 73 0.0 0 
12 69 376 0.00257731958763 0 
7 32 172 0.0 0 
15 105 62 0.0 0 
19 78 267 0.0034965034965 0 
7 42 51 0.0 0 
7 38 29 0.111111111111 0 
4 32 42 0.0 0 
20 128 142 0.00617283950617 0 
32 173 48 0.0125 0 
10 51 562 0.0034965034965 0 
7 43 57 0.0 0 
13 62 270 0.017667844523 0 
11 60 72 0.0120481927711 0 
11 69 14 0.0 0 
5 36 94 0.010101010101 0 
2 9 35 0.0540540540541 0 
21 101 14 0.0285714285714 0 
20 95 300 0.0 0 
9 51 30 0.0 0 
16 84 250 0.00751879699248 0 
21 96 12 0.0 0 
5 29 46 0.0 0 
5 30 227 0.00431034482759 0 
18 87 15 0.0 0 
18 95 43 0.0 0 
3 25 49 0.0 0 
11 59 102 0.0 0 
12 65 231 0.0082304526749 0 
10 64 193 0.00492610837438 0 
5 32 113 0.0 0 
5 27 63 0.0 0 
3 19 46 0.0 0 
16 74 69 0.0 0 
5 17 163 0.00595238095238 0 
27 130 31 0.0 0 
4 27 62 0.0 0 
12 49 67 0.0 0 
6 60 164 0.0 0 
14 61 176 0.0105263157895 0 
7 40 228 0.0 0 
10 56 175 0.0162162162162 0 
10 54 17 0.0 0 
12 58 144 0.025641025641 0 
22 146 89 0.0 0 
10 45 47 0.0 0 
16 62 259 0.0109090909091 0 
4 26 41 0.0 0 
6 34 112 0.00847457627119 0 
4 29 75 0.0 0 
11 69 154 0.0121212121212 0 
20 123 222 0.0165289256198 0 
8 29 241 0.00401606425703 0 
6 37 63 0.0289855072464 0 
12 63 116 0.0 0 
3 26 57 0.0166666666667 0 
13 55 51 0.0 0 
16 76 52 0.0294117647059 0 
11 58 104 0.0173913043478 0 
22 130 77 0.0 0 
9 49 88 0.0 0 
6 27 93 0.020202020202 0 
8 50 216 0.00892857142857 0 
9 49 94 0.0 0 
14 70 175 0.0 0 
12 76 44 0.0535714285714 0 
15 84 127 0.0985915492958 0 
16 66 365 0.00262467191601 0 
16 80 45 0.0 0 
4 27 200 0.00490196078431 0 
14 67 99 0.0 0 
20 132 68 0.0 0 
13 69 450 0.0 0 
8 52 119 0.0 0 
9 37 92 0.0 0 
4 30 22 0.0 0 
4 17 81 0.0 0 
6 28 40 0.0 0 
12 56 200 0.00471698113208 0 
6 35 18 0.0 0 
13 62 318 0.00302114803625 0 
8 49 60 0.0 0 
5 34 34 0.0 0 
5 19 40 0.0 0 
20 87 31 0.0 0 
12 50 323 0.0119402985075 0 
5 23 259 0.0113636363636 0 
11 55 219 0.0173913043478 0 
16 96 56 0.0277777777778 0 
12 57 189 0.0 0 
8 35 59 0.0 0 
19 102 45 0.0 0 
9 63 221 0.00869565217391 0 
12 72 188 0.005 0 
21 101 153 0.0 0 
8 50 221 0.0131004366812 0 
16 75 320 0.00297619047619 0 
12 61 115 0.0 0 
14 69 167 0.00552486187845 0 
9 50 427 0.00229357798165 0 
5 47 199 0.00490196078431 0 
11 62 27 0.0 0 
12 54 6 0.0 0 
9 63 326 0.00597014925373 0 
12 54 99 0.027027027027 0 
5 21 59 0.0 0 
7 44 31 0.0 0 
8 34 265 0.029304029304 0 
3 25 73 0.0 0 
15 81 237 0.00793650793651 0 
10 46 85 0.0105263157895 0 
9 43 248 0.00778210116732 0 
5 31 76 0.0 0 
14 77 0 0.142857142857 0 
7 45 53 0.0 0 
10 65 90 0.0 0 
15 83 0 0.0 0 
14 83 131 0.0 0 
8 38 43 0.0196078431373 0 
10 51 133 0.0 0 
8 51 17 0.0 0 
16 107 112 0.0 0 
8 50 33 0.0 0 
7 42 109 0.0 0 
14 73 23 0.0 0 
17 93 40 0.0175438596491 0 
16 82 100 0.00862068965517 0 
12 60 173 0.0162162162162 0 
16 82 56 0.0 0 
15 86 204 0.00456621004566 0 
10 70 148 0.0189873417722 0 
5 28 62 0.0 0 
15 66 230 0.0285714285714 0 
5 29 31 0.0 0 
8 47 26 0.0 0 
10 57 36 0.0 0 
6 19 136 0.0352112676056 0 
25 131 197 0.00900900900901 0 
14 56 126 0.0 0 
4 26 77 0.0 0 
17 83 46 0.0 0 
22 102 86 0.0 0 
9 37 408 0.0167865707434 0 
19 112 28 0.0212765957447 0 
16 73 64 0.0 0 
19 91 308 0.0244648318043 0 
20 89 57 0.0 0 
8 32 106 0.00877192982456 0 
15 87 47 0.0 0 
7 43 86 0.0 0 
13 59 379 0.0 0 
10 61 15 0.0 0 
26 148 61 0.0 0 
5 40 79 0.0238095238095 0 
7 29 128 0.0 0 
9 44 153 0.0 0 
5 40 79 0.0238095238095 0 
9 39 34 0.0697674418605 0 
15 87 135 0.0 0 
15 80 38 0.0 0 
6 25 136 0.0 0 
12 60 58 0.0285714285714 0 
5 25 35 0.0 0 
13 57 117 0.0 0 
3 18 67 0.0142857142857 0 
11 51 43 0.0185185185185 0 
5 35 24 0.0 0 
7 33 24 0.0 0 
9 48 97 0.0283018867925 0 
9 45 245 0.0 0 
13 62 75 0.0 0 
12 74 184 0.0 0 
13 62 46 0.0 0 
9 58 56 0.0 0 
5 18 40 0.0222222222222 0 
19 96 321 0.0147058823529 0 
17 76 167 0.0 0 
14 61 99 0.0 0 
3 28 40 0.0 0 
18 85 106 0.00806451612903 0 
7 29 29 0.0 0 
9 35 159 0.0 0 
9 46 43 0.0 0 
9 53 27 0.0277777777778 0 
18 83 116 0.0223880597015 0 
12 83 201 0.0093896713615 0 
2 20 44 0.0434782608696 0 
11 62 53 0.0 0 
6 37 63 0.0289855072464 0 
9 44 87 0.0416666666667 0 
10 54 34 0.0 0 
5 27 125 0.0 0 
16 84 17 0.0 0 
10 54 264 0.014598540146 0 
12 55 20 0.0 0 
5 20 52 0.0 0 
6 37 63 0.0289855072464 0 
9 61 264 0.00732600732601 0 
9 41 58 0.044776119403 0 
5 40 79 0.0238095238095 0 
9 55 295 0.0197368421053 0 
18 71 371 0.00514138817481 0 
6 39 26 0.0 0 
16 76 312 0.0365853658537 0 
14 73 92 0.0 0 
13 68 67 0.0 0 
17 77 38 0.0 0 
4 31 105 0.0183486238532 0 
11 56 624 0.00314960629921 0 
3 25 99 0.0 0 
4 34 30 0.0588235294118 0 
15 77 270 0.00350877192982 0 
13 74 28 0.0 0 
9 59 100 0.0183486238532 0 
6 42 87 0.0 0 
6 43 36 0.0 0 
8 52 1044 0.000950570342205 0 
21 81 93 0.00877192982456 0 
9 53 264 0.014652014652 0 
11 65 213 0.00446428571429 0 
4 42 131 0.0 0 
22 97 0 0.0 0 
8 49 95 0.0 0 
10 47 40 0.0 0 
6 37 63 0.0289855072464 0 
5 35 52 0.0 0 
17 93 41 0.0 0 
8 31 116 0.00806451612903 0 
26 116 261 0.0 0 
6 39 43 0.0 0 
15 82 7 0.0 0 
9 52 52 0.0 0 
11 65 42 0.0 0 
27 127 393 0.00714285714286 0 
15 75 223 0.0210084033613 0 
14 55 302 0.0189873417722 0 
12 76 50 0.0 0 
10 44 42 0.0192307692308 0 
7 29 314 0.0249221183801 0 
7 40 315 0.027950310559 0 
18 97 9 0.0 0 
10 52 106 0.0 0 
5 32 33 0.0 0 
9 46 83 0.0108695652174 0 
13 72 319 0.0421686746988 0 
4 28 127 0.0229007633588 0 
4 41 22 0.0 0 
4 29 28 0.0 0 
9 50 42 0.0 0 
13 80 8 0.047619047619 0 
6 38 141 0.00680272108844 0 
13 70 0 0.0 0 
13 52 55 0.0588235294118 0 
8 41 118 0.0 0 
7 42 46 0.0 0 
10 66 350 0.0388888888889 0 
10 40 390 0.0075 0 
4 29 243 0.0121457489879 0 
25 125 97 0.00819672131148 0 
20 93 131 0.0 0 
20 138 130 0.0 0 
21 89 116 0.0 0 
9 53 52 0.016393442623 0 
10 49 39 0.0 0 
16 82 47 0.0 0 
14 53 91 0.0 0 
12 47 630 0.0109034267913 0 
7 43 18 0.0 0 
9 46 17 0.0 0 
4 23 79 0.0 0 
5 28 49 0.0185185185185 0 
3 28 66 0.0 0 
10 44 195 0.00487804878049 0 
6 39 39 0.0 0 
15 49 146 0.0186335403727 0 
12 65 135 0.0136054421769 0 
12 55 18 0.0 0 
3 18 97 0.01 0 
15 100 66 0.0493827160494 0 
13 67 1638 0.0109024833434 0 
32 152 254 0.013986013986 0 
3 25 30 0.0 0 
13 71 156 0.0 0 
14 51 25 0.0 0 
10 41 113 0.0 0 
28 130 103 0.0 0 
4 30 69 0.013698630137 0 
14 72 53 0.0 0 
5 26 236 0.0124481327801 0 
16 74 88 0.00961538461538 0 
8 68 216 0.00446428571429 0 
7 45 49 0.0 0 
18 87 96 0.0 0 
8 42 110 0.0 0 
10 62 103 0.0353982300885 0 
11 56 144 0.0 0 
3 14 133 0.0147058823529 0 
7 54 128 0.0 0 
11 68 89 0.0 0 
4 22 71 0.0133333333333 0 
27 123 344 0.010781671159 0 
10 43 178 0.0 0 
9 49 67 0.0 0 
34 163 20 0.0 0 
5 34 411 0.00480769230769 0 
7 38 112 0.00840336134454 0 
6 37 59 0.0 0 
18 97 54 0.0 0 
4 34 171 0.0 0 
10 41 131 0.0 0 
11 49 176 0.00534759358289 0 
10 69 110 0.0166666666667 0 
15 88 81 0.0104166666667 0 
5 19 355 0.0166666666667 0 
5 29 37 0.0 0 
12 72 96 0.0277777777778 0 
9 44 92 0.0 0 
6 37 63 0.0289855072464 0 
4 26 34 0.0263157894737 0 
10 40 356 0.0109289617486 0 
7 23 192 0.00502512562814 0 
7 43 137 0.0 0 
17 67 120 0.029197080292 0 
18 98 78 0.0104166666667 0 
8 26 237 0.00816326530612 0 
6 26 35 0.0 0 
8 38 44 0.0 0 
4 33 74 0.0 0 
5 39 58 0.015873015873 0 
5 33 53 0.0 0 
5 27 186 0.0104712041885 0 
15 90 18 0.0 0 
7 32 65 0.0277777777778 0 
3 21 74 0.0 0 
5 34 140 0.00689655172414 0 
16 80 170 0.010752688172 0 
8 51 197 0.0 0 
2 13 163 0.0 0 
4 18 165 0.0177514792899 0 
22 108 0 0.0 0 
8 41 50 0.0 0 
10 63 90 0.0 0 
7 59 1013 0.000980392156863 0 
17 79 100 0.034188034188 0 
12 70 28 0.0 0 
14 75 65 0.0 0 
6 38 164 0.0 0 
5 37 75 0.0 0 
15 85 8 0.0 0 
10 57 20 0.0 0 
2 14 50 0.0 0 
6 40 91 0.020618556701 0 
8 38 86 0.0 0 
3 25 268 0.00738007380074 0 
5 42 136 0.00709219858156 0 
8 50 54 0.0 0 
3 14 341 0.165697674419 0 
8 36 81 0.0 0 
15 85 5 0.0 0 
15 93 474 0.0 0 
14 73 233 0.0080971659919 0 
8 42 121 0.0077519379845 0 
10 70 117 0.125984251969 0 
9 57 165 0.0 0 
9 41 162 0.0175438596491 0 
14 77 188 0.00990099009901 0 
8 27 137 0.0206896551724 0 
12 62 48 0.0 0 
6 42 31 0.108108108108 0 
11 47 200 0.00473933649289 0 
16 83 19 0.0 0 
18 78 255 0.018315018315 0 
9 63 297 0.016339869281 0 
3 17 91 0.0212765957447 0 
14 90 237 0.0 0 
28 100 16 0.0 0 
6 34 50 0.0 0 
43 210 47 0.0 0 
5 19 85 0.0 0 
13 69 43 0.0 0 
15 72 170 0.0 0 
9 42 27 0.0 0 
3 24 162 0.0242424242424 0 
5 31 63 0.0 0 
5 19 279 0.0105633802817 0 
10 67 40 0.0 0 
4 20 51 0.0 0 
3 25 60 0.0 0 
8 43 50 0.0 0 
9 66 145 0.0 0 
5 14 105 0.00909090909091 0 
18 84 158 0.0 0 
4 13 26 0.0 0 
17 66 34 0.0 0 
3 23 160 0.0122699386503 0 
45 202 213 0.0 0 
8 49 23 0.0645161290323 0 
17 82 183 0.045 0 
9 44 99 0.0 0 
14 75 26 0.0 0 
16 84 15 0.0 0 
4 25 42 0.0 0 
21 95 292 0.0191693290735 0 
8 53 143 0.0198675496689 0 
9 46 409 0.00239234449761 0 
3 25 111 0.0 0 
13 56 163 0.0 0 
5 19 334 0.00294985250737 0 
9 37 151 0.0 0 
10 55 265 0.00363636363636 0 
9 68 461 0.0063829787234 0 
5 36 101 0.0188679245283 0 
19 89 634 0.00459418070444 0 
17 89 39 0.0 0 
4 18 35 0.0 0 
7 53 106 0.0 0 
4 25 212 0.00462962962963 0 
10 53 23 0.030303030303 0 
9 47 66 0.04 0 
8 40 4 0.0 0 
10 68 80 0.0 0 
13 84 154 0.0059880239521 0 
26 135 291 0.00315457413249 0 
7 33 162 0.00591715976331 0 
14 78 133 0.0 0 
11 59 132 0.0 0 
4 35 35 0.0 0 
18 101 0 0.0 0 
20 117 101 0.0 0 
12 69 28 0.05 0 
6 35 183 0.010582010582 0 
13 83 208 0.00904977375566 0 
5 32 40 0.0222222222222 0 
7 38 245 0.0 0 
14 68 195 0.00478468899522 0 
12 61 105 0.0 0 
8 41 10 0.0 0 
4 18 70 0.0 0 
7 32 17 0.0 0 
7 28 83 0.0111111111111 0 
3 17 42 0.0 0 
14 70 99 0.00884955752212 0 
7 35 70 0.0 0 
8 42 267 0.00363636363636 0 
10 39 319 0.00607902735562 0 
5 35 91 0.0104166666667 0 
4 29 107 0.027027027027 0 
8 42 109 0.017094017094 0 
6 36 79 0.0235294117647 0 
11 60 179 0.00526315789474 0 
7 38 143 0.00666666666667 0 
15 69 184 0.0 0 
13 53 123 0.0 0 
25 123 164 0.037037037037 0 
13 58 252 0.011320754717 0 
7 39 125 0.0227272727273 0 
5 33 44 0.0 0 
9 47 108 0.0 0 
13 57 246 0.0 0 
13 74 27 0.0 0 
7 29 925 0.0 0 
9 40 13 0.0454545454545 0 
9 57 327 0.00297619047619 0 
7 44 47 0.0 0 
10 36 63 0.013698630137 0 
15 88 102 0.0 0 
9 55 48 0.0 0 
13 71 161 0.0459770114943 0 
4 30 68 0.0 0 
10 64 0 0.0 0 
7 44 597 0.0132450331126 0 
9 58 0 0.0 0 
10 54 99 0.0 0 
7 49 92 0.010101010101 0 
6 44 254 0.0846153846154 0 
4 19 0 0.25 0 
12 66 137 0.0134228187919 0 
14 81 155 0.0 0 
11 66 0 0.0 0 
20 98 58 0.025641025641 0 
7 49 27 0.0294117647059 0 
10 65 205 0.0279069767442 0 
8 52 28 0.0 0 
9 57 351 0.0527777777778 0 
20 100 388 0.0 0 
14 61 167 0.00552486187845 0 
11 53 36 0.0 0 
3 27 141 0.0208333333333 0 
2 22 158 0.0125 0 
21 96 0 0.0 0 
4 19 75 0.0 0 
9 64 156 0.0181818181818 0 
9 48 94 0.0 0 
5 31 45 0.0 0 
13 76 0 0.0 0 
5 29 40 0.0 0 
5 34 148 0.0 0 
14 57 0 0.0 0 
6 36 130 0.0 0 
11 53 65 0.0 0 
8 51 20 0.0 0 
38 277 0 0.0 0 
7 61 75 0.0121951219512 0 
9 57 78 0.0 0 
3 16 0 0.0 0 
18 103 10 0.0 0 
9 50 41 0.02 0 
3 24 241 0.0 0 
3 20 75 0.025641025641 0 
7 43 119 0.0 0 
23 118 0 0.0 0 
8 56 0 0.0 0 
4 27 73 0.012987012987 0 
10 50 0 0.2 0 
6 43 80 0.0581395348837 0 
11 61 290 0.00332225913621 0 
3 19 58 0.0 0 
9 39 41 0.02 0 
4 30 33 0.0 0 
5 31 99 0.0192307692308 0 
6 48 0 0.0 0 
3 19 0 0.0 0 
6 39 87 0.0 0 
8 42 112 0.025 0 
3 34 71 0.0 0 
3 20 120 0.0162601626016 0 
5 35 0 0.0 0 
8 53 0 0.0 0 
6 55 0 0.0 0 
12 79 212 0.00892857142857 0 
9 54 15 0.0 0 
17 79 133 0.0 0 
8 52 63 0.0 0 
2 18 48 0.0 0 
6 33 0 0.0 0 
15 78 113 0.0 0 
4 25 0 0.0 0 
13 75 231 0.0286885245902 0 
11 55 54 0.0 0 
6 41 72 0.025641025641 0 
6 45 272 0.00719424460432 0 
16 80 0 0.0 0 
11 64 0 0.0 0 
5 30 0 0.2 0 
13 73 17 0.0 0 
3 27 0 0.0 0 
9 59 0 0.111111111111 0 
8 35 0 0.0 0 
9 49 0 0.0 0 
9 44 208 0.073732718894 0 
5 32 25 0.0 0 
9 58 682 0.305354558611 0 
9 68 153 0.0246913580247 0 
6 26 116 0.0 0 
8 34 0 0.125 0 
12 75 134 0.013698630137 0 
8 49 117 0.008 0 
2 11 38 0.05 0 
6 38 447 0.0110375275938 0 
6 24 87 0.0 0 
7 38 133 0.0285714285714 0 
26 159 23 0.0 0 
22 132 0 0.0 0 
23 116 173 0.0 0 
9 60 209 0.0229357798165 0 
5 45 73 0.025641025641 0 
7 41 34 0.0 0 
14 97 0 0.0714285714286 0 
5 34 0 0.0 0 
14 120 46 0.0 0 
21 95 223 0.0122950819672 0 
9 57 141 0.0 0 
5 40 39 0.0227272727273 0 
5 32 338 0.0320699708455 0 
1 10 97 0.0204081632653 0 
4 26 80 0.0 0 
6 46 68 0.0 0 
3 28 72 0.0133333333333 0 
13 61 27 0.0 0 
3 28 28 0.0 0 
4 30 95 0.010101010101 0 
4 26 112 0.0 0 
8 43 106 0.0175438596491 0 
4 24 99 0.0 0 
3 17 0 0.0 0 
4 39 85 0.0 0 
11 78 6 0.0 0 
3 25 136 0.0215827338129 0 
18 109 48 0.030303030303 0 
5 22 54 0.0 0 
11 67 280 0.0 0 
20 122 0 0.05 0 
6 29 0 0.166666666667 0 
8 58 25 0.0 0 
3 27 64 0.0 0 
10 53 0 0.0 0 
14 67 35 0.0 0 
8 40 39 0.0 0 
4 26 30 0.0 0 
6 40 66 0.0 0 
12 62 0 0.0 0 
19 88 40 0.0 0 
25 134 0 0.0 0 
11 78 0 0.0 0 
3 17 26 0.0 0 
12 66 108 0.0 0 
9 51 0 0.0 0 
31 155 0 0.0 0 
16 104 0 0.0 0 
19 107 0 0.157894736842 0 
8 41 113 0.0 0 
2 14 0 0.0 0 
24 127 11 0.0571428571429 0 
15 113 0 0.0 0 
11 56 88 0.0707070707071 0 
11 63 0 0.0 0 
6 32 153 0.0188679245283 0 
5 27 25 0.0 0 
5 41 53 0.0 0 
5 37 74 0.0 0 
9 55 59 0.0 0 
12 65 6 0.0 0 
3 14 103 0.0188679245283 0 
22 119 3741 0.0207281424395 0 
7 41 155 0.00617283950617 0 
7 40 107 0.0263157894737 0 
10 66 0 0.0 0 
4 27 12 0.0 0 
7 45 0 0.0 0 
4 39 0 0.0 0 
7 47 131 0.0144927536232 0 
10 53 106 0.0775862068966 0 
11 85 320 0.0211480362538 0 
17 92 46 0.0 0 
9 44 74 0.0 0 
8 47 0 0.0 0 
15 85 117 0.0 0 
4 15 28 0.0 0 
10 49 0 0.1 0 
3 21 45 0.104166666667 0 
15 107 132 0.0544217687075 0 
5 30 129 0.044776119403 0 
7 35 23 0.0 0 
4 33 168 0.0 0 
8 43 106 0.0175438596491 0 
5 28 151 0.00641025641026 0 
13 83 21 0.0 0 
4 25 79 0.0602409638554 0 
12 72 158 0.0176470588235 0 
16 78 14 0.0 0 
8 54 436 0.018018018018 0 
9 51 59 0.0 0 
9 61 439 0.015625 0 
2 16 111 0.0 0 
14 88 22 0.0 0 
8 40 0 0.0 0 
10 48 0 0.0 0 
16 100 0 0.0 0 
7 44 0 0.0 0 
10 40 118 0.0078125 0 
9 71 78 0.0 0 
5 34 79 0.0 0 
6 47 0 0.0 0 
6 38 0 0.0 0 
11 63 96 0.0 0 
4 20 0 0.0 0 
9 51 47 0.0 0 
9 36 0 0.0 0 
19 94 137 0.0 0 
10 68 0 0.0 0 
3 19 104 0.0467289719626 0 
6 58 84 0.0 0 
3 19 111 0.0 0 
22 110 148 0.00588235294118 0 
6 37 144 0.0133333333333 0 
8 42 88 0.0208333333333 0 
8 55 95 0.0 0 
8 36 13 0.0 0 
8 44 160 0.0119047619048 0 
14 72 127 0.0 0 
12 66 10 0.0454545454545 0 
9 41 65 0.108108108108 0 
16 96 214 0.00869565217391 0 
12 76 60 0.0 0 
7 37 70 0.0 0 
4 24 125 0.031007751938 0 
4 45 130 0.0149253731343 0 
8 42 88 0.0208333333333 0 
11 44 239 0.0 0 
15 89 0 0.0 0 
20 112 62 0.0609756097561 0 
9 49 192 0.044776119403 0 
15 61 76 0.010989010989 0 
8 50 75 0.0 0 
8 47 0 0.0 0 
4 47 47 0.0 0 
7 30 0 0.0 0 
14 83 0 0.0 0 
15 83 0 0.0 0 
4 30 407 0.0 0 
10 54 85 0.0 0 
16 89 231 0.0121457489879 0 
10 63 110 0.0416666666667 0 
12 60 85 0.0103092783505 0 
41 258 0 0.0 0 
7 35 171 0.0112359550562 0 
5 40 36 0.0 0 
12 91 0 0.0 0 
7 35 0 0.0 0 
26 155 12 0.0 0 
18 98 471 0.0654396728016 0 
10 52 115 0.032 0 
17 102 198 0.0093023255814 0 
4 24 114 0.00847457627119 0 
11 58 36 0.0 0 
6 29 61 0.0149253731343 0 
8 52 203 0.0189573459716 0 
6 46 0 0.0 0 
9 59 70 0.0 0 
7 50 0 0.0 0 
12 73 91 0.0 0 
7 41 74 0.0 0 
11 76 0 0.0 0 
3 18 0 0.0 0 
4 22 120 0.00806451612903 0 
13 62 224 0.0675105485232 0 
4 20 0 0.0 0 
5 39 56 0.0 0 
13 79 480 0.0243407707911 0 
6 38 0 0.0 0 
16 97 105 0.0247933884298 0 
17 107 140 0.0 0 
15 77 44 0.0 0 
7 38 386 0.0 0 
10 79 0 0.1 0 
10 60 104 0.114035087719 0 
7 33 50 0.0 0 
27 155 240 0.0 0 
8 43 106 0.0175438596491 0 
3 27 88 0.0 0 
8 54 0 0.125 0 
8 52 169 0.00564971751412 0 
6 33 73 0.0 0 
13 67 76 0.0112359550562 0 
5 41 163 0.0357142857143 0 
9 55 194 0.0837438423645 0 
10 58 104 0.140350877193 0 
8 31 46 0.0 0 
8 43 39 0.0 0 
10 85 0 0.0 0 
30 166 0 0.0 0 
11 66 62 0.013698630137 0 
12 53 49 0.0 0 
15 106 22 0.027027027027 0 
15 93 20 0.0 0 
6 47 200 0.0194174757282 0 
4 33 131 0.0 0 
8 43 106 0.0175438596491 0 
7 43 78 0.0 0 
6 34 0 0.0 0 
7 38 0 0.0 0 
10 66 138 0.00675675675676 0 
14 82 131 0.0206896551724 0 
9 61 100 0.0 0 
7 35 271 0.0251798561151 0 
5 51 85 0.0111111111111 0 
23 129 6 0.0 0 
18 107 0 0.0 0 
5 39 93 0.030612244898 0 
42 287 0 0.0 0 
8 42 88 0.0208333333333 0 
15 66 29 0.0 0 
7 37 98 0.0 0 
7 43 137 0.0208333333333 0 
12 81 124 0.0220588235294 0 
8 58 395 0.00992555831266 0 
11 64 0 0.0 0 
3 22 58 0.0819672131148 0 
15 78 96 0.0 0 
4 29 55 0.0 0 
7 45 0 0.0 0 
15 88 0 0.0666666666667 0 
12 64 18 0.0 0 
9 49 106 0.00869565217391 0 
13 88 0 0.0 0 
5 42 59 0.0 0 
6 46 0 0.0 0 
20 114 186 0.0242718446602 0 
7 37 95 0.156862745098 0 
5 37 117 0.0327868852459 0 
4 24 163 0.0 0 
6 42 0 0.0 0 
48 259 0 0.0 0 
7 41 96 0.00970873786408 0 
8 48 48 0.0 0 
12 64 0 0.0 0 
8 59 130 0.0 0 
5 31 104 0.0183486238532 0 
7 31 231 0.0 0 
6 31 72 0.0128205128205 0 
13 88 0 0.0769230769231 0 
4 25 0 0.0 0 
8 63 90 0.0102040816327 0 
6 39 40 0.0 0 
7 39 184 0.0 0 
8 48 49 0.0 0 
5 35 74 0.0126582278481 0 
6 37 51 0.0 0 
16 79 104 0.0583333333333 0 
4 20 26 0.0 0 
3 26 68 0.0 0 
6 46 31 0.0 0 
5 29 22 0.0 0 
4 19 43 0.0 0 
5 39 107 0.0 0 
6 34 0 0.0 0 
3 21 0 0.0 0 
6 44 97 0.0 0 
9 36 32 0.0 0 
10 66 0 0.0 0 
5 41 39 0.0 0 
2 13 52 0.0 0 
9 48 82 0.0 0 
14 75 124 0.0289855072464 0 
5 40 123 0.0390625 0 
13 69 0 0.0 0 
13 71 0 0.0 0 
10 53 129 0.0287769784173 0 
3 32 19 0.0 0 
7 33 81 0.0113636363636 0 
17 104 31 0.0833333333333 0 
20 89 14 0.0 0 
18 99 88 0.0 0 
24 114 305 0.0121580547112 0 
7 35 172 0.0223463687151 0 
20 108 172 0.046875 0 
13 61 23 0.0 0 
9 60 0 0.0 0 
15 73 196 0.0 0 
11 58 0 0.0 0 
5 30 31 0.0 0 
3 19 29 0.0 0 
13 72 100 0.0176991150442 0 
7 53 77 0.0 0 
9 58 72 0.0 0 
11 55 77 0.0113636363636 0 
10 57 85 0.0 0 
7 65 0 0.0 0 
15 63 0 0.0666666666667 0 
12 74 107 0.0168067226891 0 
15 81 170 0.0216216216216 0 
4 25 52 0.0357142857143 0 
7 39 64 0.0 0 
10 57 153 0.00613496932515 0 
6 38 77 0.0 0 
8 62 0 0.0 0 
18 80 73 0.0769230769231 0 
2 17 106 0.0 0 
8 39 106 0.0 0 
3 22 379 0.0 0 
17 80 89 0.0 0 
7 36 40 0.0 0 
4 19 0 0.0 0 
12 75 0 0.0 0 
7 45 0 0.0 0 
5 25 82 0.0 0 
14 86 126 0.0142857142857 0 
4 17 31 0.0 0 
7 40 97 0.0 0 
11 49 78 0.0 0 
7 35 13 0.1 0 
43 198 0 0.046511627907 0 
10 65 0 0.0 0 
29 159 0 0.0344827586207 0 
10 54 173 0.0109289617486 0 
4 40 28 0.0 0 
3 18 168 0.00584795321637 0 
7 37 111 0.0 0 
3 15 76 0.0 0 
3 14 0 0.0 0 
8 38 21 0.0 0 
9 45 183 0.0364583333333 0 
21 148 0 0.0 0 
4 26 23 0.0 0 
6 31 63 0.0 0 
11 69 126 0.00729927007299 0 
35 152 50 0.0 0 
2 20 66 0.0 0 
17 115 0 0.0588235294118 0 
15 89 184 0.0150753768844 0 
8 43 106 0.0175438596491 0 
9 67 140 0.0201342281879 0 
5 33 174 0.0 0 
5 37 74 0.0126582278481 0 
5 27 109 0.0 0 
6 38 144 0.00666666666667 0 
13 76 0 0.0 0 
8 50 50 0.0 0 
5 35 77 0.0 0 
8 42 88 0.0208333333333 0 
8 40 0 0.0 0 
8 32 0 0.0 0 
8 41 0 0.0 0 
6 42 0 0.0 0 
5 45 37 0.047619047619 0 
13 95 0 0.0 0 
3 22 97 0.0 0 
22 129 131 0.0 0 
3 22 0 0.0 0 
5 33 125 0.0 0 
12 75 142 0.012987012987 0 
8 51 0 0.0 0 
3 17 85 0.0 0 
9 56 0 0.111111111111 0 
17 94 34 0.0 0 
11 59 64 0.0 0 
15 83 115 0.0153846153846 0 
7 46 104 0.00900900900901 0 
41 256 0 0.0 0 
4 25 109 0.0176991150442 0 
6 36 72 0.0 0 
5 49 0 0.0 0 
12 77 0 0.0 0 
16 89 100 0.0 0 
10 53 166 0.00568181818182 0 
3 24 115 0.0423728813559 0 
13 74 0 0.0 0 
20 103 171 0.0 0 
5 42 74 0.0 0 
16 83 97 0.00884955752212 0 
3 28 74 0.0 0 
8 48 50 0.0 0 
24 150 363 0.0077519379845 0 
7 49 46 0.0 0 
18 103 218 0.0 0 
3 28 84 0.0 0 
8 35 98 0.00943396226415 0 
6 35 81 0.0574712643678 0 
6 47 120 0.0 0 
30 142 0 0.1 0 
4 24 61 0.0 0 
10 53 248 0.0 0 
11 70 35 0.0 0 
17 98 135 0.0 0 
30 152 320 0.0 0 
3 32 169 0.0232558139535 0 
5 44 0 0.0 0 
7 36 135 0.0281690140845 0 
12 65 96 0.0185185185185 0 
7 29 99 0.0 0 
8 39 19 0.0 0 
6 41 0 0.0 0 
30 144 0 0.0 0 
5 33 65 0.0 0 
25 117 453 0.00418410041841 0 
11 50 93 0.0288461538462 0 
5 52 164 0.00591715976331 0 
21 126 48 0.0 0 
13 63 57 0.0142857142857 0 
20 130 0 0.05 0 
8 35 95 0.135922330097 0 
26 111 255 0.0213523131673 0 
11 55 177 0.0372340425532 0 
11 53 12 0.0 0 
16 88 153 0.0 0 
13 75 0 0.0 0 
10 49 187 0.0862944162437 0 
14 86 40 0.0 0 
2 18 175 0.0 0 
4 24 0 0.0 0 
7 37 135 0.0281690140845 0 
9 50 25 0.0 0 
8 41 108 0.0 0 
14 79 34 0.0 0 
11 56 0 0.0 0 
8 43 106 0.0175438596491 0 
8 57 75 0.0120481927711 0 
5 32 88 0.010752688172 0 
10 68 0 0.0 0 
18 98 31 0.0408163265306 0 
19 109 116 0.00740740740741 0 
7 49 228 0.00425531914894 0 
16 102 1219 0.00080971659919 0 
17 88 0 0.0588235294118 0 
6 33 102 0.0 0 
4 34 138 0.0 0 
6 33 52 0.0344827586207 0 
8 59 40 0.0 0 
7 47 249 0.00390625 0 
8 37 206 0.0327102803738 0 
5 32 67 0.0 0 
16 113 6 0.0 0 
11 53 0 0.0 0 
11 61 102 0.0176991150442 0 
6 45 0 0.0 0 
5 33 80 0.0 0 
4 30 10 0.0 0 
7 33 93 0.01 0 
8 37 50 0.0172413793103 0 
10 57 71 0.0 0 
16 77 67 0.0 0 
20 116 169 0.010582010582 0 
5 36 92 0.0309278350515 0 
11 65 35 0.0 0 
10 51 381 0.0102301790281 0 
8 41 115 0.0 0 
7 57 92 0.0 0 
3 19 114 0.0 0 
14 83 36 0.0 0 
29 161 50 0.0126582278481 0 
8 42 22 0.0 0 
13 93 0 0.0 0 
12 70 156 0.0178571428571 0 
14 70 475 0.0040899795501 0 
4 30 48 0.0 0 
17 72 229 0.0 0 
5 28 0 0.0 0 
4 19 133 0.00729927007299 0 
8 49 11 0.0 0 
6 36 351 0.0280112044818 0 
5 32 37 0.0 0 
11 62 49 0.0 0 
7 39 88 0.0210526315789 0 
8 64 273 0.0284697508897 0 
8 43 43 0.0 0 
8 49 51 0.0 0 
10 44 91 0.0 0 
12 72 46 0.0 0 
7 28 66 0.013698630137 0 
13 74 199 0.0141509433962 0 
11 63 82 0.0 0 
9 51 29 0.0 0 
11 35 54 0.0 0 
4 20 79 0.0240963855422 0 
6 36 74 0.025 0 
10 78 0 0.0 0 
9 55 177 0.0 0 
6 39 43 0.0408163265306 0 
3 18 55 0.0 0 
11 61 140 0.0927152317881 0 
9 61 36 0.0 0 
15 80 0 0.0 0 
12 77 134 0.0205479452055 0 
4 27 56 0.0 0 
18 98 0 0.0555555555556 0 
12 77 0 0.0 0 
5 24 181 0.010752688172 0 
11 75 60 0.0 0 
10 42 97 0.0747663551402 0 
4 31 177 0.00552486187845 0 
17 87 59 0.0 0 
2 19 0 0.0 0 
10 58 181 0.0 0 
11 66 0 0.0 0 
6 64 0 0.0 0 
4 27 20 0.0 0 
9 52 0 0.0 0 
16 96 94 0.0 0 
12 64 92 0.0 0 
11 54 81 0.0 0 
4 23 82 0.0 0 
2 15 165 0.0299401197605 0 
17 107 267 0.00352112676056 0 
10 49 0 0.0 0 
7 44 82 0.0 0 
19 120 105 0.0 0 
8 34 90 0.0 0 
10 72 0 0.1 0 
15 67 57 0.0 0 
14 69 0 0.0714285714286 0 
3 22 161 0.00609756097561 0 
3 30 51 0.0 0 
7 49 0 0.0 0 
4 24 222 0.0 0 
4 20 360 0.0 0 
12 54 366 0.031746031746 0 
12 64 169 0.0220994475138 0 
6 37 153 0.062893081761 0 
5 30 0 0.0 0 
9 40 155 0.0182926829268 0 
5 22 58 0.047619047619 0 
4 28 178 0.010989010989 0 
6 39 65 0.0 0 
7 48 0 0.0 0 
8 54 87 0.0 0 
10 81 625 0.0125984251969 0 
8 47 0 0.0 0 
5 29 42 0.0425531914894 0 
9 60 0 0.0 0 
8 48 24 0.0 0 
9 54 103 0.00892857142857 0 
5 33 25 0.0 0 
12 67 158 0.0235294117647 0 
29 174 44 0.0 0 
18 86 100 0.00847457627119 0 
20 90 222 0.0123966942149 0 
16 99 0 0.0 0 
8 45 0 0.0 0 
6 41 0 0.0 0 
12 69 18 0.0 0 
4 28 81 0.0352941176471 0 
4 27 0 0.0 0 
19 98 0 0.0 0 
11 57 0 0.0 0 
12 74 39 0.0 0 
6 35 0 0.0 0 
7 43 0 0.0 0 
11 84 214 0.0 0 
13 63 221 0.0 0 
8 38 177 0.0378378378378 0 
14 75 0 0.0 0 
7 48 0 0.142857142857 0 
17 81 57 0.0 0 
8 70 165 0.0115606936416 0 
6 54 0 0.0 0 
8 44 70 0.0 0 
2 14 88 0.0 0 
4 37 182 0.0161290322581 0 
3 22 118 0.0413223140496 0 
6 32 762 0.01953125 0 
17 85 139 0.0 0 
18 87 69 0.0 0 
8 59 81 0.0 0 
14 88 91 0.0 0 
4 30 108 0.0 0 
10 53 0 0.2 0 
5 22 81 0.0 0 
4 31 0 0.0 0 
6 43 70 0.0 0 
10 41 43 0.0 0 
19 97 265 0.0 0 
4 28 97 0.019801980198 0 
7 50 106 0.0 0 
7 39 55 0.112903225806 0 
4 26 78 0.0 0 
5 39 53 0.0 0 
13 82 75 0.0 0 
10 49 0 0.0 0 
3 23 44 0.0 0 
10 61 66 0.0 0 
8 35 0 0.125 0 
5 20 254 0.00772200772201 0 
9 52 0 0.0 0 
6 26 27 0.0 0 
11 52 50 0.0 0 
8 54 236 0.016393442623 0 
7 56 0 0.0 0 
5 31 89 0.031914893617 0 
4 21 156 0.0125 0 
3 19 0 0.0 0 
5 44 53 0.0 0 
7 67 64 0.0 0 
8 41 53 0.0 0 
16 91 0 0.0 0 
6 35 151 0.0 0 
3 20 268 0.00369003690037 0 
9 55 260 0.0557620817844 0 
5 27 140 0.048275862069 0 
10 44 96 0.0188679245283 0 
12 61 21 0.0 0 
8 64 0 0.125 0 
5 29 0 0.0 0 
9 50 74 0.0722891566265 0 
16 106 0 0.0 0 
10 53 0 0.0 0 
11 77 0 0.0 0 
7 32 44 0.0 0 
2 12 0 0.0 0 
10 66 36 0.0 0 
8 38 49 0.0 0 
20 86 45 0.0 0 
3 21 0 0.0 0 
8 54 258 0.00751879699248 0 
4 51 64 0.0147058823529 0 
9 39 96 0.0 0 
5 34 168 0.0578034682081 0 
12 73 105 0.0 0 
5 23 0 0.0 0 
11 43 14 0.0 0 
8 39 53 0.0 0 
6 43 154 0.0875 0 
11 69 0 0.0 0 
6 45 74 0.0 0 
7 29 84 0.0 0 
3 31 71 0.0 0 
18 86 30 0.0 0 
9 69 0 0.111111111111 0 
9 65 166 0.0 0 
10 67 298 0.0 0 
5 36 72 0.0 0 
9 59 0 0.0 0 
18 100 0 0.0555555555556 0 
3 30 86 0.0 0 
7 31 0 0.0 0 
14 78 135 0.0 0 
4 24 0 0.0 0 
4 19 91 0.0210526315789 0 
8 64 141 0.00671140939597 0 
19 88 111 0.0 0 
7 51 116 0.0 0 
13 66 205 0.0596330275229 0 
7 40 111 0.0 0 
6 39 101 0.00934579439252 0 
3 18 103 0.0 0 
1 4 35 0.0 0 
5 27 49 0.0 0 
6 40 0 0.0 0 
22 127 0 0.0909090909091 0 
11 68 0 0.0 0 
11 67 0 0.0 0 
8 34 98 0.0 0 
4 26 0 0.0 0 
13 68 90 0.00970873786408 0 
5 30 56 0.0 0 
13 86 110 0.00813008130081 0 
5 22 123 0.0078125 0 
13 83 12 0.0 0 
10 54 308 0.0062893081761 0 
5 26 70 0.0 0 
3 19 0 0.0 0 
7 42 61 0.0 0 
4 39 25 0.0 0 
13 53 0 0.153846153846 0 
5 38 0 0.0 0 
17 111 0 0.0 0 
4 26 408 0.0145631067961 0 
7 39 52 0.0 0 
13 59 159 0.0116279069767 0 
9 31 0 0.0 0 
7 47 111 0.0338983050847 0 
3 21 99 0.0 0 
58 296 0 0.0689655172414 0 
11 53 180 0.0314136125654 0 
5 27 85 0.0111111111111 0 
4 29 203 0.115942028986 0 
8 53 75 0.0 0 
5 42 23 0.0 0 
11 52 139 0.00666666666667 0 
16 88 41 0.0 0 
10 80 177 0.0 0 
17 91 0 0.0 0 
9 49 124 0.0 0 
10 52 0 0.0 0 
8 38 97 0.00952380952381 0 
7 29 54 0.0 0 
8 63 549 0.0197486535009 0 
7 34 78 0.0470588235294 0 
3 15 95 0.0 0 
16 97 190 0.0 0 
9 61 173 0.0164835164835 0 
8 35 0 0.0 0 
8 38 115 0.0162601626016 0 
44 283 0 0.0 0 
3 15 85 0.0 0 
23 124 0 0.0869565217391 0 
6 36 163 0.00591715976331 0 
16 85 0 0.0 0 
14 72 134 0.00675675675676 0 
4 26 48 0.0 0 
10 91 0 0.0 0 
11 73 64 0.0 0 
11 63 70 0.0 0 
13 89 126 0.0143884892086 0 
3 23 85 0.0113636363636 0 
14 100 0 0.0 0 
24 135 10 0.0294117647059 0 
7 37 107 0.0 0 
7 37 25 0.0 0 
15 66 43 0.0 0 
12 64 143 0.0 0 
4 21 0 0.0 0 
26 178 0 0.0 0 
14 77 0 0.0 0 
7 37 539 0.0 0 
12 62 39 0.0 0 
10 65 47 0.0 0 
5 18 60 0.0615384615385 0 
11 53 253 0.0189393939394 0 
9 47 64 0.013698630137 0 
6 43 0 0.0 0 
6 31 98 0.0288461538462 0 
5 35 155 0.04375 0 
5 34 182 0.0 0 
20 138 214 0.0 0 
9 50 117 0.0 0 
21 106 0 0.0 0 
30 189 0 0.0333333333333 0 
19 86 235 0.011811023622 0 
3 21 358 0.01108033241 0 
4 28 129 0.0526315789474 0 
6 48 237 0.0082304526749 0 
8 45 17 0.0 0 
5 42 309 0.0286624203822 0 
15 69 88 0.0 0 
14 89 21 0.0 0 
15 71 140 0.0 0 
5 24 18 0.0 0 
22 119 0 0.0 0 
9 63 36 0.0 0 
14 75 223 0.0042194092827 0 
3 22 63 0.0 0 
9 61 95 0.0 0 
8 46 165 0.0115606936416 0 
17 83 0 0.0 0 
12 62 0 0.0833333333333 0 
15 74 0 0.0 0 
7 42 189 0.030612244898 0 
9 58 0 0.111111111111 0 
7 37 60 0.0 0 
11 68 0 0.0 0 
5 40 47 0.0 0 
5 33 140 0.00689655172414 0 
6 47 14 0.0 0 
5 36 181 0.0322580645161 0 
8 49 107 0.0 0 
11 45 27 0.0 0 
12 72 0 0.0 0 
6 31 42 0.0 0 
5 31 77 0.0121951219512 0 
7 36 102 0.0 0 
14 85 213 0.00881057268722 0 
4 32 0 0.0 0 
28 161 0 0.0 0 
11 79 0 0.0 0 
8 42 88 0.0208333333333 0 
15 102 287 0.00993377483444 0 
16 98 224 0.0375 0 
31 195 0 0.0 0 
12 76 49 0.016393442623 0 
8 34 105 0.00884955752212 0 
5 35 50 0.0 0 
9 40 0 0.0 0 
56 290 0 0.125 0 
7 43 244 0.0 0 
13 69 18 0.0 0 
13 70 40 0.0 0 
17 86 66 0.0240963855422 0 
10 72 141 0.0264900662252 0 
26 116 9 0.0 0 
11 56 25 0.0 0 
13 63 25 0.0 0 
16 109 257 0.0 0 
6 40 0 0.333333333333 0 
3 21 312 0.00952380952381 0 
10 57 0 0.0 0 
7 46 0 0.0 0 
11 60 130 0.00709219858156 0 
14 73 0 0.0 0 
6 39 52 0.0 0 
11 67 128 0.0 0 
25 129 0 0.0 0 
14 79 0 0.0714285714286 0 
10 63 25 0.0 0 
28 154 0 0.0 0 
13 73 118 0.00763358778626 0 
5 26 292 0.026936026936 0 
14 59 0 0.0 0 
2 18 69 0.0 0 
18 115 0 0.0 0 
49 277 0 0.0408163265306 0 
10 61 0 0.0 0 
3 24 122 0.024 0 
11 51 118 0.0 0 
5 46 83 0.0 0 
10 63 0 0.0 0 
6 47 0 0.0 0 
4 24 45 0.0 0 
5 43 0 0.0 0 
5 26 51 0.0 0 
10 66 189 0.0150753768844 0 
8 45 0 0.0 0 
10 58 79 0.0 0 
2 12 181 0.0218579234973 0 
23 128 259 0.00354609929078 0 
11 65 126 0.0 0 
12 71 212 0.00446428571429 0 
7 49 102 0.0183486238532 0 
9 37 70 0.0126582278481 0 
8 53 329 0.0207715133531 0 
7 39 0 0.0 0 
3 25 37 0.0 0 
4 25 44 0.0 0 
14 91 0 0.142857142857 0 
12 56 83 0.0 0 
5 27 48 0.0377358490566 0 
15 72 156 0.0 0 
17 105 0 0.0 0 
12 86 88 0.07 0 
9 63 93 0.00980392156863 0 
9 58 0 0.0 0 
3 28 163 0.00602409638554 0 
8 42 88 0.0208333333333 0 
10 60 57 0.0 0 
7 33 100 0.0 0 
8 49 160 0.0 0 
3 20 0 0.0 0 
15 94 104 0.0168067226891 0 
19 93 0 0.0 0 
9 37 26 0.0571428571429 0 
10 53 78 0.0 0 
15 91 236 0.0 0 
10 46 164 0.0 0 
11 67 46 0.0 0 
14 75 0 0.0714285714286 0 
11 70 172 0.0 0 
3 20 0 0.0 0 
8 49 0 0.0 0 
6 40 286 0.013698630137 0 
14 81 0 0.0 0 
8 47 75 0.0120481927711 0 
3 15 18 0.0 0 
10 52 129 0.0 0 
16 84 32 0.0 0 
11 47 101 0.00892857142857 0 
12 73 154 0.0240963855422 0 
10 82 0 0.0 0 
7 53 71 0.0 0 
4 27 102 0.0 0 
16 73 42 0.0 0 
23 163 0 0.0434782608696 0 
14 81 0 0.0 0 
31 174 228 0.0 0 
8 43 106 0.0175438596491 0 
18 99 88 0.0188679245283 0 
13 65 60 0.027397260274 0 
5 37 0 0.0 0 
6 23 6 0.0 0 
4 26 0 0.0 0 
12 64 11 0.0 0 
8 47 70 0.025641025641 0 
9 43 0 0.0 0 
14 69 0 0.0 0 
6 32 216 0.0 0 
17 85 0 0.0 0 
1 16 11 0.0 0 
8 37 0 0.0 0 
2 11 0 0.0 0 
7 35 0 0.0 0 
8 51 7 0.0 0 
7 27 3 0.0 0 
2 11 0 0.0 0 
24 87 5 0.0 0 
3 20 0 0.0 0 
8 33 9 0.0 0 
18 107 0 0.0 0 
26 123 0 0.0384615384615 0 
4 21 0 0.25 0 
4 17 0 0.0 0 
12 46 4 0.0 0 
4 24 0 0.0 0 
10 52 7 0.0 0 
0 1 0 0 0 
7 34 3 0.0 0 
10 37 0 0.0 0 
3 15 0 0.0 0 
14 69 4 0.0 0 
2 8 0 0.0 0 
12 75 3 0.0 0 
8 46 6 0.0 0 
12 53 6 0.222222222222 0 
8 34 1 0.0 0 
7 40 0 0.0 0 
14 75 0 0.0 0 
10 49 1 0.0 0 
16 70 6 0.0 0 
9 39 8 0.0 0 
11 54 4 0.0 0 
6 21 3 0.0 0 
1 8 0 0.0 0 
7 34 0 0.0 0 
13 69 89 0.0 0 
10 54 8 0.0 0 
3 13 12 0.0 0 
14 61 0 0.0 0 
8 34 8 0.0 0 
13 72 11 0.0 0 
9 51 16 0.04 0 
7 32 3 0.0 0 
10 40 0 0.0 0 
14 67 0 0.0 0 
3 12 4 0.0 0 
4 18 1 0.0 0 
7 35 9 0.0 0 
2 18 69 0.0 0 
4 20 0 0.0 0 
1 7 22 0.0 0 
8 47 6 0.0 0 
13 70 12 0.0 0 
9 39 0 0.0 0 
2 6 25 0.0740740740741 0 
11 48 114 0.0 0 
12 45 6 0.0 0 
8 31 4 0.0 0 
5 25 0 0.0 0 
8 42 3 0.0 0 
4 23 45 0.0 0 
14 85 17 0.0 0 
9 46 3 0.0 0 
7 35 0 0.0 0 
7 33 4 0.0 0 
14 62 11 0.0 0 
9 62 0 0.0 0 
13 61 9 0.0 0 
11 52 0 0.0 0 
9 44 4 0.0 0 
9 38 2 0.0 0 
8 41 2 0.0 0 
2 13 0 0.0 0 
5 30 8 0.0 0 
11 56 82 0.0860215053763 0 
17 89 4 0.0 0 
2 8 0 0.0 0 
1 6 0 0.0 0 
13 55 0 0.0 0 
5 21 6 0.0 0 
8 35 324 0.00301204819277 0 
3 11 0 0.0 0 
13 62 5 0.0 0 
2 13 0 0.0 0 
5 26 6 0.0 0 
4 20 0 0.0 0 
5 27 38 0.0 0 
9 55 7 0.0 0 
19 81 0 0.0 0 
3 17 0 0.0 0 
2 9 0 0.0 0 
6 31 8 0.0 0 
14 69 6 0.0 0 
1 10 13 0.0 0 
5 34 3 0.0 0 
9 40 2 0.0 0 
5 25 0 0.0 0 
12 53 0 0.0 0 
7 44 0 0.0 0 
4 35 0 0.0 0 
7 40 0 0.0 0 
6 25 6 0.0 0 
6 24 3 0.0 0 
14 64 0 0.0 0 
15 70 0 0.0 0 
3 13 0 0.0 0 
7 35 0 0.0 0 
10 40 2 0.0 0 
5 23 0 0.0 0 
3 14 0 0.0 0 
10 49 6 0.0625 0 
3 17 0 0.0 0 
4 20 0 0.0 0 
7 33 0 0.0 0 
6 29 6 0.0 0 
4 15 214 0.0 0 
9 39 0 0.111111111111 0 
1 8 0 0.0 0 
8 43 7 0.0 0 
5 21 0 0.0 0 
7 37 6 0.0 0 
8 52 4 0.0 0 
9 52 6 0.0 0 
2 9 0 0.0 0 
9 47 43 0.0 0 
9 47 10 0.0 0 
3 18 0 0.0 0 
4 21 0 0.0 0 
16 65 8 0.0 0 
7 32 6 0.0 0 
4 21 6 0.0 0 
7 33 32 0.0 0 
12 62 2 0.0 0 
11 59 2 0.0 0 
6 22 6 0.0 0 
7 30 0 0.0 0 
8 40 9 0.0 0 
12 63 6 0.0 0 
10 53 6 0.0 0 
3 17 0 0.0 0 
5 26 6 0.0 0 
2 8 0 0.0 0 
8 33 51 0.0 0 
2 9 0 0.0 0 
4 18 0 0.0 0 
9 48 6 0.0 0 
9 51 1 0.0 0 
9 45 10 0.0 0 
7 39 0 0.0 0 
7 30 0 0.0 0 
11 54 6 0.0 0 
2 5 23 0.0 0 
2 10 0 0.0 0 
3 15 0 0.0 0 
8 41 7 0.0 0 
10 54 8 0.0 0 
9 41 4 0.0 0 
16 68 0 0.0 0 
9 39 2 0.0 0 
8 34 0 0.0 0 
2 17 5 0.0 0 
10 59 2 0.0 0 
6 41 5 0.0 0 
4 21 98 0.0 0 
16 75 6 0.0 0 
6 30 7 0.0 0 
9 49 2 0.0 0 
11 48 2 0.0 0 
6 28 54 0.0166666666667 0 
2 13 126 0.0 0 
11 46 0 0.0 0 
10 42 6 0.0 0 
13 63 12 0.0 0 
0 8 0 0 0 
15 65 6 0.0 0 
11 55 5 0.0 0 
2 12 0 0.0 0 
13 56 0 0.0 0 
16 71 7 0.0 0 
7 34 6 0.0 0 
6 39 0 0.0 0 
14 71 3 0.0 0 
7 25 2 0.0 0 
8 35 6 0.0 0 
6 32 26 0.0 0 
8 43 3 0.0 0 
12 65 17 0.0 0 
4 23 0 0.0 0 
8 40 0 0.0 0 
4 36 0 0.0 0 
4 15 6 0.0 0 
5 21 25 0.0 0 
18 97 0 0.0 0 
14 68 6 0.0 0 
13 68 2 0.0 0 
16 63 5 0.0 0 
7 46 3 0.0 0 
1 7 0 0.0 0 
8 35 6 0.0 0 
6 32 0 0.0 0 
7 35 0 0.0 0 
3 15 0 0.0 0 
2 10 0 0.0 0 
6 28 0 0.0 0 
2 12 0 0.0 0 
11 49 6 0.0 0 
4 16 0 0.0 0 
11 47 6 0.0 0 
8 34 13 0.0 0 
8 41 4 0.0 0 
3 16 0 0.0 0 
1 4 0 0.0 0 
12 65 0 0.0 0 
12 61 3 0.0 0 
10 44 11 0.047619047619 0 
6 29 0 0.0 0 
17 83 3 0.0 0 
2 9 28 0.0 0 
8 37 0 0.0 0 
1 4 0 0.0 0 
3 27 0 0.0 0 
14 58 7 0.0 0 
1 5 0 0.0 0 
9 51 7 0.0 0 
16 82 11 0.0 0 
2 10 0 0.0 0 
21 84 0 0.0 0 
11 51 22 0.0 0 
8 40 11 0.0526315789474 0 
15 73 3 0.0 0 
7 37 5 0.0 0 
2 14 0 0.0 0 
15 66 25 0.025 0 
8 34 1 0.0 0 
8 43 3 0.0 0 
5 17 13 0.0 0 
11 50 44 0.0 0 
2 4 0 0.0 0 
9 47 2 0.0 0 
5 23 0 0.0 0 
14 62 4 0.0 0 
7 22 0 0.0 0 
3 24 0 0.0 0 
4 18 0 0.0 0 
5 27 0 0.0 0 
6 36 10 0.0 0 
8 41 76 0.0238095238095 0 
6 34 0 0.0 0 
20 113 253 0.0 0 
10 53 4 0.0 0 
9 42 6 0.0 0 
4 22 0 0.0 0 
17 74 4 0.0 0 
3 12 0 0.0 0 
16 91 37 0.0 0 
4 15 0 0.0 0 
12 57 5 0.0 0 
4 21 11 0.0 0 
6 26 0 0.0 0 
7 34 0 0.0 0 
15 74 0 0.0 0 
9 52 7 0.0 0 
17 77 2 0.0 0 
27 130 7 0.0294117647059 0 
4 21 14 0.0555555555556 0 
5 21 0 0.0 0 
2 14 0 0.0 0 
10 54 0 0.0 0 
9 44 13 0.0 0 
5 24 25 0.0 0 
5 23 0 0.0 0 
4 17 15 0.0 0 
8 47 2 0.0 0 
13 75 15 0.0 0 
2 13 0 0.0 0 
8 47 8 0.0 0 
13 73 10 0.0 0 
15 75 0 0.0 0 
0 1 0 0 0 
0 5 17 0.0 0 
6 20 9 0.0 0 
17 84 5 0.0454545454545 0 
9 44 6 0.0 0 
10 58 4 0.0 0 
7 32 2 0.0 0 
14 77 0 0.0 0 
8 38 0 0.0 0 
10 49 7 0.0 0 
5 43 5 0.0 0 
13 66 4 0.0 0 
3 24 0 0.0 0 
15 71 5 0.0 0 
5 18 0 0.0 0 
5 23 0 0.0 0 
7 29 3 0.0 0 
11 58 6 0.0 0 
6 36 7 0.0769230769231 0 
1 3 0 0.0 0 
12 58 2 0.0 0 
2 9 0 0.0 0 
17 88 0 0.0 0 
5 25 0 0.0 0 
6 22 4 0.1 0 
11 53 3 0.0 0 
11 55 3 0.0 0 
7 34 0 0.0 0 
8 33 0 0.0 0 
8 46 0 0.0 0 
18 87 0 0.0 0 
4 26 23 0.0 0 
16 78 0 0.0 0 
5 17 0 0.0 0 
15 65 0 0.0 0 
13 67 2 0.0 0 
2 9 0 0.0 0 
8 34 2 0.0 0 
7 34 4 0.0 0 
9 44 7 0.0 0 
7 38 12 0.0 0 
5 25 0 0.0 0 
3 11 0 0.0 0 
6 33 6 0.0 0 
10 60 1 0.0 0 
9 48 0 0.0 0 
9 42 0 0.0 0 
10 50 6 0.0 0 
7 24 6 0.0 0 
11 54 0 0.0 0 
8 35 0 0.0 0 
10 46 0 0.0 0 
11 53 7 0.0 0 
11 51 12 0.0 0 
11 58 3 0.0 0 
11 41 3 0.0 0 
5 28 12 0.0 0 
3 19 131 0.0 0 
15 65 14 0.0 0 
9 40 2 0.0 0 
2 9 156 0.0253164556962 0 
13 72 0 0.0 0 
5 25 0 0.0 0 
5 24 0 0.0 0 
8 30 8 0.0 0 
13 65 6 0.0 0 
13 74 0 0.0 0 
11 55 1 0.0 0 
12 64 9 0.0 0 
15 56 4 0.0 0 
7 47 10 0.0 0 
4 30 0 0.0 0 
21 87 2 0.0 0 
7 35 0 0.0 0 
9 42 0 0.0 0 
16 73 8 0.0 0 
6 25 0 0.0 0 
6 34 83 0.0 0 
10 46 8 0.222222222222 0 
7 39 3 0.0 0 
3 16 0 0.0 0 
8 25 0 0.0 0 
7 41 6 0.0 0 
10 40 10 0.0 0 
3 15 0 0.0 0 
5 20 5 0.0 0 
7 32 3 0.0 0 
9 43 3 0.0 0 
17 70 8 0.0 0 
12 42 13 0.0 0 
15 70 7 0.0 0 
6 28 5 0.0 0 
16 79 3 0.0 0 
5 25 0 0.0 0 
8 41 4 0.0 0 
13 68 7 0.0 0 
9 44 5 0.0 0 
6 35 0 0.0 0 
6 22 4 0.0 0 
13 65 5 0.0 0 
16 78 2 0.0 0 
9 40 6 0.0 0 
12 60 15 0.0 0 
20 94 5 0.0 0 
14 69 0 0.0 0 
10 53 2 0.0 0 
10 47 6 0.0 0 
29 131 6 0.0 0 
8 37 5 0.0 0 
4 23 4 0.0 0 
15 57 0 0.0 0 
14 38 7 0.0 0 
6 34 15 0.0 0 
15 69 0 0.0 0 
5 27 46 0.0 0 
3 14 0 0.0 0 
11 49 11 0.0 0 
14 58 7 0.0 0 
1 11 0 0.0 0 
10 52 6 0.0 0 
8 49 9 0.0 0 
2 15 0 0.0 0 
13 55 7 0.0 0 
16 75 7 0.0 0 
6 27 4 0.0 0 
8 35 1 0.0 0 
9 37 0 0.0 0 
8 50 19 0.0 0 
1 4 0 0.0 0 
6 34 0 0.0 0 
10 53 7 0.0 0 
18 73 13 0.0 0 
13 68 6 0.0 0 
1 9 0 0.0 0 
10 45 0 0.0 0 
8 31 0 0.0 0 
2 9 0 0.0 0 
10 55 2 0.0 0 
9 45 0 0.0 0 
4 19 23 0.0 0 
8 35 8 0.0 0 
12 58 0 0.0 0 
20 99 26 0.0 0 
6 28 10 0.0 0 
1 6 0 0.0 0 
7 31 7 0.0 0 
10 52 39 0.0204081632653 0 
6 29 0 0.0 0 
9 47 0 0.0 0 
14 54 0 0.0 0 
12 70 0 0.0 0 
9 37 2 0.0 0 
8 33 7 0.0 0 
2 8 5 0.0 0 
7 42 3 0.0 0 
14 69 4 0.0 0 
16 90 0 0.0 0 
6 33 0 0.0 0 
11 44 0 0.0 0 
10 53 2 0.0 0 
11 54 0 0.0 0 
5 16 0 0.0 0 
6 27 5 0.0 0 
6 29 7 0.0 0 
9 44 53 0.0 0 
9 51 6 0.0 0 
3 15 6 0.0 0 
2 4 0 0.0 0 
10 48 6 0.0 0 
7 38 0 0.0 0 
9 39 5 0.0714285714286 0 
1 6 12 0.0 0 
3 18 0 0.0 0 
5 17 0 0.0 0 
3 16 0 0.0 0 
5 26 0 0.0 0 
15 80 65 0.0 0 
5 29 0 0.0 0 
9 47 4 0.0 0 
10 42 6 0.0 0 
10 38 3 0.0 0 
7 32 3 0.0 0 
13 62 10 0.0 0 
8 33 4 0.0 0 
6 34 4 0.0 0 
10 47 5 0.0666666666667 0 
6 32 2 0.0 0 
15 65 0 0.0 0 
19 73 0 0.0 0 
1 9 0 0.0 0 
15 68 1 0.0 0 
7 44 142 0.0 0 
8 40 4 0.0 0 
5 20 6 0.0 0 
1 8 0 0.0 0 
5 27 0 0.0 0 
3 17 8 0.0 0 
6 22 0 0.0 0 
9 51 6 0.0 0 
6 33 8 0.0 0 
7 29 0 0.0 0 
9 49 0 0.0 0 
11 47 21 0.0 0 
15 63 5 0.0 0 
8 45 0 0.0 0 
2 10 0 0.0 0 
6 30 5 0.0 0 
9 39 0 0.0 0 
8 42 5 0.0 0 
18 70 0 0.0 0 
6 24 3 0.0 0 
4 21 0 0.0 0 
2 13 0 0.0 0 
15 77 9 0.0 0 
17 94 10 0.0 0 
11 55 0 0.0 0 
11 54 2 0.0 0 
12 51 0 0.0 0 
17 73 4 0.0 0 
9 35 62 0.0 0 
9 46 0 0.0 0 
6 31 3 0.0 0 
8 51 0 0.0 0 
7 41 4 0.0 0 
7 31 4 0.0 0 
6 23 0 0.0 0 
10 46 7 0.0 0 
3 18 9 0.0 0 
9 41 8 0.0 0 
10 46 0 0.0 0 
10 58 5 0.0 0 
7 31 9 0.0 0 
20 86 0 0.0 0 
15 72 1 0.0 0 
12 48 3 0.0 0 
2 11 15 0.0 0 
5 42 5 0.0 0 
8 40 4 0.0 0 
9 41 0 0.0 0 
14 87 2 0.0 0 
11 41 3 0.0 0 
4 27 0 0.0 0 
6 34 6 0.0 0 
7 37 4 0.0 0 
10 59 7 0.0 0 
11 54 10 0.0 0 
16 59 0 0.0 0 
5 21 0 0.0 0 
6 22 0 0.0 0 
6 40 8 0.0 0 
13 61 10 0.0 0 
19 97 47 0.0 0 
1 5 0 0.0 0 
14 63 6 0.0 0 
6 26 22 0.0 0 
12 80 0 0.0 0 
8 31 0 0.0 0 
8 34 2 0.0 0 
1 8 0 0.0 0 
14 65 2 0.0 0 
6 37 7 0.0 0 
10 45 1 0.0 0 
8 32 1 0.0 0 
8 33 0 0.0 0 
2 8 17 0.0 0 
7 37 16 0.0 0 
2 11 26 0.0 0 
12 63 9 0.0 0 
4 19 44 0.0 0 
5 29 0 0.0 0 
0 9 2 0.0 0 
2 9 0 0.0 0 
4 10 0 0.0 0 
14 66 6 0.0 0 
2 10 0 0.0 0 
7 28 0 0.0 0 
17 92 3 0.0 0 
4 28 41 0.0222222222222 0 
5 24 0 0.0 0 
12 71 53 0.0 0 
24 120 35 0.0 0 
9 45 7 0.0 0 
10 50 2 0.0 0 
5 18 0 0.0 0 
2 8 0 0.0 0 
6 30 2 0.0 0 
8 43 9 0.0 0 
2 14 0 0.0 0 
2 11 11 0.0 0 
8 38 8 0.0 0 
9 39 3 0.0 0 
17 86 15 0.0 0 
9 36 3 0.0 0 
2 13 0 0.0 0 
10 57 1 0.0 0 
5 52 0 0.0 0 
1 7 0 0.0 0 
19 96 6 0.0 0 
8 33 3 0.0 0 
6 30 4 0.0 0 
6 33 0 0.0 0 
28 132 7 0.0 0 
9 41 4 0.0 0 
1 6 0 0.0 0 
5 34 0 0.0 0 
11 74 6 0.0 0 
6 46 0 0.0 0 
13 55 4 0.0 0 
3 23 0 0.0 0 
10 45 5 0.0 0 
1 9 5 0.0 0 
7 32 2 0.0 0 
2 8 239 0.0124481327801 0 
6 30 4 0.0 0 
22 76 11 0.242424242424 0 
16 70 3 0.0 0 
9 37 0 0.0 0 
2 7 0 0.0 0 
12 68 6 0.0 0 
11 55 36 0.0 0 
4 22 2 0.0 0 
7 35 4 0.0 0 
9 43 0 0.0 0 
9 37 7 0.0 0 
2 15 0 0.0 0 
13 61 2 0.0 0 
11 66 38 0.0408163265306 0 
4 26 0 0.0 0 
8 28 10 0.111111111111 0 
8 45 85 0.0 0 
5 34 0 0.0 0 
6 22 17 0.130434782609 0 
10 42 11 0.0 0 
4 17 49 0.0 0 
6 25 11 0.0 0 
4 21 0 0.0 0 
17 73 0 0.0 0 
9 39 12 0.0 0 
6 18 0 0.0 0 
8 35 0 0.0 0 
3 19 0 0.0 0 
8 30 3 0.0 0 
9 43 9 0.0 0 
7 40 8 0.0 0 
5 25 0 0.0 0 
7 45 3 0.0 0 
8 45 13 0.0 0 
15 74 3 0.0 0 
8 42 12 0.0 0 
2 14 0 0.0 0 
5 21 0 0.0 0 
6 29 0 0.0 0 
2 8 0 0.0 0 
9 36 1 0.0 0 
14 48 0 0.142857142857 0 
6 24 0 0.0 0 
2 7 0 0.0 0 
6 35 0 0.0 0 
11 58 6 0.0 0 
5 26 4 0.0 0 
10 41 3 0.0 0 
19 81 1 0.05 0 
8 38 9 0.0 0 
9 39 2 0.0 0 
15 72 5 0.0 0 
0 1 0 0 0 
5 21 0 0.2 0 
10 46 2 0.0 0 
10 59 9 0.0 0 
2 20 0 0.0 0 
9 45 4 0.0 0 
11 52 9 0.0 0 
12 55 0 0.0 0 
11 52 22 0.0 0 
4 20 8 0.0 0 
8 43 2 0.0 0 
28 131 0 0.0357142857143 0 
10 47 0 0.0 0 
12 52 7 0.0 0 
13 52 1 0.0 0 
14 66 7 0.0 0 
8 30 0 0.0 0 
10 50 3 0.0 0 
21 98 0 0.0 0 
16 84 5 0.0 0 
8 38 3 0.0 0 
8 42 2 0.0 0 
3 12 0 0.0 0 
14 61 1 0.0 0 
6 38 6 0.0 0 
16 93 0 0.0 0 
18 78 8 0.0 0 
9 40 0 0.0 0 
2 14 0 0.0 0 
55 270 0 0.0181818181818 0 
4 13 0 0.0 0 
9 46 0 0.0 0 
14 54 4 0.0 0 
9 43 3 0.0 0 
16 72 0 0.0 0 
5 22 0 0.0 0 
9 43 3 0.0 0 
17 72 4 0.0 0 
17 92 45 0.0 0 
8 46 5 0.0 0 
8 45 9 0.0 0 
11 57 3 0.0 0 
15 77 4 0.0 0 
4 21 0 0.0 0 
13 70 0 0.0 0 
11 53 6 0.0 0 
4 23 5 0.0 0 
18 112 8 0.0 0 
12 53 1 0.0 0 
9 41 12 0.0 0 
3 11 0 0.0 0 
4 29 0 0.0 0 
6 33 8 0.0 0 
8 45 10 0.0 0 
7 39 138 0.0 0 
8 34 4 0.0 0 
5 20 0 0.0 0 
7 32 4 0.0 0 
6 33 10 0.0 0 
2 6 0 0.0 0 
10 42 2 0.0 0 
21 103 10 0.0 0 
3 16 0 0.0 0 
6 31 13 0.0 0 
6 34 7 0.0 0 
8 35 1 0.0 0 
12 42 11 0.0 0 
12 61 5 0.0 0 
12 53 3 0.0 0 
6 40 4 0.0 0 
7 26 1 0.0 0 
28 167 3 0.0 0 
10 42 0 0.0 0 
1 7 0 0.0 0 
11 49 9 0.0 0 
2 7 0 0.0 0 
3 16 0 0.0 0 
8 32 71 0.0 0 
10 44 3 0.0 0 
11 54 0 0.0909090909091 0 
7 31 19 0.0 0 
5 20 8 0.0 0 
9 44 11 0.0 0 
13 57 1 0.0 0 
0 1 0 0 0 
2 9 0 0.0 0 
7 31 1 0.0 0 
13 63 4 0.0 0 
2 13 0 0.0 0 
6 35 0 0.0 0 
6 25 6 0.0 0 
19 84 0 0.0 0 
4 12 0 0.0 0 
8 44 0 0.0 0 
0 1 0 0 0 
6 22 6 0.0 0 
4 26 0 0.0 0 
9 47 123 0.030303030303 0 
3 18 14 0.0 0 
0 1 0 0 0 
7 41 12 0.0 0 
3 17 0 0.0 0 
10 43 20 0.0 0 
8 29 1 0.0 0 
16 89 5 0.0 0 
10 52 34 0.0 0 
9 37 0 0.0 0 
2 10 24 0.0 0 
7 29 3 0.0 0 
6 31 0 0.0 0 
5 18 0 0.0 0 
25 127 3 0.0 0 
7 33 7 0.0 0 
6 22 4 0.0 0 
5 23 15 0.0 0 
12 59 9 0.0 0 
9 47 57 0.0 0 
2 10 0 0.0 0 
11 52 0 0.0 0 
8 38 0 0.125 0 
6 38 0 0.0 0 
8 32 5 0.0 0 
7 34 6 0.0 0 
16 79 38 0.0 0 
6 31 0 0.0 0 
8 36 4 0.0 0 
12 56 0 0.0 0 
6 37 0 0.0 0 
15 74 5 0.0 0 
9 53 9 0.0 0 
5 26 0 0.0 0 
5 20 0 0.0 0 
10 49 0 0.0 0 
8 44 12 0.0 0 
12 61 8 0.0 0 
11 55 0 0.0 0 
14 71 5 0.0 0 
5 26 8 0.0 0 
6 28 550 0.0107913669065 0 
3 19 0 0.0 0 
13 57 6 0.0 0 
7 30 4 0.0 0 
13 57 6 0.0 0 
7 30 8 0.0 0 
10 68 0 0.0 0 
5 20 0 0.0 0 
7 28 2 0.111111111111 0 
12 51 3 0.0 0 
3 16 14 0.0 0 
12 61 12 0.0 0 
8 38 0 0.0 0 
9 47 7 0.0 0 
3 16 0 0.0 0 
13 60 34 0.0212765957447 0 
16 83 4 0.0 0 
9 51 2 0.0 0 
10 53 9 0.0 0 
10 38 2 0.0 0 
11 58 0 0.0 0 
12 56 5 0.0 0 
2 11 19 0.0 0 
3 13 0 0.0 0 
2 13 0 0.0 0 
0 2 0 0 0 
11 69 4 0.0 0 
8 42 0 0.0 0 
11 53 4 0.0 0 
8 35 2 0.0 0 
5 15 0 0.0 0 
2 13 0 0.0 0 
2 14 0 0.0 0 
17 74 5 0.0 0 
15 66 8 0.0 0 
7 34 2 0.0 0 
10 55 2 0.0 0 
11 52 5 0.0 0 
7 29 0 0.0 0 
6 22 0 0.0 0 
8 36 5 0.0 0 
7 39 0 0.0 0 
6 35 7 0.0 0 
7 41 0 0.0 0 
8 41 48 0.0 0 
2 21 0 0.0 0 
7 26 0 0.0 0 
5 13 32 0.0 0 
5 18 4 0.0 0 
10 46 8 0.0 0 
9 48 10 0.0526315789474 0 
9 50 0 0.0 0 
6 30 62 0.0 0 
6 30 0 0.0 0 
6 28 7 0.0 0 
7 37 8 0.0 0 
6 28 0 0.0 0 
4 16 0 0.0 0 
18 97 6 0.0 0 
4 17 0 0.0 0 
8 35 8 0.0 0 
5 19 0 0.0 0 
14 65 6 0.0 0 
4 24 0 0.0 0 
9 37 70 0.0 0 
10 48 7 0.0 0 
14 70 0 0.0 0 
9 40 2 0.0 0 
1 8 0 0.0 0 
3 21 5 0.0 0 
12 48 9 0.0 0 
5 23 0 0.0 0 
7 37 4 0.0 0 
8 40 130 0.0 0 
13 50 0 0.0 0 
2 12 0 0.0 0 
10 53 0 0.0 0 
5 18 8 0.0 0 
6 33 44 0.0 0 
10 38 5 0.0 0 
13 56 0 0.0 0 
2 12 0 0.0 0 
9 52 9 0.0 0 
5 22 0 0.0 0 
17 69 5 0.0 0 
1 8 0 0.0 0 
9 40 1 0.0 0 
8 46 0 0.125 0 
4 28 44 0.0 0 
9 54 3 0.0 0 
3 13 0 0.0 0 
6 26 0 0.0 0 
6 25 7 0.0 0 
14 72 9 0.0 0 
12 54 0 0.0 0 
12 56 4 0.0 0 
7 39 8 0.0 0 
3 12 9 0.0 0 
12 58 6 0.0 0 
10 56 44 0.0 0 
6 42 0 0.0 0 
3 18 0 0.0 0 
6 31 0 0.0 0 
6 23 0 0.333333333333 0 
9 50 8 0.0 0 
19 98 0 0.0 0 
13 66 0 0.0 0 
8 42 6 0.0 0 
3 17 0 0.0 0 
8 37 8 0.0 0 
11 52 0 0.0 0 
9 40 2 0.0 0 
19 85 0 0.0526315789474 0 
11 52 4 0.0 0 
2 8 0 0.0 0 
1 9 0 0.0 0 
2 8 0 0.0 0 
8 37 4 0.0 0 
13 50 0 0.0 0 
8 42 1 0.0 0 
12 52 5 0.0588235294118 0 
5 17 0 0.0 0 
3 12 20 0.0 0 
9 51 12 0.0 0 
10 42 18 0.0 0 
11 62 0 0.0 0 
4 29 26 0.0 0 
15 80 26 0.0 0 
6 33 0 0.0 0 
3 12 0 0.0 0 
3 19 44 0.0 0 
11 56 0 0.0 0 
25 114 0 0.0 0 
7 48 6 0.0 0 
2 9 0 0.0 0 
2 8 0 0.0 0 
9 47 8 0.0 0 
3 14 0 0.0 0 
14 67 11 0.0 0 
2 14 0 0.0 0 
13 64 14 0.0 0 
9 48 17 0.0 0 
7 42 38 0.0 0 
9 38 0 0.0 0 
11 64 0 0.0 0 
13 73 5 0.0 0 
7 33 68 0.0 0 
3 15 0 0.0 0 
14 68 21 0.0571428571429 0 
6 34 2 0.0 0 
4 31 0 0.0 0 
2 8 0 0.0 0 
14 68 6 0.0 0 
13 54 6 0.0 0 
10 46 3 0.0 0 
8 33 4 0.0 0 
7 30 149 0.0 0 
2 12 5 0.0 0 
7 30 4 0.0 0 
8 34 6 0.0 0 
2 13 94 0.0 0 
11 60 4 0.0 0 
5 28 0 0.0 0 
9 39 0 0.0 0 
9 42 5 0.0 0 
5 20 11 0.0 0 
31 150 4 0.0 0 
11 47 5 0.0 0 
3 23 0 0.0 0 
11 54 0 0.0 0 
7 32 2 0.0 0 
10 51 7 0.0 0 
13 83 11 0.0 0 
5 24 79 0.0 0 
6 28 0 0.0 0 
13 57 7 0.0 0 
6 33 0 0.0 0 
10 58 14 0.0 0 
7 31 1 0.0 0 
6 38 29 0.0 0 
7 43 148 0.00645161290323 0 
3 19 58 0.0 0 
6 45 63 0.0 0 
4 21 34 0.0 0 
10 47 30 0.0 0 
14 80 77 0.0 0 
8 45 229 0.0253164556962 0 
11 43 31 0.047619047619 0 
25 121 27 0.0 0 
7 52 102 0.0 0 
12 60 23 0.0 0 
14 69 43 0.0526315789474 0 
7 32 149 0.0448717948718 0 
3 23 65 0.0735294117647 0 
6 28 0 0.0 0 
6 39 79 0.0 0 
3 12 17 0.0 0 
9 49 13 0.0909090909091 0 
7 32 90 0.0103092783505 0 
6 35 70 0.118421052632 0 
7 47 94 0.0 0 
2 9 30 0.0 0 
5 21 74 0.0126582278481 0 
8 37 12 0.0 0 
5 35 43 0.0 0 
6 49 131 0.0 0 
9 46 49 0.0862068965517 0 
2 10 118 0.00833333333333 0 
3 17 92 0.0315789473684 0 
3 24 64 0.0 0 
16 75 0 0.125 0 
10 50 138 0.0 0 
15 72 105 0.0 0 
14 75 356 0.0189189189189 0 
11 65 449 0.00217391304348 0 
8 40 3 0.0 0 
8 41 30 0.0263157894737 0 
4 32 215 0.0593607305936 0 
6 28 39 0.0 0 
7 35 70 0.0 0 
4 19 10 0.0 0 
3 21 51 0.0 0 
10 38 4 0.0714285714286 0 
7 41 147 0.00649350649351 0 
4 18 75 0.0126582278481 0 
3 21 120 0.0406504065041 0 
9 41 47 0.0357142857143 0 
14 70 78 0.0 0 
6 32 0 0.333333333333 0 
3 10 28 0.0 0 
3 16 47 0.04 0 
4 16 51 0.0545454545455 0 
4 15 33 0.108108108108 0 
6 27 38 0.0227272727273 0 
8 37 90 0.112244897959 0 
11 46 32 0.0 0 
8 36 7 0.0 0 
6 37 51 0.0701754385965 0 
2 8 0 0.0 0 
6 26 43 0.0408163265306 0 
20 122 225 0.0612244897959 0 
6 27 0 0.0 0 
5 25 102 0.0 0 
6 33 81 0.0229885057471 0 
2 8 34 0.0 0 
5 22 68 0.027397260274 0 
11 74 302 0.073482428115 0 
29 125 12 0.0 0 
6 35 56 0.0806451612903 0 
3 17 29 0.0625 0 
9 48 106 0.00869565217391 0 
4 21 55 0.0338983050847 0 
16 84 97 0.0265486725664 0 
8 32 51 0.0 0 
12 69 0 0.0 0 
2 14 35 0.027027027027 0 
4 25 34 0.0 0 
10 49 85 0.0 0 
6 29 41 0.0 0 
11 55 65 0.25 0 
6 34 66 0.0 0 
5 21 0 0.0 0 
6 22 0 0.166666666667 0 
10 43 50 0.0333333333333 0 
9 47 94 0.0194174757282 0 
2 17 47 0.0 0 
4 16 166 0.0588235294118 0 
2 11 48 0.04 0 
3 17 32 0.0285714285714 0 
2 13 36 0.0 0 
8 56 139 0.0 0 
3 10 21 0.0 0 
3 14 63 0.0606060606061 0 
5 28 55 0.0166666666667 0 
5 27 0 0.0 0 
5 37 77 0.0487804878049 0 
13 59 110 0.0162601626016 0 
16 74 54 0.0428571428571 0 
4 23 6 0.0 0 
5 32 168 0.00578034682081 0 
3 17 46 0.0 0 
12 81 0 0.0 0 
6 31 28 0.0 0 
7 52 116 0.0 0 
3 16 26 0.0 0 
4 27 76 0.0125 0 
3 18 30 0.0 0 
4 23 27 0.0322580645161 0 
7 30 36 0.0 0 
6 34 42 0.0 0 
6 35 63 0.0 0 
3 15 44 0.0 0 
14 87 0 0.0 0 
15 67 55 0.0142857142857 0 
5 31 36 0.0 0 
14 69 0 0.0 0 
8 59 21 0.0689655172414 0 
12 57 158 0.0 0 
5 25 58 0.047619047619 0 
5 47 25 0.0 0 
10 55 21 0.0 0 
10 48 29 0.0 0 
4 22 64 0.0441176470588 0 
6 36 148 0.012987012987 0 
4 26 86 0.0222222222222 0 
12 64 48 0.0 0 
9 49 58 0.0 0 
9 58 30 0.025641025641 0 
8 42 65 0.041095890411 0 
5 28 17 0.0 0 
10 44 63 0.260273972603 0 
3 23 0 0.0 0 
3 14 63 0.0 0 
19 73 0 0.0 0 
8 35 33 0.0487804878049 0 
4 23 95 0.0505050505051 0 
4 29 104 0.0277777777778 0 
5 38 26 0.0 0 
4 15 21 0.04 0 
6 21 20 0.192307692308 0 
7 40 73 0.0375 0 
11 47 116 0.0393700787402 0 
4 22 35 0.0 0 
13 69 116 0.0077519379845 0 
11 56 73 0.0 0 
10 42 7 0.117647058824 0 
16 75 2 0.0 0 
18 85 0 0.111111111111 0 
6 33 60 0.0 0 
11 53 54 0.0 0 
6 31 27 0.0 0 
3 20 56 0.0 0 
5 29 25 0.0333333333333 0 
10 47 60 0.271428571429 0 
2 20 46 0.0 0 
3 19 45 0.0 0 
3 18 75 0.0 0 
2 16 30 0.0 0 
3 20 0 0.0 0 
2 10 0 0.0 0 
8 45 39 0.0212765957447 0 
16 79 25 0.0 0 
20 102 136 0.0128205128205 0 
6 35 46 0.0576923076923 0 
8 41 39 0.0 0 
5 16 19 0.0833333333333 0 
7 40 248 0.00392156862745 0 
26 130 0 0.0 0 
5 21 128 0.0375939849624 0 
10 48 35 0.0 0 
5 25 52 0.0175438596491 0 
9 52 106 0.0 0 
6 27 58 0.0 0 
6 30 118 0.0483870967742 0 
3 15 63 0.030303030303 0 
11 46 0 0.181818181818 0 
3 17 19 0.0909090909091 0 
9 40 53 0.0161290322581 0 
4 27 62 0.0606060606061 0 
3 21 30 0.0 0 
6 28 47 0.0 0 
8 39 116 0.0 0 
21 149 0 0.047619047619 0 
22 118 49 0.0281690140845 0 
12 102 46 0.0 0 
11 62 234 0.0204081632653 0 
6 26 46 0.0 0 
6 27 101 0.0373831775701 0 
7 29 91 0.0408163265306 0 
3 18 9 0.0 0 
7 46 0 0.0 0 
5 31 25 0.0 0 
4 17 27 0.0 0 
4 17 40 0.0454545454545 0 
7 28 61 0.0588235294118 0 
30 157 0 0.0 0 
13 77 0 0.0 0 
8 45 76 0.0119047619048 0 
11 56 3 0.0 0 
4 26 73 0.0 0 
11 49 22 0.030303030303 0 
8 56 169 0.00564971751412 0 
6 19 65 0.0422535211268 0 
12 51 62 0.256756756757 0 
8 34 64 0.0416666666667 0 
6 26 66 0.0277777777778 0 
4 26 43 0.0425531914894 0 
10 54 314 0.0185185185185 0 
8 42 192 0.005 0 
12 57 113 0.024 0 
10 49 45 0.0727272727273 0 
8 37 33 0.0487804878049 0 
4 15 103 0.130841121495 0 
8 59 129 0.00729927007299 0 
8 47 0 0.0 0 
3 15 43 0.0434782608696 0 
7 34 0 0.0 0 
6 35 129 0.0518518518519 0 
8 39 453 0.0694143167028 0 
8 45 44 0.0 0 
3 22 0 0.0 0 
3 28 71 0.0810810810811 0 
4 19 67 0.0 0 
6 26 120 0.0 0 
6 26 36 0.0 0 
2 14 45 0.0 0 
8 36 44 0.0 0 
8 50 20 0.0 0 
7 43 40 0.0 0 
6 39 0 0.0 0 
6 45 48 0.0185185185185 0 
8 40 206 0.0 0 
18 83 47 0.0461538461538 0 
12 50 435 0.0693512304251 0 
11 51 120 0.0534351145038 0 
8 49 0 0.0 0 
7 44 0 0.0 0 
4 33 42 0.0 0 
10 51 0 0.1 0 
8 36 31 0.0 0 
9 56 103 0.0 0 
8 33 20 0.0714285714286 0 
7 35 33 0.1 0 
4 22 60 0.03125 0 
14 65 30 0.0227272727273 0 
3 9 34 0.027027027027 0 
6 30 22 0.0714285714286 0 
14 82 0 0.0 0 
6 36 33 0.0 0 
10 47 26 0.0 0 
10 50 40 0.0 0 
5 28 23 0.0 0 
6 29 92 0.0 0 
4 20 28 0.03125 0 
8 32 120 0.0546875 0 
6 17 115 0.0 0 
2 13 39 0.0975609756098 0 
5 34 20 0.04 0 
4 18 38 0.0 0 
16 92 2 0.166666666667 0 
6 31 109 0.0 0 
10 49 13 0.0434782608696 0 
3 25 17 0.05 0 
2 8 60 0.0645161290323 0 
5 32 38 0.0 0 
7 31 20 0.0740740740741 0 
11 68 93 0.0 0 
15 78 0 0.0666666666667 0 
10 33 75 0.0 0 
10 57 0 0.0 0 
8 38 33 0.0 0 
4 15 54 0.0344827586207 0 
14 74 0 0.0714285714286 0 
5 31 93 0.0 0 
8 60 0 0.0 0 
6 45 82 0.0113636363636 0 
22 98 31 0.0943396226415 0 
13 56 23 0.0277777777778 0 
19 97 1 0.0 0 
1 8 53 0.0 0 
4 27 59 0.0634920634921 0 
3 17 37 0.0 0 
3 17 22 0.0 0 
2 7 25 0.037037037037 0 
6 40 111 0.0 0 
10 53 106 0.0 0 
10 44 59 0.246376811594 0 
7 32 41 0.0 0 
9 43 0 0.111111111111 0 
8 61 72 0.0125 0 
16 92 0 0.0 0 
4 32 165 0.0118343195266 0 
6 31 32 0.0 0 
13 60 55 0.147058823529 0 
10 37 90 0.07 0 
5 22 40 0.0 0 
8 40 38 0.0869565217391 0 
2 19 69 0.0 0 
15 95 91 0.0188679245283 0 
8 43 36 0.0 0 
9 41 0 0.0 0 
9 51 0 0.222222222222 0 
5 29 6 0.0 0 
11 78 0 0.0 0 
4 27 39 0.0697674418605 0 
5 21 19 0.0 0 
5 29 0 0.0 0 
9 52 102 0.0 0 
10 58 239 0.0 0 
5 34 74 0.0 0 
15 90 0 0.0 0 
15 75 150 0.0 0 
6 32 62 0.0 0 
14 74 15 0.0 0 
5 25 59 0.0 0 
11 52 165 0.0 0 
9 50 43 0.0 0 
3 12 91 0.0212765957447 0 
6 27 62 0.0 0 
2 8 66 0.0294117647059 0 
4 44 44 0.0 0 
9 66 101 0.00909090909091 0 
22 112 0 0.0 0 
3 18 93 0.0416666666667 0 
5 20 30 0.0 0 
8 39 48 0.0 0 
2 10 18 0.0 0 
14 70 6 0.05 0 
5 33 25 0.0 0 
18 82 0 0.0555555555556 0 
7 42 82 0.0112359550562 0 
9 47 111 0.0666666666667 0 
14 59 0 0.142857142857 0 
6 33 16 0.0454545454545 0 
5 28 25 0.0 0 
12 54 53 0.0 0 
4 23 73 0.0649350649351 0 
6 34 45 0.0 0 
9 62 0 0.0 0 
7 27 28 0.0 0 
9 47 61 0.0 0 
3 16 108 0.0540540540541 0 
3 20 76 0.0 0 
15 74 57 0.0 0 
7 43 79 0.0348837209302 0 
2 4 22 0.0 0 
8 43 74 0.0 0 
5 33 95 0.03 0 
6 29 46 0.0 0 
14 66 6 0.05 0 
4 15 77 0.0617283950617 0 
3 19 39 0.047619047619 0 
8 53 53 0.0 0 
5 22 110 0.0 0 
10 39 146 0.0705128205128 0 
5 26 53 0.0344827586207 0 
6 20 35 0.0731707317073 0 
8 49 93 0.049504950495 0 
10 44 38 0.0625 0 
8 36 71 0.0 0 
2 8 14 0.0625 0 
9 41 68 0.012987012987 0 
7 31 8 0.0666666666667 0 
7 33 49 0.0535714285714 0 
7 51 0 0.0 0 
7 34 8 0.0 0 
13 58 10 0.130434782609 0 
10 58 54 0.03125 0 
5 34 133 0.0 0 
4 19 44 0.0625 0 
10 51 14 0.0 0 
6 23 32 0.0 0 
12 65 58 0.0 0 
3 18 287 0.00344827586207 0 
5 18 30 0.171428571429 0 
7 49 111 0.0 0 
4 29 99 0.126213592233 0 
14 61 0 0.0 0 
5 28 30 0.0 0 
9 41 45 0.0 0 
12 73 259 0.0147601476015 0 
5 40 80 0.0 0 
23 113 0 0.0869565217391 0 
6 22 39 0.0888888888889 0 
6 28 41 0.0 0 
11 58 102 0.0176991150442 0 
5 29 55 0.0166666666667 0 
3 20 51 0.0 0 
9 56 11 0.0 0 
12 69 48 0.0 0 
10 49 42 0.0 0 
7 32 0 0.0 0 
10 51 0 0.0 0 
5 21 137 0.0 0 
10 43 67 0.0 0 
9 58 147 0.0 0 
4 25 76 0.15 0 
4 14 115 0.0588235294118 0 
4 26 22 0.0 0 
6 29 58 0.0 0 
10 54 60 0.0 0 
9 43 81 0.0222222222222 0 
4 31 45 0.0 0 
7 39 51 0.0172413793103 0 
4 19 12 0.0 0 
8 46 84 0.0760869565217 0 
4 25 7 0.0 0 
4 39 58 0.0161290322581 0 
3 16 24 0.0 0 
3 22 101 0.0 0 
12 69 8 0.0 0 
3 19 110 0.0265486725664 0 
12 66 39 0.0 0 
6 40 120 0.047619047619 0 
5 31 145 0.02 0 
7 31 35 0.0238095238095 0 
2 8 60 0.0483870967742 0 
5 30 45 0.0 0 
4 17 0 0.0 0 
3 14 26 0.0344827586207 0 
5 28 19 0.0 0 
4 25 98 0.0588235294118 0 
3 24 38 0.0 0 
11 55 0 0.0 0 
9 45 57 0.0454545454545 0 
9 57 311 0.03125 0 
4 18 11 0.0666666666667 0 
11 39 89 0.0 0 
7 34 156 0.0674846625767 0 
14 74 0 0.0 0 
3 7 43 0.0434782608696 0 
2 11 104 0.0188679245283 0 
6 43 97 0.0 0 
7 44 0 0.0 0 
9 42 18 0.0 0 
15 74 166 0.0 0 
7 36 42 0.0 0 
36 226 0 0.0 0 
5 40 18 0.0 0 
10 50 25 0.0 0 
5 27 19 0.0 0 
10 47 12 0.0 0 
10 52 118 0.0 0 
7 40 28 0.0 0 
8 46 17 0.0 0 
8 45 51 0.0 0 
13 76 479 0.0 0 
4 29 81 0.0 0 
4 29 41 0.0 0 
2 9 23 0.0 0 
11 48 39 0.0 0 
7 40 208 0.0093023255814 0 
2 16 45 0.0425531914894 0 
8 41 50 0.0 0 
6 28 46 0.0 0 
4 16 72 0.118421052632 0 
8 49 0 0.0 0 
10 54 79 0.0112359550562 0 
8 43 68 0.0 0 
3 19 34 0.0 0 
6 35 14 0.05 0 
8 51 0 0.0 0 
3 21 36 0.0 0 
3 20 77 0.0125 0 
13 68 0 0.0769230769231 0 
9 55 94 0.0 0 
14 63 23 0.0 0 
7 36 59 0.0909090909091 0 
7 24 53 0.0 0 
13 46 24 0.108108108108 0 
11 59 0 0.0909090909091 0 
8 39 18 0.0 0 
2 9 34 0.0555555555556 0 
6 41 43 0.0204081632653 0 
16 83 0 0.0 0 
3 10 50 0.0 0 
6 34 0 0.333333333333 0 
5 30 30 0.0285714285714 0 
7 48 37 0.0227272727273 0 
9 37 41 0.06 0 
3 16 78 0.0246913580247 0 
6 26 0 0.0 0 
4 20 114 0.0762711864407 0 
7 50 54 0.0 0 
2 7 56 0.0 0 
7 42 51 0.0 0 
8 51 38 0.0 0 
17 103 25 0.0 0 
7 28 112 0.0420168067227 0 
14 69 60 0.027027027027 0 
6 32 89 0.0842105263158 0 
2 16 127 0.031007751938 0 
4 27 173 0.0 0 
6 34 6 0.0 0 
7 44 115 0.00819672131148 0 
6 56 47 0.0566037735849 0 
7 35 42 0.0 0 
13 81 47 0.0 0 
13 68 0 0.0 0 
6 22 120 0.00793650793651 0 
3 27 63 0.0 0 
8 45 0 0.0 0 
16 66 53 0.0 0 
14 71 0 0.0714285714286 0 
4 16 101 0.0952380952381 0 
6 37 37 0.046511627907 0 
4 21 50 0.111111111111 0 
3 26 40 0.0 0 
6 34 73 0.0 0 
11 53 71 0.0243902439024 0 
11 80 100 0.0990990990991 0 
6 27 67 0.027397260274 0 
9 42 97 0.0188679245283 0 
9 42 48 0.122807017544 0 
16 78 36 0.0 0 
8 32 96 0.0192307692308 0 
16 55 116 0.0 0 
3 19 43 0.0 0 
3 19 260 0.00380228136882 0 
8 39 65 0.041095890411 0 
3 19 16 0.0526315789474 0 
6 37 0 0.0 0 
11 50 62 0.27397260274 0 
3 25 90 0.0 0 
5 41 106 0.00900900900901 0 
3 11 27 0.0 0 
5 26 30 0.0 0 
3 20 47 0.0 0 
13 56 172 0.0540540540541 0 
2 9 9 0.0909090909091 0 
19 84 81 0.0 0 
7 41 55 0.0645161290323 0 
11 51 65 0.263157894737 0 
5 28 97 0.0196078431373 0 
10 50 33 0.0232558139535 0 
4 21 28 0.0625 0 
2 20 47 0.0408163265306 0 
31 189 218 0.0522088353414 0 
5 30 56 0.0 0 
5 21 95 0.06 0 
3 22 19 0.0909090909091 0 
5 30 32 0.0810810810811 0 
7 35 102 0.0183486238532 0 
4 26 0 0.0 0 
4 27 57 0.0327868852459 0 
5 18 39 0.0227272727273 0 
2 11 49 0.0 0 
12 49 0 0.166666666667 0 
8 43 0 0.0 0 
5 29 75 0.0 0 
7 39 34 0.0243902439024 0 
16 76 53 0.0 0 
13 72 0 0.0769230769231 0 
3 21 14 0.0 0 
4 19 121 0.0 0 
9 47 2 0.181818181818 0 
7 40 39 0.0 0 
10 57 70 0.0 0 
6 34 20 0.153846153846 0 
16 94 112 0.046875 0 
38 179 496 0.0205992509363 0 
9 55 31 0.025 0 
30 131 118 0.0135135135135 0 
6 27 28 0.0588235294118 0 
11 54 52 0.047619047619 0 
14 63 9 0.0434782608696 0 
7 42 55 0.0 0 
5 20 51 0.0178571428571 0 
4 28 76 0.075 0 
4 17 29 0.0 0 
7 29 8 0.2 0 
4 21 27 0.0645161290323 0 
5 30 56 0.0327868852459 0 
17 82 44 0.0 0 
8 40 85 0.010752688172 0 
14 103 0 0.0714285714286 0 
5 19 49 0.0 0 
3 14 39 0.0 0 
7 24 28 0.0 0 
5 21 40 0.0888888888889 0 
6 34 45 0.0392156862745 0 
6 38 85 0.0989010989011 0 
6 20 12 0.0555555555556 0 
6 32 180 0.0 0 
5 29 89 0.0531914893617 0 
5 30 16 0.0 0 
20 87 66 0.0 0 
5 27 75 0.025 0 
5 38 53 0.0689655172414 0 
3 20 47 0.0 0 
9 57 39 0.0 0 
7 34 12 0.0 0 
5 20 11 0.3125 0 
4 10 12 0.0 0 
6 43 87 0.010752688172 0 
10 62 0 0.0 0 
7 37 3 0.1 0 
5 24 58 0.031746031746 0 
8 36 49 0.0175438596491 0 
6 29 67 0.027397260274 0 
3 14 29 0.15625 0 
3 14 91 0.0531914893617 0 
5 27 43 0.0416666666667 0 
5 29 19 0.0 0 
9 37 29 0.105263157895 0 
2 13 66 0.0 0 
5 25 39 0.0227272727273 0 
3 17 39 0.0 0 
13 74 83 0.0 0 
11 78 182 0.0103626943005 0 
3 16 46 0.0 0 
20 98 0 0.0 0 
5 23 77 0.0243902439024 0 
4 20 91 0.0 0 
9 40 28 0.108108108108 0 
9 62 11 0.1 0 
10 48 67 0.0 0 
4 23 32 0.0 0 
26 125 0 0.0 0 
15 71 10 0.0 0 
7 45 0 0.142857142857 0 
9 49 0 0.0 0 
9 32 85 0.0425531914894 0 
5 26 13 0.0 0 
4 21 26 0.0333333333333 0 
3 20 240 0.0 0 
4 19 25 0.0 0 
8 44 36 0.0 0 
4 15 24 0.0357142857143 0 
11 49 21 0.0 0 
14 79 73 0.0 0 
4 28 60 0.0 0 
2 14 24 0.0384615384615 0 
11 52 127 0.0144927536232 0 
3 16 43 0.0 0 
2 20 48 0.0 0 
6 33 43 0.0 0 
8 40 76 0.0357142857143 0 
7 39 91 0.0102040816327 0 
20 110 139 0.0251572327044 0 
4 16 14 0.0 0 
14 62 0 0.0 0 
11 51 85 0.03125 0 
2 8 40 0.0238095238095 0 
10 57 0 0.0 0 
7 38 50 0.0 0 
7 42 127 0.0373134328358 0 
7 41 37 0.0 0 
2 12 32 0.0294117647059 0 
5 29 176 0.0 0 
12 70 432 0.0653153153153 0 
4 24 108 0.0 0 
8 41 67 0.0 0 
13 81 20 0.030303030303 0 
5 23 65 0.0142857142857 0 
4 16 32 0.0 0 
17 101 177 0.0 0 
4 30 285 0.0103806228374 0 
11 55 18 0.0 0 
14 67 115 0.0232558139535 0 
9 42 47 0.0 0 
4 20 136 0.0428571428571 0 
18 84 78 0.114583333333 0 
3 23 228 0.030303030303 0 
11 58 0 0.0909090909091 0 
8 49 0 0.125 0 
7 32 41 0.0 0 
7 49 26 0.030303030303 0 
11 45 75 0.0 0 
10 47 57 0.238805970149 0 
7 36 0 0.0 0 
3 9 66 0.0144927536232 0 
2 5 0 0.0 0 
9 48 81 0.0 0 
5 25 45 0.02 0 
3 23 83 0.0116279069767 0 
5 31 41 0.0 0 
1 19 0 0.0 0 
2 12 24 0.0 0 
3 15 53 0.0 0 
6 37 36 0.0 0 
12 65 0 0.0 0 
9 51 46 0.0181818181818 0 
8 51 36 0.0 0 
9 41 50 0.0677966101695 0 
3 18 69 0.0 0 
10 74 64 0.0540540540541 0 
7 45 268 0.0290909090909 0 
3 20 26 0.0 0 
4 22 87 0.0 0 
9 41 132 0.0 0 
5 35 63 0.0 0 
9 49 38 0.0 0 
12 69 16 0.0357142857143 0 
1 4 0 0.0 0 
15 80 27 0.0238095238095 0 
4 18 78 0.0243902439024 0 
21 129 12 0.0 0 
9 49 41 0.04 0 
8 42 65 0.0 0 
4 25 56 0.0 0 
8 51 19 0.037037037037 0 
11 55 0 0.0 0 
16 86 12 0.0 0 
8 44 130 0.0579710144928 0 
6 33 0 0.0 0 
10 56 25 0.0 0 
9 52 0 0.0 0 
7 30 111 0.0 0 
13 65 130 0.0 0 
7 40 35 0.0 0 
6 36 0 0.0 0 
10 69 9 0.0526315789474 0 
7 43 149 0.0320512820513 0 
5 30 208 0.0 0 
4 27 14 0.0555555555556 0 
9 58 0 0.0 0 
4 24 35 0.025641025641 0 
6 36 0 0.0 0 
8 41 0 0.125 0 
8 47 0 0.0 0 
8 44 33 0.0243902439024 0 
3 20 38 0.0487804878049 0 
5 28 18 0.0 0 
7 49 53 0.0 0 
8 49 27 0.0 0 
4 15 72 0.0526315789474 0 
5 29 51 0.0 0 
6 34 62 0.0147058823529 0 
5 21 121 0.0396825396825 0 
5 24 27 0.0 0 
10 59 64 0.0 0 
5 18 51 0.0 0 
7 48 132 0.0575539568345 0 
11 81 100 0.036036036036 0 
13 60 17 0.1 0 
13 65 0 0.0769230769231 0 
6 26 126 0.0 0 
2 8 30 0.125 0 
6 28 55 0.147540983607 0 
3 20 89 0.0217391304348 0 
11 50 47 0.0 0 
3 32 295 0.0369127516779 0 
6 42 55 0.0327868852459 0 
4 26 78 0.0 0 
3 20 52 0.0 0 
8 41 36 0.0 0 
3 17 41 0.0454545454545 0 
9 38 6 0.0666666666667 0 
6 39 89 0.0842105263158 0 
2 9 53 0.0181818181818 0 
9 49 41 0.1 0 
11 49 64 0.253333333333 0 
11 61 83 0.0425531914894 0 
11 67 97 0.0185185185185 0 
8 39 13 0.0 0 
12 47 106 0.0169491525424 0 
4 24 24 0.0714285714286 0 
9 45 28 0.0540540540541 0 
6 28 24 0.0 0 
6 25 21 0.0 0 
11 66 0 0.0909090909091 0 
5 38 185 0.0368421052632 0 
4 20 57 0.016393442623 0 
7 41 51 0.0 0 
5 24 34 0.0 0 
5 25 55 0.0 0 
10 67 0 0.0 0 
5 36 71 0.0526315789474 0 
8 42 36 0.0 0 
5 25 0 0.0 0 
2 18 122 0.0 0 
6 28 92 0.030612244898 0 
10 63 41 0.0 0 
10 64 186 0.0 0 
11 58 11 0.181818181818 0 
4 27 84 0.0113636363636 0 
9 64 77 0.0116279069767 0 
3 19 25 0.0 0 
16 82 76 0.0 0 
4 27 24 0.0 0 
10 53 65 0.0 0 
10 76 0 0.0 0 
13 69 144 0.0 0 
3 16 57 0.0 0 
4 26 0 0.25 0 
10 53 54 0.09375 0 
11 48 32 0.046511627907 0 
3 15 0 0.0 0 
6 17 42 0.0833333333333 0 
11 49 55 0.0 0 
7 42 81 0.0113636363636 0 
1 7 63 0.015625 0 
9 45 29 0.0 0 
6 37 0 0.166666666667 0 
2 8 13 0.0666666666667 0 
3 17 61 0.046875 0 
3 30 62 0.0 0 
4 27 85 0.0 0 
9 50 171 0.00555555555556 0 
11 79 0 0.0 0 
2 15 80 0.0 0 
12 64 67 0.0 0 
10 39 184 0.0824742268041 0 
4 18 62 0.0 0 
6 37 707 0.0364656381487 0 
8 40 67 0.0666666666667 0 
5 31 22 0.0740740740741 0 
22 102 42 0.0 0 
4 25 33 0.0 0 
17 93 146 0.00613496932515 0 
7 36 46 0.169811320755 0 
9 44 33 0.047619047619 0 
7 29 16 0.0 0 
5 24 34 0.0 0 
15 97 118 0.00751879699248 0 
4 27 25 0.0 0 
2 9 25 0.0740740740741 0 
7 27 60 0.10447761194 0 
4 19 59 0.126984126984 0 
13 58 104 0.034188034188 0 
5 30 10 0.0 0 
8 30 22 0.0333333333333 0 
2 9 25 0.037037037037 0 
6 37 66 0.0277777777778 0 
10 71 15 0.0 0 
3 14 49 0.0769230769231 0 
56 265 0 0.0357142857143 0 
7 35 34 0.0 0 
7 44 164 0.0 0 
8 57 64 0.0416666666667 0 
3 14 40 0.0232558139535 0 
12 68 5 0.0 0 
2 13 31 0.121212121212 0 
17 114 0 0.0 0 
4 53 0 0.0 0 
6 32 96 0.0294117647059 0 
10 61 0 0.0 0 
6 44 12 0.0 0 
3 22 79 0.0243902439024 0 
13 62 40 0.0 0 
4 20 39 0.0 0 
6 39 40 0.0 0 
20 89 0 0.0 0 
12 56 48 0.05 0 
3 18 73 0.0 0 
5 22 144 0.0335570469799 0 
18 88 0 0.0 0 
8 52 0 0.0 0 
3 24 31 0.0294117647059 0 
7 38 4 0.0 0 
10 63 62 0.0 0 
4 15 43 0.127659574468 0 
7 34 35 0.0 0 
12 52 19 0.0322580645161 0 
14 81 0 0.0 0 
21 132 0 0.0 0 
11 45 97 0.0185185185185 0 
17 102 502 0.00770712909441 0 
7 46 24 0.0 0 
9 54 0 0.111111111111 0 
20 90 25 0.0 0 
6 34 58 0.015625 0 
9 45 0 0.0 0 
12 52 33 0.0 0 
9 40 5 0.0 0 
14 78 28 0.0 0 
4 29 47 0.0 0 
3 19 20 0.0434782608696 0 
4 13 53 0.0350877192982 0 
20 95 62 0.0 0 
15 103 0 0.0666666666667 0 
13 66 39 0.0576923076923 0 
14 72 78 0.0 0 
8 32 3 0.0 0 
4 18 73 0.0909090909091 0 
14 76 52 0.0606060606061 0 
5 24 84 0.0 0 
2 16 25 0.037037037037 0 
5 17 73 0.025641025641 0 
6 32 52 0.0172413793103 0 
13 73 25 0.157894736842 0 
9 46 56 0.0307692307692 0 
4 18 56 0.0666666666667 0 
6 39 5 0.0 0 
10 53 84 0.0106382978723 0 
10 52 38 0.0208333333333 0 
6 25 43 0.0612244897959 0 
21 105 0 0.0 0 
3 12 47 0.04 0 
6 43 130 0.0441176470588 0 
9 59 47 0.0 0 
2 9 27 0.0689655172414 0 
13 61 43 0.0178571428571 0 
6 28 49 0.0 0 
8 40 17 0.08 0 
5 20 263 0.0149253731343 0 
13 58 6 0.105263157895 0 
6 28 32 0.0789473684211 0 
8 36 37 0.111111111111 0 
14 72 12 0.115384615385 0 
2 14 21 0.0 0 
6 30 43 0.0 0 
4 30 173 0.0564971751412 0 
16 87 0 0.0625 0 
3 18 67 0.142857142857 0 
9 39 15 0.0416666666667 0 
2 11 25 0.037037037037 0 
14 65 27 0.0 0 
10 44 18 0.0 0 
5 29 57 0.0 0 
4 12 43 0.0 0 
15 87 55 0.0 0 
8 48 23 0.0 0 
9 56 148 0.0191082802548 0 
5 42 69 0.0810810810811 0 
7 34 103 0.118181818182 0 
10 45 32 0.0 0 
14 82 58 0.0138888888889 0 
5 41 220 0.0266666666667 0 
11 60 75 0.0116279069767 0 
4 22 84 0.0113636363636 0 
7 34 46 0.0 0 
4 18 26 0.0 0 
11 60 155 0.0180722891566 0 
33 181 147 0.0944444444444 0 
4 26 91 0.0947368421053 0 
7 34 69 0.0131578947368 0 
21 91 50 0.0281690140845 0 
5 25 32 0.0 0 
18 88 22 0.0 0 
15 76 58 0.0 0 
4 16 47 0.078431372549 0 
4 30 87 0.142857142857 0 
3 8 26 0.0689655172414 0 
17 109 215 0.00431034482759 0 
3 21 31 0.0 0 
17 76 0 0.0 0 
6 30 93 0.030303030303 0 
9 35 0 0.0 0 
6 43 72 0.0128205128205 0 
5 31 61 0.0606060606061 0 
16 84 0 0.0 0 
5 24 390 0.00253164556962 0 
3 19 27 0.0 0 
11 70 0 0.0 0 
5 18 69 0.0 0 
2 15 75 0.012987012987 0 
2 15 93 0.0 0 
27 123 0 0.0 0 
9 53 300 0.0 0 
5 23 78 0.0 0 
6 28 102 0.0555555555556 0 
15 74 20 0.0 0 
10 46 11 0.047619047619 0 
16 64 105 0.0 0 
10 53 0 0.1 0 
3 12 24 0.0 0 
11 58 47 0.0172413793103 0 
6 34 41 0.0212765957447 0 
3 16 56 0.0338983050847 0 
3 19 224 0.0440528634361 0 
11 54 116 0.0 0 
11 48 63 0.256756756757 0 
5 24 52 0.0 0 
4 14 19 0.0869565217391 0 
3 15 1269 0.00235849056604 0 
13 91 0 0.0 0 
7 46 0 0.428571428571 0 
3 17 102 0.0380952380952 0 
5 27 0 0.0 0 
2 8 0 0.0 0 
21 119 0 0.047619047619 0 
12 61 84 0.0104166666667 0 
2 7 28 0.0666666666667 0 
12 74 242 0.0314960629921 0 
10 61 72 0.0731707317073 0 
13 73 51 0.09375 0 
9 46 14 0.0869565217391 0 
7 34 57 0.015625 0 
7 41 86 0.0215053763441 0 
10 48 283 0.00682593856655 0 
9 64 83 0.0 0 
4 27 52 0.0 0 
8 35 12 0.0 0 
14 62 20 0.0294117647059 0 
9 48 130 0.0503597122302 0 
8 47 116 0.0 0 
9 48 83 0.0 0 
8 41 37 0.0 0 
9 32 38 0.0 0 
8 39 19 0.0 0 
8 34 32 0.0 0 
10 52 57 0.0597014925373 0 
11 74 0 0.0909090909091 0 
5 21 57 0.0 0 
9 33 62 0.0422535211268 0 
