50 0 0 0.0 0 
127 57 309 0.0 0 
81 177 961 0.0 0 
45 76 380 0.0232558139535 0 
73 48 290 0.0 0 
104 0 0 0.0 0 
15 38 205 0.0 0 
57 0 0 0.0 0 
70 0 0 0.333333333333 0 
132 91 513 0.0 0 
57 134 700 0.0 0 
30 54 291 0.0 0 
193 0 0 0.0 0 
72 57 287 0.0281690140845 0 
148 85 439 0.0 0 
86 43 226 0.0 0 
88 0 0 0.0 0 
39 80 427 0.0 0 
282 0 0 0.0185185185185 0 
21 38 208 0.0 0 
48 113 558 0.0 0 
73 0 0 0.0666666666667 0 
40 43 265 0.04 0 
87 99 535 0.0 0 
55 105 574 0.00892857142857 0 
52 29 167 0.0 0 
51 71 377 0.0487804878049 0 
88 44 242 0.0 0 
47 64 357 0.0138888888889 0 
83 113 610 0.0 0 
56 36 207 0.0 0 
108 152 767 0.0 0 
38 83 454 0.0 0 
34 106 660 0.0 0 
94 57 304 0.0 0 
40 49 246 0.0 0 
43 37 212 0.046511627907 0 
58 30 219 0.0 0 
71 117 661 0.0 0 
36 126 715 0.0 0 
97 583 3420 0.00501672240803 0 
92 43 219 0.0625 0 
38 0 0 0.0 0 
128 71 352 0.0 0 
77 139 735 0.0 0 
90 62 324 0.0 0 
38 57 306 0.0 0 
77 54 302 0.0597014925373 0 
14 173 884 0.0 0 
59 47 267 0.0 0 
36 0 0 0.0 0 
48 79 439 0.0 0 
81 100 530 0.0 0 
53 102 515 0.0263157894737 0 
68 0 0 0.0833333333333 0 
39 74 377 0.0 0 
137 84 397 0.0 0 
67 183 985 0.00510204081633 0 
52 0 0 0.0 0 
36 310 1462 0.012539184953 0 
38 48 237 0.0 0 
20 234 1313 0.0 0 
147 53 238 0.0 0 
42 195 1124 0.0150753768844 0 
53 0 0 0.0 0 
75 96 483 0.018018018018 0 
50 50 297 0.0 0 
50 77 442 0.0235294117647 0 
32 40 224 0.0217391304348 0 
43 77 420 0.0 0 
90 52 261 0.0 0 
40 88 521 0.0 0 
144 0 0 0.0 0 
59 77 428 0.0113636363636 0 
66 58 296 0.027397260274 0 
104 123 631 0.00689655172414 0 
37 61 316 0.0 0 
101 43 252 0.0 0 
42 97 598 0.0 0 
46 52 297 0.0 0 
34 0 0 0.0 0 
51 100 519 0.0 0 
47 0 0 0.0 0 
30 115 570 0.0 0 
41 48 242 0.0 0 
71 52 338 0.0 0 
35 58 281 0.0 0 
47 1846 10141 0.00701186623517 0 
52 97 556 0.0 0 
5 43 221 0.0 0 
264 0 0 0.0 0 
98 0 0 0.0555555555556 0 
39 163 911 0.0 0 
124 49 228 0.0 0 
76 130 714 0.00694444444444 0 
44 0 0 0.0 0 
62 0 0 0.0 0 
125 0 0 0.0 0 
61 116 576 0.0 0 
99 55 271 0.0 0 
81 0 0 0.0 0 
109 118 596 0.00719424460432 0 
43 149 793 0.0 0 
57 0 0 0.0 0 
68 36 205 0.0 0 
18 214 1119 0.0 0 
37 61 309 0.0144927536232 0 
44 286 1536 0.0135135135135 0 
55 137 677 0.0 0 
138 65 338 0.0 0 
37 65 345 0.0138888888889 0 
99 407 2090 0.0 0 
58 53 259 0.0 0 
79 47 264 0.0 0 
37 110 587 0.0 0 
113 178 986 0.015 0 
88 78 440 0.0 0 
26 0 0 0.0 0 
57 0 0 0.0 0 
67 0 0 0.0 0 
67 29 162 0.0238095238095 0 
90 0 0 0.0 0 
89 41 222 0.0 0 
186 104 533 0.00719424460432 0 
41 74 408 0.0 0 
25 49 274 0.0 0 
42 40 246 0.0 0 
96 71 388 0.0 0 
76 47 262 0.015625 0 
38 103 584 0.0 0 
58 52 313 0.0 0 
48 94 533 0.0 0 
84 78 404 0.0 0 
19 100 480 0.0384615384615 0 
40 65 303 0.0 0 
100 0 0 0.0 0 
24 55 284 0.0 0 
97 0 0 0.0 0 
60 75 406 0.0 0 
39 92 503 0.0102040816327 0 
79 77 442 0.0 0 
101 109 580 0.0 0 
41 93 504 0.0 0 
26 103 549 0.0 0 
125 64 345 0.0116279069767 0 
289 195 1101 0.00819672131148 0 
79 0 0 0.0769230769231 0 
80 61 345 0.0 0 
46 627 3697 0.0110236220472 0 
149 0 0 0.0 0 
55 0 0 0.0 0 
38 52 306 0.0172413793103 0 
134 0 0 0.0384615384615 0 
34 47 243 0.0 0 
37 38 204 0.0 0 
33 63 327 0.0 0 
111 81 448 0.00980392156863 0 
29 63 308 0.0 0 
37 382 2111 0.00257731958763 0 
96 0 0 0.0588235294118 0 
36 68 384 0.0 0 
105 132 706 0.00645161290323 0 
15 145 767 0.0 0 
62 50 260 0.03125 0 
89 60 293 0.0 0 
46 45 228 0.0 0 
47 0 0 0.0 0 
70 448 2472 0.00216919739696 0 
46 0 0 0.0 0 
43 267 1280 0.0108695652174 0 
98 57 342 0.0 0 
130 61 307 0.0 0 
44 154 784 0.0306748466258 0 
52 0 0 0.0 0 
61 85 457 0.0 0 
48 95 529 0.0 0 
57 52 293 0.0 0 
74 88 470 0.00970873786408 0 
37 65 327 0.0 0 
48 200 1097 0.0386473429952 0 
56 111 594 0.00819672131148 0 
34 96 486 0.0 0 
64 52 303 0.0 0 
75 60 351 0.0 0 
40 44 237 0.0196078431373 0 
71 60 315 0.0 0 
143 40 223 0.0 0 
48 170 853 0.0 0 
65 0 0 0.25 0 
15 39 210 0.0 0 
126 0 0 0.0588235294118 0 
88 60 344 0.0 0 
49 73 393 0.0 0 
36 116 599 0.016393442623 0 
20 39 224 0.0 0 
22 46 237 0.0 0 
47 65 364 0.0 0 
69 60 311 0.0 0 
161 43 214 0.0 0 
60 0 0 0.0 0 
59 68 344 0.0 0 
80 134 770 0.0135135135135 0 
24 442 2509 0.00224719101124 0 
54 0 0 0.0 0 
35 90 489 0.010101010101 0 
37 68 364 0.0 0 
47 102 538 0.0 0 
27 89 472 0.0 0 
66 39 209 0.0 0 
75 84 423 0.0102040816327 0 
40 60 310 0.0 0 
69 74 390 0.0 0 
26 96 504 0.0 0 
60 46 268 0.0 0 
42 86 475 0.0 0 
23 61 334 0.0 0 
53 235 1268 0.0 0 
24 89 454 0.0 0 
105 420 2065 0.00684931506849 0 
82 47 246 0.0 0 
88 157 872 0.0 0 
90 55 326 0.0 0 
74 38 214 0.0 0 
64 168 808 0.021978021978 0 
55 181 915 0.0105263157895 0 
39 64 340 0.0 0 
18 93 493 0.0 0 
111 0 0 0.0 0 
52 56 332 0.0153846153846 0 
55 0 0 0.222222222222 0 
21 0 0 0.0 0 
89 0 0 0.0 0 
74 72 401 0.0 0 
44 0 0 0.142857142857 0 
17 126 592 0.0 0 
300 0 0 0.0425531914894 0 
59 95 506 0.0 0 
81 0 0 0.0 0 
42 69 316 0.0 0 
19 43 214 0.0 0 
62 108 573 0.024 0 
89 114 656 0.0 0 
25 64 334 0.0 0 
62 76 387 0.0 0 
87 73 446 0.0 0 
68 71 326 0.0235294117647 0 
107 0 0 0.0 0 
58 68 375 0.0126582278481 0 
63 47 270 0.0 0 
60 57 305 0.0 0 
56 41 222 0.0 0 
65 92 520 0.0 0 
74 60 328 0.0 0 
41 106 547 0.00877192982456 0 
136 67 354 0.0 0 
44 86 507 0.0 0 
80 54 301 0.0 0 
148 167 962 0.0 0 
60 85 460 0.0 0 
39 0 0 0.0 0 
58 154 747 0.0 0 
65 70 358 0.0 0 
56 0 0 0.0 0 
45 105 565 0.0 0 
25 89 445 0.0212765957447 0 
58 39 186 0.0196078431373 0 
30 54 289 0.0 0 
105 702 3650 0.0166435506241 0 
73 54 302 0.0441176470588 0 
43 108 551 0.051724137931 0 
90 125 690 0.0141843971631 0 
37 155 808 0.0 0 
146 0 0 0.0714285714286 0 
71 0 0 0.0 0 
71 118 680 0.0 0 
90 84 457 0.0 0 
33 41 224 0.0217391304348 0 
14 54 278 0.0 0 
41 75 390 0.0 0 
76 41 215 0.0 0 
111 69 373 0.0 0 
26 96 518 0.0 0 
74 49 274 0.0 0 
138 117 602 0.0 0 
157 64 340 0.0 0 
72 70 455 0.0 0 
205 43 255 0.0 0 
40 292 1628 0.00666666666667 0 
16 39 214 0.0 0 
66 0 0 0.0 0 
65 0 0 0.0 0 
76 0 0 0.0 0 
54 0 0 0.0 0 
280 103 631 0.0 0 
42 45 246 0.0 0 
79 129 688 0.0 0 
122 42 242 0.0 0 
59 77 415 0.0 0 
41 40 194 0.0 0 
90 38 203 0.0181818181818 0 
30 51 248 0.0 0 
80 62 334 0.0 0 
62 0 0 0.0 0 
72 0 0 0.0 0 
103 59 361 0.0131578947368 0 
64 46 256 0.0350877192982 0 
226 0 0 0.0 0 
68 56 299 0.0289855072464 0 
97 44 235 0.0 0 
98 0 0 0.0 0 
18 44 243 0.0212765957447 0 
76 91 487 0.00961538461538 0 
81 63 380 0.0 0 
39 73 404 0.0 0 
77 0 0 0.0714285714286 0 
54 101 594 0.036036036036 0 
136 84 430 0.0 0 
231 89 515 0.0888888888889 0 
118 54 305 0.0 0 
61 252 1404 0.0 0 
64 40 214 0.0 0 
91 0 0 0.0 0 
36 526 2695 0.00560747663551 0 
85 0 0 0.0588235294118 0 
85 61 334 0.0 0 
136 0 0 0.0 0 
51 0 0 0.0 0 
68 0 0 0.0 0 
51 48 244 0.0175438596491 0 
189 0 0 0.0 0 
146 0 0 0.0357142857143 0 
122 95 467 0.00819672131148 0 
72 210 1121 0.0 0 
57 337 1785 0.0115273775216 0 
157 0 0 0.0689655172414 0 
160 85 459 0.0 0 
54 0 0 0.125 0 
43 37 212 0.046511627907 0 
87 0 0 0.0 0 
81 71 390 0.0240963855422 0 
126 56 281 0.0238095238095 0 
47 756 4412 0.00131233595801 0 
161 508 3065 0.0167910447761 0 
90 80 493 0.0 0 
12 39 207 0.046511627907 0 
15 0 0 0.0 0 
91 220 1203 0.00425531914894 0 
52 162 899 0.0 0 
78 58 292 0.0133333333333 0 
232 0 0 0.0222222222222 0 
114 303 1612 0.0030959752322 0 
49 38 215 0.0 0 
41 0 0 0.0 0 
35 0 0 0.166666666667 0 
60 0 0 0.153846153846 0 
66 0 0 0.0 0 
62 0 0 0.0 0 
43 103 524 0.0 0 
36 67 348 0.0 0 
12 46 255 0.0 0 
77 65 363 0.0 0 
55 117 627 0.0 0 
29 146 749 0.00649350649351 0 
65 87 487 0.0 0 
38 119 664 0.016 0 
25 75 392 0.0 0 
41 100 507 0.0 0 
177 126 683 0.012987012987 0 
29 65 380 0.0 0 
31 0 0 0.0 0 
108 32 155 0.0 0 
90 98 468 0.0 0 
120 90 445 0.0175438596491 0 
50 0 0 0.0 0 
37 0 0 0.142857142857 0 
72 73 420 0.0 0 
57 64 343 0.0135135135135 0 
43 51 296 0.05 0 
44 89 490 0.0 0 
64 70 338 0.0 0 
31 69 392 0.0 0 
85 39 197 0.0 0 
68 79 399 0.010989010989 0 
66 224 1232 0.0 0 
80 57 318 0.0405405405405 0 
136 189 987 0.00966183574879 0 
83 101 546 0.0 0 
82 70 367 0.0 0 
91 76 415 0.0 0 
28 51 276 0.0 0 
60 59 319 0.0 0 
123 263 1398 0.0 0 
30 54 341 0.0 0 
91 0 0 0.0 0 
15 57 295 0.0166666666667 0 
50 86 491 0.0 0 
82 63 350 0.0 0 
87 52 274 0.0149253731343 0 
60 61 322 0.0135135135135 0 
47 177 891 0.0108695652174 0 
89 152 732 0.00591715976331 0 
46 74 364 0.0243902439024 0 
86 42 219 0.0 0 
54 0 0 0.0 0 
36 210 1053 0.00462962962963 0 
26 39 205 0.0232558139535 0 
69 100 511 0.0 0 
290 98 588 0.0 0 
16 65 353 0.0 0 
70 52 277 0.0 0 
67 100 577 0.0 0 
80 88 484 0.0 0 
33 0 0 0.0 0 
25 0 0 0.0 0 
58 37 213 0.0212765957447 0 
60 40 221 0.0 0 
41 0 0 0.0 0 
28 75 387 0.0 0 
231 0 0 0.0 0 
34 54 297 0.0 0 
49 72 417 0.0 0 
56 51 261 0.0 0 
69 66 365 0.0121951219512 0 
33 50 241 0.0727272727273 0 
38 76 306 0.0113636363636 0 
76 43 215 0.0 0 
66 49 244 0.0 0 
50 106 581 0.0 0 
68 1090 6028 0.005444646098 0 
57 41 203 0.0 0 
74 41 212 0.0 0 
24 131 728 0.0 0 
30 55 280 0.0 0 
98 71 386 0.0 0 
60 80 365 0.0 0 
45 248 1198 0.0350194552529 0 
46 54 286 0.0 0 
85 60 288 0.038961038961 0 
85 75 374 0.0326086956522 0 
57 185 917 0.020725388601 0 
68 483 2685 0.0 0 
17 80 421 0.0243902439024 0 
47 255 1396 0.0227272727273 0 
112 58 331 0.0 0 
51 103 523 0.0350877192982 0 
61 51 302 0.0161290322581 0 
64 49 254 0.016393442623 0 
73 49 241 0.0 0 
63 54 284 0.0 0 
23 74 414 0.0 0 
60 42 277 0.0 0 
103 49 292 0.0 0 
38 0 0 0.0 0 
49 77 403 0.0344827586207 0 
51 52 287 0.016393442623 0 
29 60 313 0.015873015873 0 
43 37 212 0.046511627907 0 
89 0 0 0.0 0 
101 180 960 0.0 0 
78 105 578 0.0 0 
30 98 534 0.0 0 
58 58 320 0.0140845070423 0 
54 49 271 0.0 0 
109 0 0 0.117647058824 0 
45 207 1111 0.045871559633 0 
63 0 0 0.0 0 
32 80 424 0.0 0 
81 41 231 0.0 0 
62 0 0 0.0 0 
41 111 567 0.0409836065574 0 
81 20 108 0.0 0 
59 85 454 0.0 0 
72 156 907 0.0 0 
136 116 613 0.0277777777778 0 
35 30 203 0.0 0 
38 114 601 0.0 0 
67 0 0 0.0 0 
64 0 0 0.0909090909091 0 
22 0 0 0.25 0 
36 56 296 0.0 0 
58 43 221 0.0 0 
83 101 533 0.0169491525424 0 
34 54 278 0.0333333333333 0 
86 0 0 0.0 0 
106 57 260 0.0 0 
70 65 330 0.0 0 
102 70 342 0.0 0 
58 0 0 0.0 0 
36 86 448 0.0212765957447 0 
28 329 1786 0.0238805970149 0 
40 52 258 0.0 0 
52 0 0 0.0 0 
33 187 990 0.00520833333333 0 
46 99 496 0.00917431192661 0 
277 0 0 0.0227272727273 0 
105 141 758 0.0 0 
126 42 228 0.0 0 
65 117 627 0.0157480314961 0 
41 44 238 0.0 0 
90 54 266 0.0 0 
65 0 0 0.0909090909091 0 
63 0 0 0.0 0 
134 106 576 0.0078125 0 
63 50 250 0.0 0 
66 47 259 0.0 0 
44 110 632 0.0 0 
89 101 471 0.0172413793103 0 
88 132 811 0.0 0 
53 56 288 0.0 0 
61 62 289 0.0277777777778 0 
37 57 301 0.0 0 
93 0 0 0.0 0 
27 117 684 0.0409836065574 0 
107 62 273 0.0617283950617 0 
51 48 270 0.0 0 
36 176 919 0.0 0 
47 121 685 0.0 0 
58 138 771 0.00666666666667 0 
93 39 188 0.0 0 
43 72 467 0.0 0 
124 122 631 0.0 0 
38 64 365 0.0140845070423 0 
96 0 0 0.0 0 
70 49 288 0.0322580645161 0 
51 23 112 0.0 0 
87 0 0 0.142857142857 0 
120 83 440 0.0 0 
67 146 741 0.0127388535032 0 
79 66 369 0.0121951219512 0 
67 63 320 0.012987012987 0 
85 0 0 0.0 0 
43 37 212 0.046511627907 0 
58 66 332 0.0 0 
133 43 229 0.0 0 
256 143 788 0.0 0 
35 52 282 0.0 0 
37 0 0 0.0 0 
114 60 352 0.0 0 
79 16 107 0.0 0 
78 46 241 0.0 0 
48 55 298 0.0 0 
48 42 225 0.06 0 
53 350 2041 0.0 0 
117 143 719 0.0239520958084 0 
26 90 493 0.0 0 
41 60 336 0.0 0 
45 80 442 0.0112359550562 0 
50 168 888 0.0 0 
48 39 224 0.0 0 
152 26 123 0.0 0 
48 138 722 0.00675675675676 0 
73 96 477 0.0272727272727 0 
45 66 355 0.0 0 
90 46 250 0.0 0 
48 114 589 0.016393442623 0 
67 52 297 0.0 0 
28 138 760 0.0 0 
74 40 208 0.0 0 
37 98 479 0.00970873786408 0 
95 90 537 0.0 0 
31 55 265 0.0327868852459 0 
96 38 229 0.0 0 
132 0 0 0.0 0 
74 178 894 0.00518134715026 0 
42 39 250 0.0 0 
57 0 0 0.0 0 
60 71 382 0.0 0 
47 0 0 0.0 0 
42 90 398 0.0 0 
64 66 350 0.012987012987 0 
73 45 225 0.0 0 
157 0 0 0.1 0 
65 135 834 0.0 0 
55 124 626 0.0 0 
38 59 319 0.0 0 
49 0 0 0.0 0 
37 47 251 0.0188679245283 0 
39 75 418 0.0 0 
74 65 400 0.0 0 
27 41 212 0.0 0 
22 36 203 0.0 0 
68 0 0 0.0 0 
88 0 0 0.0 0 
41 55 297 0.0 0 
76 51 286 0.0 0 
113 50 302 0.0 0 
79 0 0 0.0 0 
18 48 223 0.0 0 
108 53 263 0.0135135135135 0 
57 245 1244 0.00787401574803 0 
80 109 729 0.0806451612903 0 
48 43 227 0.0 0 
104 0 0 0.0 0 
17 41 225 0.0 0 
76 74 419 0.0116279069767 0 
111 49 268 0.0 0 
31 86 423 0.0 0 
13 132 742 0.0 0 
32 239 1338 0.0245901639344 0 
106 0 0 0.0 0 
52 59 253 0.0 0 
39 69 366 0.0 0 
19 161 736 0.0243902439024 0 
58 117 592 0.0 0 
84 109 589 0.016 0 
23 210 1071 0.0140186915888 0 
96 5 18 0.0 0 
29 222 1101 0.0 0 
134 130 635 0.01875 0 
37 63 334 0.0289855072464 0 
64 0 0 0.0 0 
16 43 243 0.0 0 
105 104 598 0.0077519379845 0 
83 45 231 0.0 0 
45 198 954 0.0430622009569 0 
41 24 104 0.0 0 
33 49 246 0.0 0 
21 62 315 0.0 0 
26 70 330 0.0 0 
80 332 1994 0.0172413793103 0 
81 103 524 0.0 0 
47 92 462 0.0 0 
36 72 341 0.0 0 
53 220 1238 0.0130434782609 0 
39 83 424 0.0 0 
60 157 825 0.0119047619048 0 
37 41 211 0.0 0 
83 247 1301 0.0 0 
36 105 545 0.0810810810811 0 
21 40 205 0.0 0 
28 152 769 0.0 0 
116 17 86 0.0 0 
37 63 334 0.0289855072464 0 
58 108 478 0.0169491525424 0 
23 48 249 0.0 0 
154 96 459 0.0 0 
43 205 1151 0.0328638497653 0 
85 183 976 0.0 0 
30 44 222 0.0 0 
98 166 810 0.0 0 
150 17 95 0.0 0 
33 240 1275 0.020325203252 0 
53 56 278 0.0144927536232 0 
117 207 1001 0.0217391304348 0 
98 138 633 0.0375 0 
76 20 87 0.0 0 
36 40 241 0.0 0 
65 214 1046 0.00892857142857 0 
25 324 1684 0.00305810397554 0 
37 74 395 0.0 0 
62 64 332 0.0 0 
40 54 323 0.0338983050847 0 
18 147 737 0.0 0 
40 66 345 0.0 0 
98 65 408 0.0 0 
26 187 920 0.0208333333333 0 
45 67 351 0.0 0 
75 120 579 0.0444444444444 0 
86 22 114 0.0 0 
40 139 742 0.00680272108844 0 
98 123 661 0.0 0 
80 160 860 0.0115606936416 0 
45 69 381 0.0 0 
35 204 1076 0.00952380952381 0 
28 65 328 0.0 0 
61 264 1388 0.00361010830325 0 
62 39 197 0.0 0 
18 135 664 0.0 0 
66 139 779 0.0 0 
68 114 622 0.0634920634921 0 
42 71 349 0.0128205128205 0 
35 85 399 0.0333333333333 0 
15 219 1095 0.036036036036 0 
53 200 1003 0.00478468899522 0 
51 50 233 0.0 0 
61 147 713 0.0 0 
39 312 1637 0.0 0 
36 105 545 0.0810810810811 0 
64 386 1952 0.0125944584383 0 
141 59 289 0.0117647058824 0 
56 234 1210 0.0082304526749 0 
18 43 206 0.0 0 
72 35 168 0.0 0 
77 54 289 0.0 0 
85 61 306 0.0263157894737 0 
123 229 1222 0.0119521912351 0 
29 98 502 0.0 0 
32 98 506 0.0192307692308 0 
24 163 886 0.0 0 
25 24 141 0.0 0 
93 239 1255 0.0 0 
71 93 519 0.0 0 
54 166 1005 0.0 0 
14 70 372 0.0 0 
45 285 1530 0.0 0 
26 30 172 0.0 0 
41 143 670 0.0 0 
93 4 20 0.0 0 
65 27 126 0.0 0 
45 45 246 0.0 0 
155 0 0 0.0322580645161 0 
62 211 1072 0.0225225225225 0 
56 447 2314 0.0216919739696 0 
30 171 881 0.0 0 
46 43 218 0.0 0 
40 96 495 0.0 0 
217 229 1248 0.0 0 
61 334 1632 0.0201149425287 0 
144 150 766 0.0 0 
23 205 1014 0.00961538461538 0 
43 138 701 0.0 0 
102 160 897 0.0108695652174 0 
30 246 1246 0.00398406374502 0 
66 120 630 0.0229007633588 0 
44 265 1362 0.0110701107011 0 
33 159 808 0.0 0 
37 63 334 0.0289855072464 0 
35 147 767 0.00657894736842 0 
71 266 1308 0.00709219858156 0 
60 83 442 0.0 0 
37 63 334 0.0289855072464 0 
137 136 680 0.0372670807453 0 
50 55 272 0.0 0 
57 92 434 0.0192307692308 0 
106 52 263 0.0 0 
79 243 1268 0.0118577075099 0 
51 146 753 0.0127388535032 0 
36 105 545 0.0810810810811 0 
112 64 352 0.0 0 
64 252 1391 0.00757575757576 0 
45 392 1993 0.00248756218905 0 
18 106 546 0.0 0 
51 217 1147 0.0 0 
39 20 90 0.0 0 
52 41 233 0.0196078431373 0 
97 14 70 0.030303030303 0 
41 0 0 0.0 0 
40 91 490 0.020618556701 0 
35 282 1479 0.00687285223368 0 
59 227 1139 0.0042735042735 0 
26 133 703 0.00729927007299 0 
83 134 701 0.0206896551724 0 
129 369 1871 0.0 0 
55 92 436 0.0 0 
49 38 210 0.0 0 
123 49 232 0.0 0 
60 78 400 0.0 0 
70 20 99 0.0 0 
48 34 163 0.0 0 
67 164 893 0.0168539325843 0 
98 147 793 0.00621118012422 0 
29 16 89 0.0 0 
47 190 965 0.0 0 
55 14 80 0.0 0 
130 176 905 0.005 0 
42 213 1035 0.018018018018 0 
75 153 839 0.0119047619048 0 
33 58 315 0.0 0 
39 91 451 0.0208333333333 0 
35 106 507 0.0 0 
82 138 740 0.0 0 
37 32 155 0.0 0 
43 211 1059 0.0136363636364 0 
108 55 280 0.0 0 
40 116 588 0.0 0 
118 37 178 0.0 0 
96 55 285 0.0138888888889 0 
82 0 0 0.0 0 
27 179 1068 0.0 0 
54 179 972 0.0 0 
113 385 2062 0.00982800982801 0 
92 519 2631 0.031894934334 0 
58 568 3122 0.00520833333333 0 
23 195 1278 0.0150753768844 0 
176 5 25 0.0 0 
105 32 127 0.0 0 
32 74 386 0.0 0 
70 663 3488 0.00147710487445 0 
74 71 349 0.0 0 
30 241 1195 0.0161290322581 0 
69 118 564 0.00757575757576 0 
86 70 363 0.0 0 
68 100 538 0.0272727272727 0 
79 69 383 0.0 0 
100 138 719 0.0188679245283 0 
111 40 198 0.0 0 
65 220 1062 0.00862068965517 0 
84 313 1679 0.0030487804878 0 
89 68 353 0.0 0 
104 2 13 0.0 0 
16 52 287 0.0 0 
37 63 334 0.0289855072464 0 
23 23 113 0.0 0 
54 56 278 0.0153846153846 0 
21 89 449 0.0 0 
72 56 270 0.0281690140845 0 
36 170 881 0.0 0 
50 33 159 0.0 0 
43 58 276 0.0153846153846 0 
58 517 2747 0.0284629981025 0 
40 46 247 0.0 0 
46 93 470 0.0 0 
23 77 371 0.0121951219512 0 
58 231 1247 0.0 0 
98 0 0 0.0 0 
37 46 203 0.0 0 
28 50 248 0.0175438596491 0 
32 203 1050 0.00480769230769 0 
15 141 735 0.0 0 
70 226 1156 0.0167364016736 0 
17 153 752 0.0 0 
131 102 514 0.0 0 
23 323 1858 0.0122699386503 0 
31 90 480 0.0 0 
32 48 252 0.0 0 
57 42 210 0.0 0 
47 148 728 0.0258064516129 0 
17 47 222 0.0 0 
70 55 301 0.0 0 
91 160 866 0.00558659217877 0 
29 38 239 0.0 0 
48 56 276 0.0 0 
55 135 683 0.0 0 
131 55 312 0.0 0 
67 108 489 0.0 0 
46 45 225 0.0 0 
36 12 64 0.0 0 
112 78 379 0.00990099009901 0 
29 358 1765 0.0137362637363 0 
71 0 0 0.0 0 
94 189 1024 0.00952380952381 0 
59 0 0 0.0 0 
34 34 159 0.0 0 
10 284 1365 0.00350877192982 0 
19 82 395 0.0348837209302 0 
27 126 620 0.0 0 
17 43 206 0.0 0 
293 85 494 0.0 0 
70 87 493 0.0 0 
41 43 235 0.0 0 
196 0 0 0.0 0 
120 431 2310 0.0 0 
107 370 1885 0.00761421319797 0 
79 226 1236 0.00833333333333 0 
35 21 99 0.0 0 
28 19 102 0.0 0 
40 52 268 0.0327868852459 0 
99 132 739 0.0 0 
35 177 827 0.0 0 
81 271 1346 0.0104529616725 0 
75 109 546 0.0 0 
66 291 1492 0.00660066006601 0 
51 0 0 0.0 0 
58 1043 5348 0.0132701421801 0 
38 68 359 0.0135135135135 0 
19 167 829 0.0116959064327 0 
82 160 857 0.0 0 
51 71 319 0.0120481927711 0 
50 150 743 0.0189873417722 0 
49 41 197 0.0 0 
92 347 1794 0.00271739130435 0 
71 45 264 0.0 0 
43 93 504 0.0 0 
134 123 611 0.0133333333333 0 
158 601 3101 0.0 0 
15 92 466 0.0208333333333 0 
54 284 1365 0.00343642611684 0 
54 150 733 0.0 0 
105 16 76 0.0 0 
107 15 79 0.0294117647059 0 
18 37 189 0.0 0 
44 22 131 0.0 0 
53 526 2773 0.0 0 
108 108 571 0.0 0 
53 901 4618 0.019801980198 0 
57 188 1046 0.0152284263959 0 
81 260 1421 0.0 0 
44 79 439 0.0 0 
45 27 136 0.0571428571429 0 
75 139 747 0.0 0 
125 93 445 0.00833333333333 0 
69 20 105 0.0 0 
83 112 751 0.0 0 
29 99 509 0.0 0 
97 65 349 0.0121951219512 0 
142 117 617 0.00704225352113 0 
18 64 344 0.0 0 
140 460 2326 0.00612244897959 0 
34 110 566 0.00869565217391 0 
75 4 12 0.0588235294118 0 
33 39 199 0.0454545454545 0 
40 262 1388 0.0 0 
30 199 974 0.0 0 
104 160 783 0.0110497237569 0 
44 148 733 0.0 0 
94 174 889 0.0102564102564 0 
176 344 2070 0.0131926121372 0 
32 62 331 0.0285714285714 0 
36 160 822 0.0181818181818 0 
36 173 940 0.0223463687151 0 
78 537 2634 0.0018115942029 0 
159 303 1487 0.0333333333333 0 
86 0 0 0.0 0 
34 80 416 0.0 0 
18 89 504 0.0217391304348 0 
40 77 369 0.0 0 
43 14 72 0.0 0 
20 18 86 0.0 0 
57 79 395 0.0113636363636 0 
60 95 494 0.0 0 
28 28 158 0.0 0 
39 123 581 0.00763358778626 0 
76 2084 10938 0.013358778626 0 
51 16 111 0.0 0 
42 49 239 0.0181818181818 0 
59 93 451 0.0 0 
45 62 347 0.0294117647059 0 
69 77 382 0.0111111111111 0 
24 89 441 0.0106382978723 0 
32 154 774 0.0251572327044 0 
91 78 440 0.0108695652174 0 
48 469 2422 0.0147058823529 0 
79 817 4358 0.0324129651861 0 
60 73 346 0.0 0 
90 73 358 0.0111111111111 0 
72 177 871 0.0260416666667 0 
7 7 46 0.0 0 
36 160 856 0.0120481927711 0 
16 149 713 0.00649350649351 0 
35 26 153 0.0 0 
65 23 142 0.0 0 
48 34 179 0.0 0 
38 109 609 0.0 0 
50 34 188 0.0222222222222 0 
88 33 184 0.0 0 
159 540 2644 0.00524475524476 0 
95 337 1765 0.00564971751412 0 
52 337 1626 0.025787965616 0 
28 59 350 0.0 0 
46 99 541 0.0 0 
35 86 393 0.021978021978 0 
67 31 155 0.0 0 
72 135 668 0.00662251655629 0 
116 51 248 0.0 0 
59 587 2984 0.0116666666667 0 
61 83 440 0.0 0 
70 41 195 0.0377358490566 0 
57 60 307 0.0434782608696 0 
104 61 304 0.0 0 
57 77 398 0.0 0 
54 198 987 0.0 0 
76 80 360 0.0 0 
106 50 279 0.0 0 
23 173 825 0.0112994350282 0 
34 47 222 0.0701754385965 0 
38 78 416 0.0 0 
79 487 2406 0.00198807157058 0 
68 100 538 0.0272727272727 0 
14 119 596 0.0 0 
103 15 84 0.0588235294118 0 
59 18 103 0.0 0 
33 304 1510 0.0161812297735 0 
9 10 51 0.0 0 
23 57 254 0.016393442623 0 
55 16 88 0.0 0 
84 281 1456 0.0133779264214 0 
72 63 351 0.0519480519481 0 
48 64 329 0.0128205128205 0 
77 528 2848 0.00183823529412 0 
33 42 229 0.0408163265306 0 
69 245 1156 0.0115384615385 0 
22 184 916 0.00526315789474 0 
49 170 858 0.0166666666667 0 
40 64 323 0.0 0 
77 87 442 0.0 0 
75 129 662 0.00699300699301 0 
44 108 538 0.0172413793103 0 
36 158 808 0.0119760479042 0 
29 111 489 0.0431034482759 0 
52 413 2005 0.0188679245283 0 
75 91 505 0.00961538461538 0 
43 0 0 0.0 0 
56 142 751 0.0397350993377 0 
32 77 402 0.0 0 
40 79 415 0.0 0 
32 91 469 0.0 0 
38 24 119 0.0 0 
53 137 942 0.0344827586207 0 
72 34 153 0.0 0 
48 61 320 0.0 0 
62 249 1479 0.0152091254753 0 
65 155 682 0.0299401197605 0 
47 44 208 0.0 0 
29 139 830 0.0 0 
61 43 218 0.0 0 
89 265 1247 0.00696864111498 0 
71 159 781 0.0404624277457 0 
121 135 734 0.0 0 
28 441 2261 0.0201342281879 0 
19 40 208 0.0 0 
65 347 1856 0.00277777777778 0 
29 20 86 0.0 0 
41 135 679 0.0 0 
46 280 1436 0.0209059233449 0 
39 189 976 0.00510204081633 0 
59 319 1667 0.0 0 
69 167 826 0.0109289617486 0 
53 147 811 0.0 0 
65 248 1365 0.00769230769231 0 
58 111 563 0.0 0 
15 74 327 0.0 0 
82 138 753 0.00645161290323 0 
91 405 2115 0.00472813238771 0 
96 374 1877 0.0151515151515 0 
92 339 1820 0.00280898876404 0 
70 127 643 0.0140845070423 0 
36 201 1128 0.0143540669856 0 
58 157 876 0.0238095238095 0 
71 0 0 0.0 0 
150 180 889 0.0048309178744 0 
36 105 545 0.0810810810811 0 
22 236 1221 0.0 0 
40 91 490 0.020618556701 0 
37 63 334 0.0289855072464 0 
7 26 142 0.0 0 
22 130 654 0.00751879699248 0 
31 83 481 0.0 0 
70 470 2333 0.010395010395 0 
29 122 597 0.0 0 
41 35 179 0.0 0 
78 58 310 0.0 0 
38 188 953 0.0257731958763 0 
57 42 185 0.0 0 
39 123 649 0.0381679389313 0 
33 102 528 0.0 0 
148 85 421 0.00869565217391 0 
56 70 359 0.0 0 
30 61 293 0.0 0 
62 235 1226 0.0 0 
27 485 2370 0.00609756097561 0 
41 292 1453 0.00990099009901 0 
32 37 225 0.0 0 
34 142 721 0.00675675675676 0 
42 102 477 0.00884955752212 0 
16 37 175 0.0 0 
42 37 233 0.0 0 
95 211 1111 0.00884955752212 0 
40 27 137 0.0 0 
87 206 1153 0.0 0 
41 23 114 0.0 0 
102 81 418 0.0 0 
18 302 1513 0.00986842105263 0 
60 123 615 0.00729927007299 0 
37 63 334 0.0289855072464 0 
57 401 2043 0.00963855421687 0 
47 91 475 0.02 0 
66 107 541 0.0 0 
89 105 500 0.0 0 
92 307 1556 0.0 0 
61 218 1065 0.0130434782609 0 
51 28 171 0.0 0 
37 305 1632 0.016077170418 0 
54 149 890 0.00636942675159 0 
51 108 484 0.0166666666667 0 
33 22 131 0.0 0 
34 174 889 0.0 0 
39 62 331 0.0 0 
86 171 841 0.0 0 
69 92 485 0.0188679245283 0 
49 100 474 0.0454545454545 0 
34 56 272 0.0153846153846 0 
70 197 1064 0.0047619047619 0 
33 154 744 0.0 0 
59 281 1372 0.0103092783505 0 
71 285 1434 0.0 0 
69 74 357 0.0224719101124 0 
69 168 872 0.00540540540541 0 
19 88 452 0.0 0 
185 73 373 0.0 0 
69 376 2088 0.00257731958763 0 
32 172 848 0.0 0 
105 62 312 0.0 0 
78 267 1357 0.0034965034965 0 
42 51 266 0.0 0 
38 29 127 0.111111111111 0 
32 42 236 0.0 0 
128 142 747 0.00617283950617 0 
173 48 246 0.0125 0 
51 562 3040 0.0034965034965 0 
43 57 314 0.0 0 
62 270 1365 0.017667844523 0 
60 72 401 0.0120481927711 0 
69 14 76 0.0 0 
36 94 430 0.010101010101 0 
9 35 161 0.0540540540541 0 
101 14 68 0.0285714285714 0 
95 300 1479 0.0 0 
51 30 151 0.0 0 
84 250 1372 0.00751879699248 0 
96 12 70 0.0 0 
29 46 242 0.0 0 
30 227 1202 0.00431034482759 0 
87 15 121 0.0 0 
95 43 205 0.0 0 
25 49 246 0.0 0 
59 102 575 0.0 0 
65 231 1206 0.0082304526749 0 
64 193 956 0.00492610837438 0 
32 113 536 0.0 0 
27 63 320 0.0 0 
19 46 258 0.0 0 
74 69 344 0.0 0 
17 163 874 0.00595238095238 0 
130 31 161 0.0 0 
27 62 343 0.0 0 
49 67 360 0.0 0 
60 164 922 0.0 0 
61 176 853 0.0105263157895 0 
40 228 1217 0.0 0 
56 175 856 0.0162162162162 0 
54 17 85 0.0 0 
58 144 755 0.025641025641 0 
146 89 463 0.0 0 
45 47 248 0.0 0 
62 259 1242 0.0109090909091 0 
26 41 189 0.0 0 
34 112 575 0.00847457627119 0 
29 75 459 0.0 0 
69 154 787 0.0121212121212 0 
123 222 1134 0.0165289256198 0 
29 241 1088 0.00401606425703 0 
37 63 334 0.0289855072464 0 
63 116 583 0.0 0 
26 57 307 0.0166666666667 0 
55 51 259 0.0 0 
76 52 294 0.0294117647059 0 
58 104 498 0.0173913043478 0 
130 77 391 0.0 0 
49 88 457 0.0 0 
27 93 480 0.020202020202 0 
50 216 1123 0.00892857142857 0 
49 94 442 0.0 0 
70 175 917 0.0 0 
76 44 239 0.0535714285714 0 
84 127 586 0.0985915492958 0 
66 365 1874 0.00262467191601 0 
80 45 238 0.0 0 
27 200 979 0.00490196078431 0 
67 99 494 0.0 0 
132 68 365 0.0 0 
69 450 2427 0.0 0 
52 119 719 0.0 0 
37 92 446 0.0 0 
30 22 110 0.0 0 
17 81 365 0.0 0 
28 40 187 0.0 0 
56 200 1010 0.00471698113208 0 
35 18 94 0.0 0 
62 318 1671 0.00302114803625 0 
49 60 319 0.0 0 
34 34 168 0.0 0 
19 40 242 0.0 0 
87 31 144 0.0 0 
50 323 1809 0.0119402985075 0 
23 259 1321 0.0113636363636 0 
55 219 1154 0.0173913043478 0 
96 56 300 0.0277777777778 0 
57 189 1010 0.0 0 
35 59 281 0.0 0 
102 45 220 0.0 0 
63 221 1089 0.00869565217391 0 
72 188 913 0.005 0 
101 153 770 0.0 0 
50 221 1146 0.0131004366812 0 
75 320 1733 0.00297619047619 0 
61 115 690 0.0 0 
69 167 848 0.00552486187845 0 
50 427 2480 0.00229357798165 0 
47 199 1052 0.00490196078431 0 
62 27 130 0.0 0 
54 6 26 0.0 0 
63 326 1653 0.00597014925373 0 
54 99 530 0.027027027027 0 
21 59 291 0.0 0 
44 31 161 0.0 0 
34 265 1345 0.029304029304 0 
25 73 376 0.0 0 
81 237 1211 0.00793650793651 0 
46 85 442 0.0105263157895 0 
43 248 1224 0.00778210116732 0 
31 76 392 0.0 0 
77 0 0 0.142857142857 0 
45 53 303 0.0 0 
65 90 458 0.0 0 
83 0 0 0.0 0 
83 131 670 0.0 0 
38 43 229 0.0196078431373 0 
51 133 618 0.0 0 
51 17 77 0.0 0 
107 112 590 0.0 0 
50 33 197 0.0 0 
42 109 754 0.0 0 
73 23 165 0.0 0 
93 40 205 0.0175438596491 0 
82 100 498 0.00862068965517 0 
60 173 1048 0.0162162162162 0 
82 56 305 0.0 0 
86 204 1098 0.00456621004566 0 
70 148 781 0.0189873417722 0 
28 62 336 0.0 0 
66 230 1216 0.0285714285714 0 
29 31 158 0.0 0 
47 26 134 0.0 0 
57 36 181 0.0 0 
19 136 654 0.0352112676056 0 
131 197 1167 0.00900900900901 0 
56 126 658 0.0 0 
26 77 361 0.0 0 
83 46 220 0.0 0 
102 86 472 0.0 0 
37 408 2103 0.0167865707434 0 
112 28 159 0.0212765957447 0 
73 64 332 0.0 0 
91 308 1470 0.0244648318043 0 
89 57 328 0.0 0 
32 106 628 0.00877192982456 0 
87 47 264 0.0 0 
43 86 463 0.0 0 
59 379 2088 0.0 0 
61 15 89 0.0 0 
148 61 346 0.0 0 
40 79 465 0.0238095238095 0 
29 128 683 0.0 0 
44 153 773 0.0 0 
40 79 465 0.0238095238095 0 
39 34 170 0.0697674418605 0 
87 135 703 0.0 0 
80 38 200 0.0 0 
25 136 704 0.0 0 
60 58 290 0.0285714285714 0 
25 35 178 0.0 0 
57 117 608 0.0 0 
18 67 357 0.0142857142857 0 
51 43 192 0.0185185185185 0 
35 24 119 0.0 0 
33 24 101 0.0 0 
48 97 522 0.0283018867925 0 
45 245 1174 0.0 0 
62 75 374 0.0 0 
74 184 1061 0.0 0 
62 46 217 0.0 0 
58 56 278 0.0 0 
18 40 199 0.0222222222222 0 
96 321 1668 0.0147058823529 0 
76 167 904 0.0 0 
61 99 480 0.0 0 
28 40 234 0.0 0 
85 106 554 0.00806451612903 0 
29 29 143 0.0 0 
35 159 808 0.0 0 
46 43 210 0.0 0 
53 27 132 0.0277777777778 0 
83 116 595 0.0223880597015 0 
83 201 1047 0.0093896713615 0 
20 44 247 0.0434782608696 0 
62 53 279 0.0 0 
37 63 334 0.0289855072464 0 
44 87 430 0.0416666666667 0 
54 34 163 0.0 0 
27 125 619 0.0 0 
84 17 84 0.0 0 
54 264 1429 0.014598540146 0 
55 20 101 0.0 0 
20 52 273 0.0 0 
37 63 334 0.0289855072464 0 
61 264 1334 0.00732600732601 0 
41 58 299 0.044776119403 0 
40 79 465 0.0238095238095 0 
55 295 1599 0.0197368421053 0 
71 371 1864 0.00514138817481 0 
39 26 137 0.0 0 
76 312 1470 0.0365853658537 0 
73 92 500 0.0 0 
68 67 435 0.0 0 
77 38 168 0.0 0 
31 105 603 0.0183486238532 0 
56 624 3141 0.00314960629921 0 
25 99 512 0.0 0 
34 30 142 0.0588235294118 0 
77 270 1483 0.00350877192982 0 
74 28 151 0.0 0 
59 100 483 0.0183486238532 0 
42 87 465 0.0 0 
43 36 180 0.0 0 
52 1044 5389 0.000950570342205 0 
81 93 443 0.00877192982456 0 
53 264 1353 0.014652014652 0 
65 213 1118 0.00446428571429 0 
42 131 648 0.0 0 
97 0 0 0.0 0 
49 95 474 0.0 0 
47 40 223 0.0 0 
37 63 334 0.0289855072464 0 
35 52 301 0.0 0 
93 41 238 0.0 0 
31 116 571 0.00806451612903 0 
116 261 1332 0.0 0 
39 43 203 0.0 0 
82 7 36 0.0 0 
52 52 285 0.0 0 
65 42 226 0.0 0 
127 393 1977 0.00714285714286 0 
75 223 1054 0.0210084033613 0 
55 302 1524 0.0189873417722 0 
76 50 263 0.0 0 
44 42 226 0.0192307692308 0 
29 314 1490 0.0249221183801 0 
40 315 1704 0.027950310559 0 
97 9 51 0.0 0 
52 106 530 0.0 0 
32 33 187 0.0 0 
46 83 444 0.0108695652174 0 
72 319 1709 0.0421686746988 0 
28 127 662 0.0229007633588 0 
41 22 111 0.0 0 
29 28 162 0.0 0 
50 42 232 0.0 0 
80 8 43 0.047619047619 0 
38 141 772 0.00680272108844 0 
70 0 0 0.0 0 
52 55 260 0.0588235294118 0 
41 118 632 0.0 0 
42 46 227 0.0 0 
66 350 1927 0.0388888888889 0 
40 390 2282 0.0075 0 
29 243 1256 0.0121457489879 0 
125 97 461 0.00819672131148 0 
93 131 630 0.0 0 
138 130 686 0.0 0 
89 116 588 0.0 0 
53 52 279 0.016393442623 0 
49 39 158 0.0 0 
82 47 245 0.0 0 
53 91 442 0.0 0 
47 630 3045 0.0109034267913 0 
43 18 95 0.0 0 
46 17 102 0.0 0 
23 79 462 0.0 0 
28 49 260 0.0185185185185 0 
28 66 385 0.0 0 
44 195 1108 0.00487804878049 0 
39 39 195 0.0 0 
49 146 708 0.0186335403727 0 
65 135 675 0.0136054421769 0 
55 18 97 0.0 0 
18 97 524 0.01 0 
100 66 346 0.0493827160494 0 
67 1638 8666 0.0109024833434 0 
152 254 1261 0.013986013986 0 
25 30 176 0.0 0 
71 156 800 0.0 0 
51 25 124 0.0 0 
41 113 555 0.0 0 
130 103 512 0.0 0 
30 69 363 0.013698630137 0 
72 53 282 0.0 0 
26 236 1214 0.0124481327801 0 
74 88 444 0.00961538461538 0 
68 216 1167 0.00446428571429 0 
45 49 264 0.0 0 
87 96 475 0.0 0 
42 110 611 0.0 0 
62 103 479 0.0353982300885 0 
56 144 773 0.0 0 
14 133 660 0.0147058823529 0 
54 128 628 0.0 0 
68 89 451 0.0 0 
22 71 384 0.0133333333333 0 
123 344 1744 0.010781671159 0 
43 178 859 0.0 0 
49 67 342 0.0 0 
163 20 106 0.0 0 
34 411 2157 0.00480769230769 0 
38 112 564 0.00840336134454 0 
37 59 314 0.0 0 
97 54 282 0.0 0 
34 171 884 0.0 0 
41 131 665 0.0 0 
49 176 911 0.00534759358289 0 
69 110 527 0.0166666666667 0 
88 81 425 0.0104166666667 0 
19 355 1839 0.0166666666667 0 
29 37 204 0.0 0 
72 96 508 0.0277777777778 0 
44 92 469 0.0 0 
37 63 334 0.0289855072464 0 
26 34 195 0.0263157894737 0 
40 356 1733 0.0109289617486 0 
23 192 983 0.00502512562814 0 
43 137 661 0.0 0 
67 120 591 0.029197080292 0 
98 78 397 0.0104166666667 0 
26 237 1245 0.00816326530612 0 
26 35 183 0.0 0 
38 44 233 0.0 0 
33 74 413 0.0 0 
39 58 273 0.015873015873 0 
33 53 280 0.0 0 
27 186 911 0.0104712041885 0 
90 18 98 0.0 0 
32 65 372 0.0277777777778 0 
21 74 445 0.0 0 
34 140 760 0.00689655172414 0 
80 170 830 0.010752688172 0 
51 197 989 0.0 0 
13 163 864 0.0 0 
18 165 885 0.0177514792899 0 
108 0 0 0.0 0 
41 50 239 0.0 0 
63 90 506 0.0 0 
59 1013 5567 0.000980392156863 0 
79 100 498 0.034188034188 0 
70 28 168 0.0 0 
75 65 337 0.0 0 
38 164 859 0.0 0 
37 75 375 0.0 0 
85 8 52 0.0 0 
57 20 108 0.0 0 
14 50 267 0.0 0 
40 91 490 0.020618556701 0 
38 86 470 0.0 0 
25 268 1472 0.00738007380074 0 
42 136 670 0.00709219858156 0 
50 54 281 0.0 0 
14 341 2222 0.165697674419 0 
36 81 376 0.0 0 
85 5 25 0.0 0 
93 474 2466 0.0 0 
73 233 1259 0.0080971659919 0 
42 121 585 0.0077519379845 0 
70 117 557 0.125984251969 0 
57 165 950 0.0 0 
41 162 803 0.0175438596491 0 
77 188 955 0.00990099009901 0 
27 137 643 0.0206896551724 0 
62 48 269 0.0 0 
42 31 140 0.108108108108 0 
47 200 1015 0.00473933649289 0 
83 19 109 0.0 0 
78 255 1276 0.018315018315 0 
63 297 1497 0.016339869281 0 
17 91 454 0.0212765957447 0 
90 237 1283 0.0 0 
100 16 79 0.0 0 
34 50 267 0.0 0 
210 47 257 0.0 0 
19 85 433 0.0 0 
69 43 187 0.0 0 
72 170 897 0.0 0 
42 27 154 0.0 0 
24 162 803 0.0242424242424 0 
31 63 348 0.0 0 
19 279 1401 0.0105633802817 0 
67 40 207 0.0 0 
20 51 288 0.0 0 
25 60 306 0.0 0 
43 50 233 0.0 0 
66 145 854 0.0 0 
14 105 525 0.00909090909091 0 
84 158 804 0.0 0 
13 26 154 0.0 0 
66 34 175 0.0 0 
23 160 688 0.0122699386503 0 
202 213 1043 0.0 0 
49 23 95 0.0645161290323 0 
82 183 917 0.045 0 
44 99 452 0.0 0 
75 26 137 0.0 0 
84 15 85 0.0 0 
25 42 203 0.0 0 
95 292 1511 0.0191693290735 0 
53 143 678 0.0198675496689 0 
46 409 2062 0.00239234449761 0 
25 111 611 0.0 0 
56 163 767 0.0 0 
19 334 1683 0.00294985250737 0 
37 151 742 0.0 0 
55 265 1369 0.00363636363636 0 
68 461 2290 0.0063829787234 0 
36 101 530 0.0188679245283 0 
89 634 3162 0.00459418070444 0 
89 39 198 0.0 0 
18 35 186 0.0 0 
53 106 613 0.0 0 
25 212 1111 0.00462962962963 0 
53 23 187 0.030303030303 0 
47 66 359 0.04 0 
40 4 15 0.0 0 
68 80 385 0.0 0 
84 154 814 0.0059880239521 0 
135 291 1408 0.00315457413249 0 
33 162 909 0.00591715976331 0 
78 133 681 0.0 0 
59 132 736 0.0 0 
35 35 201 0.0 0 
101 0 0 0.0 0 
117 101 546 0.0 0 
69 28 141 0.05 0 
35 183 919 0.010582010582 0 
83 208 1098 0.00904977375566 0 
32 40 199 0.0222222222222 0 
38 245 1309 0.0 0 
68 195 976 0.00478468899522 0 
61 105 629 0.0 0 
41 10 52 0.0 0 
18 70 383 0.0 0 
32 17 94 0.0 0 
28 83 408 0.0111111111111 0 
17 42 209 0.0 0 
70 99 448 0.00884955752212 0 
35 70 398 0.0 0 
42 267 1380 0.00363636363636 0 
39 319 1636 0.00607902735562 0 
35 91 449 0.0104166666667 0 
29 107 544 0.027027027027 0 
42 109 589 0.017094017094 0 
36 79 426 0.0235294117647 0 
60 179 941 0.00526315789474 0 
38 143 809 0.00666666666667 0 
69 184 894 0.0 0 
53 123 639 0.0 0 
123 164 835 0.037037037037 0 
58 252 1328 0.011320754717 0 
39 125 621 0.0227272727273 0 
33 44 224 0.0 0 
47 108 558 0.0 0 
57 246 1253 0.0 0 
74 27 145 0.0 0 
29 925 4544 0.0 0 
40 13 55 0.0454545454545 0 
57 327 1693 0.00297619047619 0 
44 47 260 0.0 0 
36 63 328 0.013698630137 0 
88 102 543 0.0 0 
55 48 253 0.0 0 
71 161 795 0.0459770114943 0 
30 68 346 0.0 0 
64 0 0 0.0 0 
44 597 3208 0.0132450331126 0 
58 0 0 0.0 0 
54 99 508 0.0 0 
49 92 472 0.010101010101 0 
44 254 1328 0.0846153846154 0 
19 0 0 0.25 0 
66 137 687 0.0134228187919 0 
81 155 787 0.0 0 
66 0 0 0.0 0 
98 58 297 0.025641025641 0 
49 27 152 0.0294117647059 0 
65 205 1011 0.0279069767442 0 
52 28 156 0.0 0 
57 351 1775 0.0527777777778 0 
100 388 2190 0.0 0 
61 167 985 0.00552486187845 0 
53 36 203 0.0 0 
27 141 812 0.0208333333333 0 
22 158 842 0.0125 0 
96 0 0 0.0 0 
19 75 369 0.0 0 
64 156 921 0.0181818181818 0 
48 94 495 0.0 0 
31 45 212 0.0 0 
76 0 0 0.0 0 
29 40 194 0.0 0 
34 148 785 0.0 0 
57 0 0 0.0 0 
36 130 726 0.0 0 
53 65 356 0.0 0 
51 20 113 0.0 0 
277 0 0 0.0 0 
61 75 336 0.0121951219512 0 
57 78 405 0.0 0 
16 0 0 0.0 0 
103 10 30 0.0 0 
50 41 206 0.02 0 
24 241 1251 0.0 0 
20 75 393 0.025641025641 0 
43 119 625 0.0 0 
118 0 0 0.0 0 
56 0 0 0.0 0 
27 73 381 0.012987012987 0 
50 0 0 0.2 0 
43 80 404 0.0581395348837 0 
61 290 1474 0.00332225913621 0 
19 58 314 0.0 0 
39 41 271 0.02 0 
30 33 194 0.0 0 
31 99 500 0.0192307692308 0 
48 0 0 0.0 0 
19 0 0 0.0 0 
39 87 424 0.0 0 
42 112 642 0.025 0 
34 71 397 0.0 0 
20 120 620 0.0162601626016 0 
35 0 0 0.0 0 
53 0 0 0.0 0 
55 0 0 0.0 0 
79 212 1118 0.00892857142857 0 
54 15 81 0.0 0 
79 133 694 0.0 0 
52 63 345 0.0 0 
18 48 262 0.0 0 
33 0 0 0.0 0 
78 113 624 0.0 0 
25 0 0 0.0 0 
75 231 1105 0.0286885245902 0 
55 54 308 0.0 0 
41 72 397 0.025641025641 0 
45 272 1429 0.00719424460432 0 
80 0 0 0.0 0 
64 0 0 0.0 0 
30 0 0 0.2 0 
73 17 107 0.0 0 
27 0 0 0.0 0 
59 0 0 0.111111111111 0 
35 0 0 0.0 0 
49 0 0 0.0 0 
44 208 999 0.073732718894 0 
32 25 121 0.0 0 
58 682 3672 0.305354558611 0 
68 153 793 0.0246913580247 0 
26 116 567 0.0 0 
34 0 0 0.125 0 
75 134 660 0.013698630137 0 
49 117 658 0.008 0 
11 38 178 0.05 0 
38 447 2413 0.0110375275938 0 
24 87 438 0.0 0 
38 133 700 0.0285714285714 0 
159 23 114 0.0 0 
132 0 0 0.0 0 
116 173 909 0.0 0 
60 209 1028 0.0229357798165 0 
45 73 417 0.025641025641 0 
41 34 168 0.0 0 
97 0 0 0.0714285714286 0 
34 0 0 0.0 0 
120 46 254 0.0 0 
95 223 1159 0.0122950819672 0 
57 141 782 0.0 0 
40 39 224 0.0227272727273 0 
32 338 1789 0.0320699708455 0 
10 97 469 0.0204081632653 0 
26 80 468 0.0 0 
46 68 376 0.0 0 
28 72 358 0.0133333333333 0 
61 27 169 0.0 0 
28 28 146 0.0 0 
30 95 499 0.010101010101 0 
26 112 546 0.0 0 
43 106 605 0.0175438596491 0 
24 99 522 0.0 0 
17 0 0 0.0 0 
39 85 467 0.0 0 
78 6 50 0.0 0 
25 136 714 0.0215827338129 0 
109 48 252 0.030303030303 0 
22 54 253 0.0 0 
67 280 1579 0.0 0 
122 0 0 0.05 0 
29 0 0 0.166666666667 0 
58 25 128 0.0 0 
27 64 336 0.0 0 
53 0 0 0.0 0 
67 35 175 0.0 0 
40 39 178 0.0 0 
26 30 192 0.0 0 
40 66 352 0.0 0 
62 0 0 0.0 0 
88 40 201 0.0 0 
134 0 0 0.0 0 
78 0 0 0.0 0 
17 26 133 0.0 0 
66 108 569 0.0 0 
51 0 0 0.0 0 
155 0 0 0.0 0 
104 0 0 0.0 0 
107 0 0 0.157894736842 0 
41 113 647 0.0 0 
14 0 0 0.0 0 
127 11 87 0.0571428571429 0 
113 0 0 0.0 0 
56 88 436 0.0707070707071 0 
63 0 0 0.0 0 
32 153 815 0.0188679245283 0 
27 25 126 0.0 0 
41 53 277 0.0 0 
37 74 379 0.0 0 
55 59 299 0.0 0 
65 6 24 0.0 0 
14 103 482 0.0188679245283 0 
119 3741 19943 0.0207281424395 0 
41 155 849 0.00617283950617 0 
40 107 545 0.0263157894737 0 
66 0 0 0.0 0 
27 12 51 0.0 0 
45 0 0 0.0 0 
39 0 0 0.0 0 
47 131 659 0.0144927536232 0 
53 106 532 0.0775862068966 0 
85 320 1852 0.0211480362538 0 
92 46 230 0.0 0 
44 74 374 0.0 0 
47 0 0 0.0 0 
85 117 688 0.0 0 
15 28 128 0.0 0 
49 0 0 0.1 0 
21 45 236 0.104166666667 0 
107 132 660 0.0544217687075 0 
30 129 671 0.044776119403 0 
35 23 106 0.0 0 
33 168 866 0.0 0 
43 106 605 0.0175438596491 0 
28 151 732 0.00641025641026 0 
83 21 112 0.0 0 
25 79 444 0.0602409638554 0 
72 158 890 0.0176470588235 0 
78 14 90 0.0 0 
54 436 2241 0.018018018018 0 
51 59 298 0.0 0 
61 439 2300 0.015625 0 
16 111 622 0.0 0 
88 22 115 0.0 0 
40 0 0 0.0 0 
48 0 0 0.0 0 
100 0 0 0.0 0 
44 0 0 0.0 0 
40 118 563 0.0078125 0 
71 78 383 0.0 0 
34 79 416 0.0 0 
47 0 0 0.0 0 
38 0 0 0.0 0 
63 96 527 0.0 0 
20 0 0 0.0 0 
51 47 233 0.0 0 
36 0 0 0.0 0 
94 137 733 0.0 0 
68 0 0 0.0 0 
19 104 543 0.0467289719626 0 
58 84 473 0.0 0 
19 111 594 0.0 0 
110 148 804 0.00588235294118 0 
37 144 711 0.0133333333333 0 
42 88 529 0.0208333333333 0 
55 95 516 0.0 0 
36 13 72 0.0 0 
44 160 758 0.0119047619048 0 
72 127 727 0.0 0 
66 10 43 0.0454545454545 0 
41 65 316 0.108108108108 0 
96 214 1117 0.00869565217391 0 
76 60 319 0.0 0 
37 70 332 0.0 0 
24 125 635 0.031007751938 0 
45 130 718 0.0149253731343 0 
42 88 529 0.0208333333333 0 
44 239 1188 0.0 0 
89 0 0 0.0 0 
112 62 300 0.0609756097561 0 
49 192 1018 0.044776119403 0 
61 76 401 0.010989010989 0 
50 75 397 0.0 0 
47 0 0 0.0 0 
47 47 287 0.0 0 
30 0 0 0.0 0 
83 0 0 0.0 0 
83 0 0 0.0 0 
30 407 2312 0.0 0 
54 85 460 0.0 0 
89 231 1237 0.0121457489879 0 
63 110 532 0.0416666666667 0 
60 85 440 0.0103092783505 0 
258 0 0 0.0 0 
35 171 893 0.0112359550562 0 
40 36 185 0.0 0 
91 0 0 0.0 0 
35 0 0 0.0 0 
155 12 54 0.0 0 
98 471 2390 0.0654396728016 0 
52 115 659 0.032 0 
102 198 1144 0.0093023255814 0 
24 114 554 0.00847457627119 0 
58 36 175 0.0 0 
29 61 330 0.0149253731343 0 
52 203 1184 0.0189573459716 0 
46 0 0 0.0 0 
59 70 359 0.0 0 
50 0 0 0.0 0 
73 91 548 0.0 0 
41 74 372 0.0 0 
76 0 0 0.0 0 
18 0 0 0.0 0 
22 120 618 0.00806451612903 0 
62 224 1091 0.0675105485232 0 
20 0 0 0.0 0 
39 56 320 0.0 0 
79 480 2481 0.0243407707911 0 
38 0 0 0.0 0 
97 105 521 0.0247933884298 0 
107 140 773 0.0 0 
77 44 198 0.0 0 
38 386 1967 0.0 0 
79 0 0 0.1 0 
60 104 505 0.114035087719 0 
33 50 242 0.0 0 
155 240 1328 0.0 0 
43 106 605 0.0175438596491 0 
27 88 489 0.0 0 
54 0 0 0.125 0 
52 169 911 0.00564971751412 0 
33 73 382 0.0 0 
67 76 358 0.0112359550562 0 
41 163 815 0.0357142857143 0 
55 194 1064 0.0837438423645 0 
58 104 484 0.140350877193 0 
31 46 191 0.0 0 
43 39 199 0.0 0 
85 0 0 0.0 0 
166 0 0 0.0 0 
66 62 337 0.013698630137 0 
53 49 266 0.0 0 
106 22 123 0.027027027027 0 
93 20 101 0.0 0 
47 200 1127 0.0194174757282 0 
33 131 722 0.0 0 
43 106 605 0.0175438596491 0 
43 78 445 0.0 0 
34 0 0 0.0 0 
38 0 0 0.0 0 
66 138 685 0.00675675675676 0 
82 131 754 0.0206896551724 0 
61 100 501 0.0 0 
35 271 1439 0.0251798561151 0 
51 85 481 0.0111111111111 0 
129 6 33 0.0 0 
107 0 0 0.0 0 
39 93 453 0.030612244898 0 
287 0 0 0.0 0 
42 88 529 0.0208333333333 0 
66 29 148 0.0 0 
37 98 477 0.0 0 
43 137 710 0.0208333333333 0 
81 124 735 0.0220588235294 0 
58 395 1954 0.00992555831266 0 
64 0 0 0.0 0 
22 58 304 0.0819672131148 0 
78 96 503 0.0 0 
29 55 282 0.0 0 
45 0 0 0.0 0 
88 0 0 0.0666666666667 0 
64 18 103 0.0 0 
49 106 533 0.00869565217391 0 
88 0 0 0.0 0 
42 59 335 0.0 0 
46 0 0 0.0 0 
114 186 1009 0.0242718446602 0 
37 95 480 0.156862745098 0 
37 117 588 0.0327868852459 0 
24 163 903 0.0 0 
42 0 0 0.0 0 
259 0 0 0.0 0 
41 96 446 0.00970873786408 0 
48 48 249 0.0 0 
64 0 0 0.0 0 
59 130 733 0.0 0 
31 104 584 0.0183486238532 0 
31 231 1141 0.0 0 
31 72 385 0.0128205128205 0 
88 0 0 0.0769230769231 0 
25 0 0 0.0 0 
63 90 481 0.0102040816327 0 
39 40 232 0.0 0 
39 184 913 0.0 0 
48 49 222 0.0 0 
35 74 364 0.0126582278481 0 
37 51 321 0.0 0 
79 104 563 0.0583333333333 0 
20 26 164 0.0 0 
26 68 366 0.0 0 
46 31 179 0.0 0 
29 22 115 0.0 0 
19 43 213 0.0 0 
39 107 546 0.0 0 
34 0 0 0.0 0 
21 0 0 0.0 0 
44 97 537 0.0 0 
36 32 188 0.0 0 
66 0 0 0.0 0 
41 39 206 0.0 0 
13 52 284 0.0 0 
48 82 415 0.0 0 
75 124 657 0.0289855072464 0 
40 123 669 0.0390625 0 
69 0 0 0.0 0 
71 0 0 0.0 0 
53 129 614 0.0287769784173 0 
32 19 96 0.0 0 
33 81 453 0.0113636363636 0 
104 31 132 0.0833333333333 0 
89 14 83 0.0 0 
99 88 433 0.0 0 
114 305 1681 0.0121580547112 0 
35 172 816 0.0223463687151 0 
108 172 891 0.046875 0 
61 23 122 0.0 0 
60 0 0 0.0 0 
73 196 1042 0.0 0 
58 0 0 0.0 0 
30 31 191 0.0 0 
19 29 160 0.0 0 
72 100 568 0.0176991150442 0 
53 77 459 0.0 0 
58 72 384 0.0 0 
55 77 425 0.0113636363636 0 
57 85 442 0.0 0 
65 0 0 0.0 0 
63 0 0 0.0666666666667 0 
74 107 534 0.0168067226891 0 
81 170 885 0.0216216216216 0 
25 52 257 0.0357142857143 0 
39 64 323 0.0 0 
57 153 783 0.00613496932515 0 
38 77 401 0.0 0 
62 0 0 0.0 0 
80 73 322 0.0769230769231 0 
17 106 534 0.0 0 
39 106 503 0.0 0 
22 379 1900 0.0 0 
80 89 450 0.0 0 
36 40 219 0.0 0 
19 0 0 0.0 0 
75 0 0 0.0 0 
45 0 0 0.0 0 
25 82 411 0.0 0 
86 126 672 0.0142857142857 0 
17 31 171 0.0 0 
40 97 486 0.0 0 
49 78 390 0.0 0 
35 13 58 0.1 0 
198 0 0 0.046511627907 0 
65 0 0 0.0 0 
159 0 0 0.0344827586207 0 
54 173 948 0.0109289617486 0 
40 28 156 0.0 0 
18 168 842 0.00584795321637 0 
37 111 582 0.0 0 
15 76 394 0.0 0 
14 0 0 0.0 0 
38 21 113 0.0 0 
45 183 860 0.0364583333333 0 
148 0 0 0.0 0 
26 23 120 0.0 0 
31 63 330 0.0 0 
69 126 678 0.00729927007299 0 
152 50 260 0.0 0 
20 66 370 0.0 0 
115 0 0 0.0588235294118 0 
89 184 938 0.0150753768844 0 
43 106 605 0.0175438596491 0 
67 140 776 0.0201342281879 0 
33 174 887 0.0 0 
37 74 393 0.0126582278481 0 
27 109 499 0.0 0 
38 144 710 0.00666666666667 0 
76 0 0 0.0 0 
50 50 270 0.0 0 
35 77 399 0.0 0 
42 88 529 0.0208333333333 0 
40 0 0 0.0 0 
32 0 0 0.0 0 
41 0 0 0.0 0 
42 0 0 0.0 0 
45 37 166 0.047619047619 0 
95 0 0 0.0 0 
22 97 506 0.0 0 
129 131 663 0.0 0 
22 0 0 0.0 0 
33 125 721 0.0 0 
75 142 828 0.012987012987 0 
51 0 0 0.0 0 
17 85 462 0.0 0 
56 0 0 0.111111111111 0 
94 34 236 0.0 0 
59 64 313 0.0 0 
83 115 603 0.0153846153846 0 
46 104 549 0.00900900900901 0 
256 0 0 0.0 0 
25 109 587 0.0176991150442 0 
36 72 400 0.0 0 
49 0 0 0.0 0 
77 0 0 0.0 0 
89 100 611 0.0 0 
53 166 863 0.00568181818182 0 
24 115 567 0.0423728813559 0 
74 0 0 0.0 0 
103 171 872 0.0 0 
42 74 359 0.0 0 
83 97 548 0.00884955752212 0 
28 74 410 0.0 0 
48 50 262 0.0 0 
150 363 1857 0.0077519379845 0 
49 46 222 0.0 0 
103 218 1137 0.0 0 
28 84 442 0.0 0 
35 98 581 0.00943396226415 0 
35 81 375 0.0574712643678 0 
47 120 607 0.0 0 
142 0 0 0.1 0 
24 61 300 0.0 0 
53 248 1334 0.0 0 
70 35 199 0.0 0 
98 135 714 0.0 0 
152 320 1618 0.0 0 
32 169 956 0.0232558139535 0 
44 0 0 0.0 0 
36 135 657 0.0281690140845 0 
65 96 481 0.0185185185185 0 
29 99 474 0.0 0 
39 19 111 0.0 0 
41 0 0 0.0 0 
144 0 0 0.0 0 
33 65 403 0.0 0 
117 453 2383 0.00418410041841 0 
50 93 513 0.0288461538462 0 
52 164 836 0.00591715976331 0 
126 48 237 0.0 0 
63 57 297 0.0142857142857 0 
130 0 0 0.05 0 
35 95 549 0.135922330097 0 
111 255 1412 0.0213523131673 0 
55 177 926 0.0372340425532 0 
53 12 58 0.0 0 
88 153 830 0.0 0 
75 0 0 0.0 0 
49 187 904 0.0862944162437 0 
86 40 178 0.0 0 
18 175 812 0.0 0 
24 0 0 0.0 0 
37 135 652 0.0281690140845 0 
50 25 134 0.0 0 
41 108 504 0.0 0 
79 34 183 0.0 0 
56 0 0 0.0 0 
43 106 605 0.0175438596491 0 
57 75 420 0.0120481927711 0 
32 88 506 0.010752688172 0 
68 0 0 0.0 0 
98 31 126 0.0408163265306 0 
109 116 583 0.00740740740741 0 
49 228 1161 0.00425531914894 0 
102 1219 7455 0.00080971659919 0 
88 0 0 0.0588235294118 0 
33 102 557 0.0 0 
34 138 731 0.0 0 
33 52 307 0.0344827586207 0 
59 40 229 0.0 0 
47 249 1257 0.00390625 0 
37 206 1083 0.0327102803738 0 
32 67 369 0.0 0 
113 6 32 0.0 0 
53 0 0 0.0 0 
61 102 537 0.0176991150442 0 
45 0 0 0.0 0 
33 80 440 0.0 0 
30 10 43 0.0 0 
33 93 454 0.01 0 
37 50 275 0.0172413793103 0 
57 71 390 0.0 0 
77 67 367 0.0 0 
116 169 880 0.010582010582 0 
36 92 457 0.0309278350515 0 
65 35 178 0.0 0 
51 381 1897 0.0102301790281 0 
41 115 628 0.0 0 
57 92 533 0.0 0 
19 114 508 0.0 0 
83 36 201 0.0 0 
161 50 267 0.0126582278481 0 
42 22 118 0.0 0 
93 0 0 0.0 0 
70 156 836 0.0178571428571 0 
70 475 2285 0.0040899795501 0 
30 48 263 0.0 0 
72 229 1186 0.0 0 
28 0 0 0.0 0 
19 133 727 0.00729927007299 0 
49 11 64 0.0 0 
36 351 1948 0.0280112044818 0 
32 37 181 0.0 0 
62 49 249 0.0 0 
39 88 456 0.0210526315789 0 
64 273 1456 0.0284697508897 0 
43 43 206 0.0 0 
49 51 248 0.0 0 
44 91 461 0.0 0 
72 46 260 0.0 0 
28 66 344 0.013698630137 0 
74 199 989 0.0141509433962 0 
63 82 451 0.0 0 
51 29 154 0.0 0 
35 54 311 0.0 0 
20 79 465 0.0240963855422 0 
36 74 373 0.025 0 
78 0 0 0.0 0 
55 177 902 0.0 0 
39 43 242 0.0408163265306 0 
18 55 307 0.0 0 
61 140 764 0.0927152317881 0 
61 36 178 0.0 0 
80 0 0 0.0 0 
77 134 823 0.0205479452055 0 
27 56 279 0.0 0 
98 0 0 0.0555555555556 0 
77 0 0 0.0 0 
24 181 833 0.010752688172 0 
75 60 312 0.0 0 
42 97 503 0.0747663551402 0 
31 177 925 0.00552486187845 0 
87 59 312 0.0 0 
19 0 0 0.0 0 
58 181 944 0.0 0 
66 0 0 0.0 0 
64 0 0 0.0 0 
27 20 97 0.0 0 
52 0 0 0.0 0 
96 94 525 0.0 0 
64 92 459 0.0 0 
54 81 467 0.0 0 
23 82 405 0.0 0 
15 165 806 0.0299401197605 0 
107 267 1490 0.00352112676056 0 
49 0 0 0.0 0 
44 82 422 0.0 0 
120 105 582 0.0 0 
34 90 480 0.0 0 
72 0 0 0.1 0 
67 57 277 0.0 0 
69 0 0 0.0714285714286 0 
22 161 828 0.00609756097561 0 
30 51 351 0.0 0 
49 0 0 0.0 0 
24 222 1238 0.0 0 
20 360 1932 0.0 0 
54 366 1838 0.031746031746 0 
64 169 929 0.0220994475138 0 
37 153 864 0.062893081761 0 
30 0 0 0.0 0 
40 155 811 0.0182926829268 0 
22 58 295 0.047619047619 0 
28 178 934 0.010989010989 0 
39 65 324 0.0 0 
48 0 0 0.0 0 
54 87 481 0.0 0 
81 625 3162 0.0125984251969 0 
47 0 0 0.0 0 
29 42 212 0.0425531914894 0 
60 0 0 0.0 0 
48 24 135 0.0 0 
54 103 621 0.00892857142857 0 
33 25 154 0.0 0 
67 158 794 0.0235294117647 0 
174 44 255 0.0 0 
86 100 484 0.00847457627119 0 
90 222 1156 0.0123966942149 0 
99 0 0 0.0 0 
45 0 0 0.0 0 
41 0 0 0.0 0 
69 18 84 0.0 0 
28 81 375 0.0352941176471 0 
27 0 0 0.0 0 
98 0 0 0.0 0 
57 0 0 0.0 0 
74 39 227 0.0 0 
35 0 0 0.0 0 
43 0 0 0.0 0 
84 214 1203 0.0 0 
63 221 1103 0.0 0 
38 177 953 0.0378378378378 0 
75 0 0 0.0 0 
48 0 0 0.142857142857 0 
81 57 268 0.0 0 
70 165 850 0.0115606936416 0 
54 0 0 0.0 0 
44 70 372 0.0 0 
14 88 430 0.0 0 
37 182 928 0.0161290322581 0 
22 118 630 0.0413223140496 0 
32 762 3977 0.01953125 0 
85 139 786 0.0 0 
87 69 386 0.0 0 
59 81 495 0.0 0 
88 91 442 0.0 0 
30 108 507 0.0 0 
53 0 0 0.2 0 
22 81 438 0.0 0 
31 0 0 0.0 0 
43 70 375 0.0 0 
41 43 234 0.0 0 
97 265 1275 0.0 0 
28 97 481 0.019801980198 0 
50 106 604 0.0 0 
39 55 251 0.112903225806 0 
26 78 434 0.0 0 
39 53 275 0.0 0 
82 75 490 0.0 0 
49 0 0 0.0 0 
23 44 220 0.0 0 
61 66 398 0.0 0 
35 0 0 0.125 0 
20 254 1234 0.00772200772201 0 
52 0 0 0.0 0 
26 27 130 0.0 0 
52 50 282 0.0 0 
54 236 1303 0.016393442623 0 
56 0 0 0.0 0 
31 89 413 0.031914893617 0 
21 156 727 0.0125 0 
19 0 0 0.0 0 
44 53 312 0.0 0 
67 64 375 0.0 0 
41 53 262 0.0 0 
91 0 0 0.0 0 
35 151 860 0.0 0 
20 268 1578 0.00369003690037 0 
55 260 1262 0.0557620817844 0 
27 140 649 0.048275862069 0 
44 96 459 0.0188679245283 0 
61 21 109 0.0 0 
64 0 0 0.125 0 
29 0 0 0.0 0 
50 74 348 0.0722891566265 0 
106 0 0 0.0 0 
53 0 0 0.0 0 
77 0 0 0.0 0 
32 44 262 0.0 0 
12 0 0 0.0 0 
66 36 172 0.0 0 
38 49 245 0.0 0 
86 45 236 0.0 0 
21 0 0 0.0 0 
54 258 1346 0.00751879699248 0 
51 64 324 0.0147058823529 0 
39 96 564 0.0 0 
34 168 845 0.0578034682081 0 
73 105 562 0.0 0 
23 0 0 0.0 0 
43 14 67 0.0 0 
39 53 306 0.0 0 
43 154 769 0.0875 0 
69 0 0 0.0 0 
45 74 398 0.0 0 
29 84 465 0.0 0 
31 71 368 0.0 0 
86 30 152 0.0 0 
69 0 0 0.111111111111 0 
65 166 814 0.0 0 
67 298 1540 0.0 0 
36 72 368 0.0 0 
59 0 0 0.0 0 
100 0 0 0.0555555555556 0 
30 86 468 0.0 0 
31 0 0 0.0 0 
78 135 717 0.0 0 
24 0 0 0.0 0 
19 91 471 0.0210526315789 0 
64 141 728 0.00671140939597 0 
88 111 582 0.0 0 
51 116 656 0.0 0 
66 205 1013 0.0596330275229 0 
40 111 556 0.0 0 
39 101 485 0.00934579439252 0 
18 103 527 0.0 0 
4 35 173 0.0 0 
27 49 264 0.0 0 
40 0 0 0.0 0 
127 0 0 0.0909090909091 0 
68 0 0 0.0 0 
67 0 0 0.0 0 
34 98 482 0.0 0 
26 0 0 0.0 0 
68 90 507 0.00970873786408 0 
30 56 329 0.0 0 
86 110 605 0.00813008130081 0 
22 123 647 0.0078125 0 
83 12 68 0.0 0 
54 308 1687 0.0062893081761 0 
26 70 500 0.0 0 
19 0 0 0.0 0 
42 61 275 0.0 0 
39 25 136 0.0 0 
53 0 0 0.153846153846 0 
38 0 0 0.0 0 
111 0 0 0.0 0 
26 408 2142 0.0145631067961 0 
39 52 317 0.0 0 
59 159 794 0.0116279069767 0 
31 0 0 0.0 0 
47 111 553 0.0338983050847 0 
21 99 525 0.0 0 
296 0 0 0.0689655172414 0 
53 180 936 0.0314136125654 0 
27 85 432 0.0111111111111 0 
29 203 960 0.115942028986 0 
53 75 463 0.0 0 
42 23 136 0.0 0 
52 139 712 0.00666666666667 0 
88 41 240 0.0 0 
80 177 952 0.0 0 
91 0 0 0.0 0 
49 124 624 0.0 0 
52 0 0 0.0 0 
38 97 526 0.00952380952381 0 
29 54 309 0.0 0 
63 549 2674 0.0197486535009 0 
34 78 395 0.0470588235294 0 
15 95 538 0.0 0 
97 190 1039 0.0 0 
61 173 936 0.0164835164835 0 
35 0 0 0.0 0 
38 115 554 0.0162601626016 0 
283 0 0 0.0 0 
15 85 483 0.0 0 
124 0 0 0.0869565217391 0 
36 163 913 0.00591715976331 0 
85 0 0 0.0 0 
72 134 624 0.00675675675676 0 
26 48 226 0.0 0 
91 0 0 0.0 0 
73 64 347 0.0 0 
63 70 382 0.0 0 
89 126 612 0.0143884892086 0 
23 85 486 0.0113636363636 0 
100 0 0 0.0 0 
135 10 61 0.0294117647059 0 
37 107 537 0.0 0 
37 25 124 0.0 0 
66 43 225 0.0 0 
64 143 829 0.0 0 
21 0 0 0.0 0 
178 0 0 0.0 0 
77 0 0 0.0 0 
37 539 2861 0.0 0 
62 39 200 0.0 0 
65 47 246 0.0 0 
18 60 314 0.0615384615385 0 
53 253 1194 0.0189393939394 0 
47 64 333 0.013698630137 0 
43 0 0 0.0 0 
31 98 514 0.0288461538462 0 
35 155 816 0.04375 0 
34 182 1034 0.0 0 
138 214 1311 0.0 0 
50 117 623 0.0 0 
106 0 0 0.0 0 
189 0 0 0.0333333333333 0 
86 235 1177 0.011811023622 0 
21 358 1856 0.01108033241 0 
28 129 659 0.0526315789474 0 
48 237 1234 0.0082304526749 0 
45 17 81 0.0 0 
42 309 1639 0.0286624203822 0 
69 88 432 0.0 0 
89 21 101 0.0 0 
71 140 722 0.0 0 
24 18 81 0.0 0 
119 0 0 0.0 0 
63 36 208 0.0 0 
75 223 1482 0.0042194092827 0 
22 63 293 0.0 0 
61 95 464 0.0 0 
46 165 864 0.0115606936416 0 
83 0 0 0.0 0 
62 0 0 0.0833333333333 0 
74 0 0 0.0 0 
42 189 995 0.030612244898 0 
58 0 0 0.111111111111 0 
37 60 307 0.0 0 
68 0 0 0.0 0 
40 47 260 0.0 0 
33 140 775 0.00689655172414 0 
47 14 85 0.0 0 
36 181 934 0.0322580645161 0 
49 107 591 0.0 0 
45 27 120 0.0 0 
72 0 0 0.0 0 
31 42 212 0.0 0 
31 77 387 0.0121951219512 0 
36 102 522 0.0 0 
85 213 1065 0.00881057268722 0 
32 0 0 0.0 0 
161 0 0 0.0 0 
79 0 0 0.0 0 
42 88 529 0.0208333333333 0 
102 287 1469 0.00993377483444 0 
98 224 1140 0.0375 0 
195 0 0 0.0 0 
76 49 254 0.016393442623 0 
34 105 560 0.00884955752212 0 
35 50 287 0.0 0 
40 0 0 0.0 0 
290 0 0 0.125 0 
43 244 1259 0.0 0 
69 18 88 0.0 0 
70 40 182 0.0 0 
86 66 335 0.0240963855422 0 
72 141 773 0.0264900662252 0 
116 9 50 0.0 0 
56 25 129 0.0 0 
63 25 124 0.0 0 
109 257 1597 0.0 0 
40 0 0 0.333333333333 0 
21 312 1699 0.00952380952381 0 
57 0 0 0.0 0 
46 0 0 0.0 0 
60 130 602 0.00709219858156 0 
73 0 0 0.0 0 
39 52 306 0.0 0 
67 128 678 0.0 0 
129 0 0 0.0 0 
79 0 0 0.0714285714286 0 
63 25 155 0.0 0 
154 0 0 0.0 0 
73 118 596 0.00763358778626 0 
26 292 1449 0.026936026936 0 
59 0 0 0.0 0 
18 69 363 0.0 0 
115 0 0 0.0 0 
277 0 0 0.0408163265306 0 
61 0 0 0.0 0 
24 122 630 0.024 0 
51 118 575 0.0 0 
46 83 444 0.0 0 
63 0 0 0.0 0 
47 0 0 0.0 0 
24 45 251 0.0 0 
43 0 0 0.0 0 
26 51 250 0.0 0 
66 189 987 0.0150753768844 0 
45 0 0 0.0 0 
58 79 436 0.0 0 
12 181 888 0.0218579234973 0 
128 259 1376 0.00354609929078 0 
65 126 659 0.0 0 
71 212 1030 0.00446428571429 0 
49 102 523 0.0183486238532 0 
37 70 357 0.0126582278481 0 
53 329 1694 0.0207715133531 0 
39 0 0 0.0 0 
25 37 229 0.0 0 
25 44 213 0.0 0 
91 0 0 0.142857142857 0 
56 83 411 0.0 0 
27 48 227 0.0377358490566 0 
72 156 832 0.0 0 
105 0 0 0.0 0 
86 88 447 0.07 0 
63 93 493 0.00980392156863 0 
58 0 0 0.0 0 
28 163 836 0.00602409638554 0 
42 88 529 0.0208333333333 0 
60 57 295 0.0 0 
33 100 570 0.0 0 
49 160 856 0.0 0 
20 0 0 0.0 0 
94 104 506 0.0168067226891 0 
93 0 0 0.0 0 
37 26 129 0.0571428571429 0 
53 78 382 0.0 0 
91 236 1284 0.0 0 
46 164 933 0.0 0 
67 46 240 0.0 0 
75 0 0 0.0714285714286 0 
70 172 902 0.0 0 
20 0 0 0.0 0 
49 0 0 0.0 0 
40 286 1614 0.013698630137 0 
81 0 0 0.0 0 
47 75 394 0.0120481927711 0 
15 18 115 0.0 0 
52 129 612 0.0 0 
84 32 168 0.0 0 
47 101 514 0.00892857142857 0 
73 154 872 0.0240963855422 0 
82 0 0 0.0 0 
53 71 419 0.0 0 
27 102 529 0.0 0 
73 42 215 0.0 0 
163 0 0 0.0434782608696 0 
81 0 0 0.0 0 
174 228 1151 0.0 0 
43 106 605 0.0175438596491 0 
99 88 486 0.0188679245283 0 
65 60 329 0.027397260274 0 
37 0 0 0.0 0 
23 6 25 0.0 0 
26 0 0 0.0 0 
64 11 55 0.0 0 
47 70 365 0.025641025641 0 
43 0 0 0.0 0 
69 0 0 0.0 0 
32 216 1449 0.0 0 
85 0 0 0.0 0 
16 11 53 0.0 0 
37 0 0 0.0 0 
11 0 0 0.0 0 
35 0 0 0.0 0 
51 7 33 0.0 0 
27 3 18 0.0 0 
11 0 0 0.0 0 
87 5 24 0.0 0 
20 0 0 0.0 0 
33 9 40 0.0 0 
107 0 0 0.0 0 
123 0 0 0.0384615384615 0 
21 0 0 0.25 0 
17 0 0 0.0 0 
46 4 17 0.0 0 
24 0 0 0.0 0 
52 7 38 0.0 0 
1 0 0 0 0 
34 3 14 0.0 0 
37 0 3 0.0 0 
15 0 0 0.0 0 
69 4 13 0.0 0 
8 0 0 0.0 0 
75 3 8 0.0 0 
46 6 25 0.0 0 
53 6 26 0.222222222222 0 
34 1 5 0.0 0 
40 0 0 0.0 0 
75 0 0 0.0 0 
49 1 10 0.0 0 
70 6 27 0.0 0 
39 8 42 0.0 0 
54 4 10 0.0 0 
21 3 14 0.0 0 
8 0 0 0.0 0 
34 0 0 0.0 0 
69 89 446 0.0 0 
54 8 47 0.0 0 
13 12 52 0.0 0 
61 0 0 0.0 0 
34 8 39 0.0 0 
72 11 61 0.0 0 
51 16 65 0.04 0 
32 3 12 0.0 0 
40 0 0 0.0 0 
67 0 0 0.0 0 
12 4 21 0.0 0 
18 1 41 0.0 0 
35 9 31 0.0 0 
18 69 322 0.0 0 
20 0 0 0.0 0 
7 22 101 0.0 0 
47 6 30 0.0 0 
70 12 58 0.0 0 
39 0 0 0.0 0 
6 25 142 0.0740740740741 0 
48 114 574 0.0 0 
45 6 29 0.0 0 
31 4 11 0.0 0 
25 0 0 0.0 0 
42 3 12 0.0 0 
23 45 218 0.0 0 
85 17 79 0.0 0 
46 3 18 0.0 0 
35 0 0 0.0 0 
33 4 13 0.0 0 
62 11 45 0.0 0 
62 0 0 0.0 0 
61 9 36 0.0 0 
52 0 0 0.0 0 
44 4 21 0.0 0 
38 2 23 0.0 0 
41 2 5 0.0 0 
13 0 0 0.0 0 
30 8 29 0.0 0 
56 82 419 0.0860215053763 0 
89 4 18 0.0 0 
8 0 0 0.0 0 
6 0 0 0.0 0 
55 0 0 0.0 0 
21 6 31 0.0 0 
35 324 1889 0.00301204819277 0 
11 0 0 0.0 0 
62 5 24 0.0 0 
13 0 0 0.0 0 
26 6 23 0.0 0 
20 0 0 0.0 0 
27 38 164 0.0 0 
55 7 28 0.0 0 
81 0 0 0.0 0 
17 0 0 0.0 0 
9 0 0 0.0 0 
31 8 29 0.0 0 
69 6 24 0.0 0 
10 13 83 0.0 0 
34 3 11 0.0 0 
40 2 22 0.0 0 
25 0 0 0.0 0 
53 0 0 0.0 0 
44 0 0 0.0 0 
35 0 0 0.0 0 
40 0 0 0.0 0 
25 6 26 0.0 0 
24 3 13 0.0 0 
64 0 0 0.0 0 
70 0 0 0.0 0 
13 0 0 0.0 0 
35 0 0 0.0 0 
40 2 15 0.0 0 
23 0 0 0.0 0 
14 0 0 0.0 0 
49 6 27 0.0625 0 
17 0 0 0.0 0 
20 0 0 0.0 0 
33 0 0 0.0 0 
29 6 23 0.0 0 
15 214 1055 0.0 0 
39 0 0 0.111111111111 0 
8 0 0 0.0 0 
43 7 30 0.0 0 
21 0 0 0.0 0 
37 6 37 0.0 0 
52 4 16 0.0 0 
52 6 23 0.0 0 
9 0 0 0.0 0 
47 43 246 0.0 0 
47 10 44 0.0 0 
18 0 0 0.0 0 
21 0 0 0.0 0 
65 8 33 0.0 0 
32 6 27 0.0 0 
21 6 25 0.0 0 
33 32 140 0.0 0 
62 2 10 0.0 0 
59 2 14 0.0 0 
22 6 21 0.0 0 
30 0 0 0.0 0 
40 9 47 0.0 0 
63 6 28 0.0 0 
53 6 20 0.0 0 
17 0 0 0.0 0 
26 6 26 0.0 0 
8 0 0 0.0 0 
33 51 277 0.0 0 
9 0 0 0.0 0 
18 0 0 0.0 0 
48 6 29 0.0 0 
51 1 14 0.0 0 
45 10 50 0.0 0 
39 0 0 0.0 0 
30 0 0 0.0 0 
54 6 30 0.0 0 
5 23 105 0.0 0 
10 0 0 0.0 0 
15 0 0 0.0 0 
41 7 30 0.0 0 
54 8 30 0.0 0 
41 4 25 0.0 0 
68 0 0 0.0 0 
39 2 18 0.0 0 
34 0 0 0.0 0 
17 5 25 0.0 0 
59 2 10 0.0 0 
41 5 33 0.0 0 
21 98 485 0.0 0 
75 6 35 0.0 0 
30 7 35 0.0 0 
49 2 8 0.0 0 
48 2 10 0.0 0 
28 54 242 0.0166666666667 0 
13 126 607 0.0 0 
46 0 0 0.0 0 
42 6 31 0.0 0 
63 12 47 0.0 0 
8 0 0 0 0 
65 6 23 0.0 0 
55 5 25 0.0 0 
12 0 0 0.0 0 
56 0 0 0.0 0 
71 7 27 0.0 0 
34 6 32 0.0 0 
39 0 0 0.0 0 
71 3 19 0.0 0 
25 2 13 0.0 0 
35 6 24 0.0 0 
32 26 122 0.0 0 
43 3 12 0.0 0 
65 17 86 0.0 0 
23 0 0 0.0 0 
40 0 0 0.0 0 
36 0 0 0.0 0 
15 6 25 0.0 0 
21 25 112 0.0 0 
97 0 0 0.0 0 
68 6 30 0.0 0 
68 2 8 0.0 0 
63 5 21 0.0 0 
46 3 14 0.0 0 
7 0 0 0.0 0 
35 6 27 0.0 0 
32 0 0 0.0 0 
35 0 0 0.0 0 
15 0 0 0.0 0 
10 0 0 0.0 0 
28 0 0 0.0 0 
12 0 0 0.0 0 
49 6 30 0.0 0 
16 0 0 0.0 0 
47 6 26 0.0 0 
34 13 59 0.0 0 
41 4 13 0.0 0 
16 0 0 0.0 0 
4 0 0 0.0 0 
65 0 0 0.0 0 
61 3 13 0.0 0 
44 11 63 0.047619047619 0 
29 0 0 0.0 0 
83 3 12 0.0 0 
9 28 141 0.0 0 
37 0 0 0.0 0 
4 0 0 0.0 0 
27 0 0 0.0 0 
58 7 31 0.0 0 
5 0 0 0.0 0 
51 7 29 0.0 0 
82 11 56 0.0 0 
10 0 0 0.0 0 
84 0 0 0.0 0 
51 22 101 0.0 0 
40 11 43 0.0526315789474 0 
73 3 13 0.0 0 
37 5 18 0.0 0 
14 0 0 0.0 0 
66 25 119 0.025 0 
34 1 8 0.0 0 
43 3 12 0.0 0 
17 13 68 0.0 0 
50 44 219 0.0 0 
4 0 0 0.0 0 
47 2 10 0.0 0 
23 0 0 0.0 0 
62 4 16 0.0 0 
22 0 0 0.0 0 
24 0 0 0.0 0 
18 0 0 0.0 0 
27 0 0 0.0 0 
36 10 49 0.0 0 
41 76 399 0.0238095238095 0 
34 0 0 0.0 0 
113 253 1221 0.0 0 
53 4 18 0.0 0 
42 6 26 0.0 0 
22 0 0 0.0 0 
74 4 15 0.0 0 
12 0 0 0.0 0 
91 37 182 0.0 0 
15 0 0 0.0 0 
57 5 20 0.0 0 
21 11 49 0.0 0 
26 0 0 0.0 0 
34 0 0 0.0 0 
74 0 0 0.0 0 
52 7 30 0.0 0 
77 2 13 0.0 0 
130 7 57 0.0294117647059 0 
21 14 65 0.0555555555556 0 
21 0 0 0.0 0 
14 0 0 0.0 0 
54 0 0 0.0 0 
44 13 60 0.0 0 
24 25 119 0.0 0 
23 0 0 0.0 0 
17 15 97 0.0 0 
47 2 9 0.0 0 
75 15 74 0.0 0 
13 0 0 0.0 0 
47 8 49 0.0 0 
73 10 55 0.0 0 
75 0 0 0.0 0 
1 0 0 0 0 
5 17 89 0.0 0 
20 9 38 0.0 0 
84 5 19 0.0454545454545 0 
44 6 23 0.0 0 
58 4 16 0.0 0 
32 2 18 0.0 0 
77 0 0 0.0 0 
38 0 0 0.0 0 
49 7 33 0.0 0 
43 5 32 0.0 0 
66 4 25 0.0 0 
24 0 0 0.0 0 
71 5 19 0.0 0 
18 0 0 0.0 0 
23 0 0 0.0 0 
29 3 13 0.0 0 
58 6 26 0.0 0 
36 7 29 0.0769230769231 0 
3 0 0 0.0 0 
58 2 12 0.0 0 
9 0 0 0.0 0 
88 0 0 0.0 0 
25 0 0 0.0 0 
22 4 16 0.1 0 
53 3 10 0.0 0 
55 3 14 0.0 0 
34 0 0 0.0 0 
33 0 0 0.0 0 
46 0 0 0.0 0 
87 0 0 0.0 0 
26 23 104 0.0 0 
78 0 0 0.0 0 
17 0 0 0.0 0 
65 0 0 0.0 0 
67 2 14 0.0 0 
9 0 0 0.0 0 
34 2 10 0.0 0 
34 4 19 0.0 0 
44 7 32 0.0 0 
38 12 62 0.0 0 
25 0 0 0.0 0 
11 0 0 0.0 0 
33 6 24 0.0 0 
60 1 9 0.0 0 
48 0 0 0.0 0 
42 0 0 0.0 0 
50 6 26 0.0 0 
24 6 30 0.0 0 
54 0 0 0.0 0 
35 0 0 0.0 0 
46 0 0 0.0 0 
53 7 32 0.0 0 
51 12 66 0.0 0 
58 3 12 0.0 0 
41 3 10 0.0 0 
28 12 45 0.0 0 
19 131 629 0.0 0 
65 14 62 0.0 0 
40 2 11 0.0 0 
9 156 811 0.0253164556962 0 
72 0 0 0.0 0 
25 0 0 0.0 0 
24 0 0 0.0 0 
30 8 38 0.0 0 
65 6 33 0.0 0 
74 0 0 0.0 0 
55 1 6 0.0 0 
64 9 42 0.0 0 
56 4 16 0.0 0 
47 10 48 0.0 0 
30 0 0 0.0 0 
87 2 13 0.0 0 
35 0 0 0.0 0 
42 0 0 0.0 0 
73 8 34 0.0 0 
25 0 0 0.0 0 
34 83 407 0.0 0 
46 8 38 0.222222222222 0 
39 3 13 0.0 0 
16 0 0 0.0 0 
25 0 0 0.0 0 
41 6 27 0.0 0 
40 10 40 0.0 0 
15 0 0 0.0 0 
20 5 24 0.0 0 
32 3 15 0.0 0 
43 3 13 0.0 0 
70 8 37 0.0 0 
42 13 54 0.0 0 
70 7 30 0.0 0 
28 5 27 0.0 0 
79 3 17 0.0 0 
25 0 0 0.0 0 
41 4 19 0.0 0 
68 7 42 0.0 0 
44 5 26 0.0 0 
35 0 0 0.0 0 
22 4 20 0.0 0 
65 5 27 0.0 0 
78 2 10 0.0 0 
40 6 24 0.0 0 
60 15 79 0.0 0 
94 5 25 0.0 0 
69 0 0 0.0 0 
53 2 10 0.0 0 
47 6 24 0.0 0 
131 6 28 0.0 0 
37 5 25 0.0 0 
23 4 24 0.0 0 
57 0 0 0.0 0 
38 7 39 0.0 0 
34 15 78 0.0 0 
69 0 0 0.0 0 
27 46 228 0.0 0 
14 0 0 0.0 0 
49 11 50 0.0 0 
58 7 23 0.0 0 
11 0 0 0.0 0 
52 6 28 0.0 0 
49 9 41 0.0 0 
15 0 0 0.0 0 
55 7 35 0.0 0 
75 7 27 0.0 0 
27 4 21 0.0 0 
35 1 14 0.0 0 
37 0 0 0.0 0 
50 19 96 0.0 0 
4 0 0 0.0 0 
34 0 0 0.0 0 
53 7 32 0.0 0 
73 13 61 0.0 0 
68 6 30 0.0 0 
9 0 0 0.0 0 
45 0 0 0.0 0 
31 0 0 0.0 0 
9 0 0 0.0 0 
55 2 13 0.0 0 
45 0 0 0.0 0 
19 23 84 0.0 0 
35 8 37 0.0 0 
58 0 0 0.0 0 
99 26 128 0.0 0 
28 10 44 0.0 0 
6 0 0 0.0 0 
31 7 35 0.0 0 
52 39 245 0.0204081632653 0 
29 0 0 0.0 0 
47 0 0 0.0 0 
54 0 0 0.0 0 
70 0 0 0.0 0 
37 2 13 0.0 0 
33 7 25 0.0 0 
8 5 19 0.0 0 
42 3 24 0.0 0 
69 4 23 0.0 0 
90 0 0 0.0 0 
33 0 0 0.0 0 
44 0 0 0.0 0 
53 2 10 0.0 0 
54 0 0 0.0 0 
16 0 0 0.0 0 
27 5 23 0.0 0 
29 7 30 0.0 0 
44 53 246 0.0 0 
51 6 26 0.0 0 
15 6 25 0.0 0 
4 0 0 0.0 0 
48 6 25 0.0 0 
38 0 0 0.0 0 
39 5 23 0.0714285714286 0 
6 12 49 0.0 0 
18 0 0 0.0 0 
17 0 0 0.0 0 
16 0 0 0.0 0 
26 0 0 0.0 0 
80 65 353 0.0 0 
29 0 0 0.0 0 
47 4 20 0.0 0 
42 6 23 0.0 0 
38 3 11 0.0 0 
32 3 17 0.0 0 
62 10 45 0.0 0 
33 4 12 0.0 0 
34 4 11 0.0 0 
47 5 28 0.0666666666667 0 
32 2 10 0.0 0 
65 0 0 0.0 0 
73 0 0 0.0 0 
9 0 0 0.0 0 
68 1 7 0.0 0 
44 142 783 0.0 0 
40 4 33 0.0 0 
20 6 23 0.0 0 
8 0 0 0.0 0 
27 0 0 0.0 0 
17 8 33 0.0 0 
22 0 0 0.0 0 
51 6 26 0.0 0 
33 8 40 0.0 0 
29 0 2 0.0 0 
49 0 0 0.0 0 
47 21 110 0.0 0 
63 5 17 0.0 0 
45 0 0 0.0 0 
10 0 0 0.0 0 
30 5 28 0.0 0 
39 0 0 0.0 0 
42 5 19 0.0 0 
70 0 0 0.0 0 
24 3 14 0.0 0 
21 0 0 0.0 0 
13 0 0 0.0 0 
77 9 49 0.0 0 
94 10 50 0.0 0 
55 0 0 0.0 0 
54 2 12 0.0 0 
51 0 0 0.0 0 
73 4 15 0.0 0 
35 62 290 0.0 0 
46 0 0 0.0 0 
31 3 15 0.0 0 
51 0 0 0.0 0 
41 4 20 0.0 0 
31 4 20 0.0 0 
23 0 0 0.0 0 
46 7 33 0.0 0 
18 9 41 0.0 0 
41 8 35 0.0 0 
46 0 0 0.0 0 
58 5 21 0.0 0 
31 9 41 0.0 0 
86 0 0 0.0 0 
72 1 9 0.0 0 
48 3 16 0.0 0 
11 15 69 0.0 0 
42 5 23 0.0 0 
40 4 18 0.0 0 
41 0 0 0.0 0 
87 2 7 0.0 0 
41 3 18 0.0 0 
27 0 0 0.0 0 
34 6 27 0.0 0 
37 4 20 0.0 0 
59 7 27 0.0 0 
54 10 45 0.0 0 
59 0 0 0.0 0 
21 0 0 0.0 0 
22 0 0 0.0 0 
40 8 40 0.0 0 
61 10 47 0.0 0 
97 47 249 0.0 0 
5 0 0 0.0 0 
63 6 19 0.0 0 
26 22 88 0.0 0 
80 0 0 0.0 0 
31 0 0 0.0 0 
34 2 12 0.0 0 
8 0 0 0.0 0 
65 2 14 0.0 0 
37 7 42 0.0 0 
45 1 9 0.0 0 
32 1 6 0.0 0 
33 0 0 0.0 0 
8 17 96 0.0 0 
37 16 86 0.0 0 
11 26 137 0.0 0 
63 9 32 0.0 0 
19 44 182 0.0 0 
29 0 0 0.0 0 
9 2 10 0.0 0 
9 0 0 0.0 0 
10 0 0 0.0 0 
66 6 22 0.0 0 
10 0 0 0.0 0 
28 0 0 0.0 0 
92 3 17 0.0 0 
28 41 190 0.0222222222222 0 
24 0 0 0.0 0 
71 53 267 0.0 0 
120 35 189 0.0 0 
45 7 29 0.0 0 
50 2 15 0.0 0 
18 0 0 0.0 0 
8 0 0 0.0 0 
30 2 12 0.0 0 
43 9 40 0.0 0 
14 0 0 0.0 0 
11 11 63 0.0 0 
38 8 40 0.0 0 
39 3 16 0.0 0 
86 15 72 0.0 0 
36 3 20 0.0 0 
13 0 0 0.0 0 
57 1 11 0.0 0 
52 0 0 0.0 0 
7 0 0 0.0 0 
96 6 25 0.0 0 
33 3 13 0.0 0 
30 4 17 0.0 0 
33 0 0 0.0 0 
132 7 32 0.0 0 
41 4 18 0.0 0 
6 0 0 0.0 0 
34 0 0 0.0 0 
74 6 18 0.0 0 
46 0 0 0.0 0 
55 4 12 0.0 0 
23 0 0 0.0 0 
45 5 23 0.0 0 
9 5 31 0.0 0 
32 2 18 0.0 0 
8 239 1272 0.0124481327801 0 
30 4 23 0.0 0 
76 11 57 0.242424242424 0 
70 3 13 0.0 0 
37 0 0 0.0 0 
7 0 0 0.0 0 
68 6 31 0.0 0 
55 36 175 0.0 0 
22 2 11 0.0 0 
35 4 13 0.0 0 
43 0 11 0.0 0 
37 7 41 0.0 0 
15 0 0 0.0 0 
61 2 10 0.0 0 
66 38 189 0.0408163265306 0 
26 0 0 0.0 0 
28 10 42 0.111111111111 0 
45 85 456 0.0 0 
34 0 0 0.0 0 
22 17 67 0.130434782609 0 
42 11 45 0.0 0 
17 49 206 0.0 0 
25 11 55 0.0 0 
21 0 0 0.0 0 
73 0 0 0.0 0 
39 12 51 0.0 0 
18 0 0 0.0 0 
35 0 0 0.0 0 
19 0 0 0.0 0 
30 3 28 0.0 0 
43 9 47 0.0 0 
40 8 43 0.0 0 
25 0 0 0.0 0 
45 3 16 0.0 0 
45 13 57 0.0 0 
74 3 12 0.0 0 
42 12 58 0.0 0 
14 0 0 0.0 0 
21 0 0 0.0 0 
29 0 0 0.0 0 
8 0 0 0.0 0 
36 1 4 0.0 0 
48 0 0 0.142857142857 0 
24 0 0 0.0 0 
7 0 0 0.0 0 
35 0 0 0.0 0 
58 6 33 0.0 0 
26 4 14 0.0 0 
41 3 11 0.0 0 
81 1 11 0.05 0 
38 9 40 0.0 0 
39 2 15 0.0 0 
72 5 21 0.0 0 
1 0 0 0 0 
21 0 0 0.2 0 
46 2 16 0.0 0 
59 9 37 0.0 0 
20 0 0 0.0 0 
45 4 16 0.0 0 
52 9 43 0.0 0 
55 0 0 0.0 0 
52 22 96 0.0 0 
20 8 49 0.0 0 
43 2 14 0.0 0 
131 0 0 0.0357142857143 0 
47 0 0 0.0 0 
52 7 33 0.0 0 
52 1 10 0.0 0 
66 7 33 0.0 0 
30 0 0 0.0 0 
50 3 9 0.0 0 
98 0 0 0.0 0 
84 5 17 0.0 0 
38 3 11 0.0 0 
42 2 10 0.0 0 
12 0 0 0.0 0 
61 1 5 0.0 0 
38 6 26 0.0 0 
93 0 0 0.0 0 
78 8 34 0.0 0 
40 0 0 0.0 0 
14 0 0 0.0 0 
270 0 0 0.0181818181818 0 
13 0 0 0.0 0 
46 0 0 0.0 0 
54 4 13 0.0 0 
43 3 15 0.0 0 
72 0 0 0.0 0 
22 0 0 0.0 0 
43 3 14 0.0 0 
72 4 17 0.0 0 
92 45 188 0.0 0 
46 5 26 0.0 0 
45 9 37 0.0 0 
57 3 11 0.0 0 
77 4 13 0.0 0 
21 0 0 0.0 0 
70 0 0 0.0 0 
53 6 26 0.0 0 
23 5 27 0.0 0 
112 8 45 0.0 0 
53 1 9 0.0 0 
41 12 52 0.0 0 
11 0 0 0.0 0 
29 0 0 0.0 0 
33 8 39 0.0 0 
45 10 38 0.0 0 
39 138 766 0.0 0 
34 4 27 0.0 0 
20 0 0 0.0 0 
32 4 21 0.0 0 
33 10 38 0.0 0 
6 0 0 0.0 0 
42 2 12 0.0 0 
103 10 56 0.0 0 
16 0 0 0.0 0 
31 13 49 0.0 0 
34 7 49 0.0 0 
35 1 8 0.0 0 
42 11 44 0.0 0 
61 5 16 0.0 0 
53 3 19 0.0 0 
40 4 16 0.0 0 
26 1 8 0.0 0 
167 3 15 0.0 0 
42 0 0 0.0 0 
7 0 0 0.0 0 
49 9 35 0.0 0 
7 0 0 0.0 0 
16 0 0 0.0 0 
32 71 343 0.0 0 
44 3 14 0.0 0 
54 0 0 0.0909090909091 0 
31 19 66 0.0 0 
20 8 35 0.0 0 
44 11 52 0.0 0 
57 1 14 0.0 0 
1 0 0 0 0 
9 0 0 0.0 0 
31 1 13 0.0 0 
63 4 14 0.0 0 
13 0 0 0.0 0 
35 0 0 0.0 0 
25 6 36 0.0 0 
84 0 0 0.0 0 
12 0 0 0.0 0 
44 0 0 0.0 0 
1 0 0 0 0 
22 6 28 0.0 0 
26 0 0 0.0 0 
47 123 612 0.030303030303 0 
18 14 98 0.0 0 
1 0 0 0 0 
41 12 48 0.0 0 
17 0 0 0.0 0 
43 20 157 0.0 0 
29 1 12 0.0 0 
89 5 17 0.0 0 
52 34 176 0.0 0 
37 0 0 0.0 0 
10 24 121 0.0 0 
29 3 17 0.0 0 
31 0 0 0.0 0 
18 0 0 0.0 0 
127 3 11 0.0 0 
33 7 39 0.0 0 
22 4 21 0.0 0 
23 15 88 0.0 0 
59 9 43 0.0 0 
47 57 277 0.0 0 
10 0 0 0.0 0 
52 0 0 0.0 0 
38 0 0 0.125 0 
38 0 0 0.0 0 
32 5 33 0.0 0 
34 6 27 0.0 0 
79 38 183 0.0 0 
31 0 0 0.0 0 
36 4 17 0.0 0 
56 0 0 0.0 0 
37 0 0 0.0 0 
74 5 19 0.0 0 
53 9 48 0.0 0 
26 0 0 0.0 0 
20 0 0 0.0 0 
49 0 0 0.0 0 
44 12 44 0.0 0 
61 8 33 0.0 0 
55 0 0 0.0 0 
71 5 18 0.0 0 
26 8 41 0.0 0 
28 550 2800 0.0107913669065 0 
19 0 0 0.0 0 
57 6 29 0.0 0 
30 4 18 0.0 0 
57 6 26 0.0 0 
30 8 30 0.0 0 
68 0 0 0.0 0 
20 0 0 0.0 0 
28 2 11 0.111111111111 0 
51 3 14 0.0 0 
16 14 82 0.0 0 
61 12 74 0.0 0 
38 0 0 0.0 0 
47 7 40 0.0 0 
16 0 0 0.0 0 
60 34 160 0.0212765957447 0 
83 4 21 0.0 0 
51 2 12 0.0 0 
53 9 40 0.0 0 
38 2 7 0.0 0 
58 0 0 0.0 0 
56 5 19 0.0 0 
11 19 90 0.0 0 
13 0 0 0.0 0 
13 0 0 0.0 0 
2 0 0 0 0 
69 4 28 0.0 0 
42 0 0 0.0 0 
53 4 20 0.0 0 
35 2 10 0.0 0 
15 0 0 0.0 0 
13 0 0 0.0 0 
14 0 0 0.0 0 
74 5 21 0.0 0 
66 8 32 0.0 0 
34 2 12 0.0 0 
55 2 11 0.0 0 
52 5 28 0.0 0 
29 0 0 0.0 0 
22 0 0 0.0 0 
36 5 39 0.0 0 
39 0 0 0.0 0 
35 7 33 0.0 0 
41 0 0 0.0 0 
41 48 237 0.0 0 
21 0 0 0.0 0 
26 0 0 0.0 0 
13 32 140 0.0 0 
18 4 24 0.0 0 
46 8 35 0.0 0 
48 10 46 0.0526315789474 0 
50 0 0 0.0 0 
30 62 322 0.0 0 
30 0 0 0.0 0 
28 7 36 0.0 0 
37 8 35 0.0 0 
28 0 0 0.0 0 
16 0 0 0.0 0 
97 6 36 0.0 0 
17 0 0 0.0 0 
35 8 36 0.0 0 
19 0 0 0.0 0 
65 6 27 0.0 0 
24 0 0 0.0 0 
37 70 340 0.0 0 
48 7 38 0.0 0 
70 0 0 0.0 0 
40 2 9 0.0 0 
8 0 0 0.0 0 
21 5 24 0.0 0 
48 9 34 0.0 0 
23 0 0 0.0 0 
37 4 17 0.0 0 
40 130 771 0.0 0 
50 0 0 0.0 0 
12 0 0 0.0 0 
53 0 0 0.0 0 
18 8 44 0.0 0 
33 44 221 0.0 0 
38 5 24 0.0 0 
56 0 0 0.0 0 
12 0 0 0.0 0 
52 9 34 0.0 0 
22 0 0 0.0 0 
69 5 15 0.0 0 
8 0 0 0.0 0 
40 1 1 0.0 0 
46 0 0 0.125 0 
28 44 203 0.0 0 
54 3 17 0.0 0 
13 0 0 0.0 0 
26 0 0 0.0 0 
25 7 25 0.0 0 
72 9 35 0.0 0 
54 0 0 0.0 0 
56 4 11 0.0 0 
39 8 34 0.0 0 
12 9 41 0.0 0 
58 6 35 0.0 0 
56 44 210 0.0 0 
42 0 0 0.0 0 
18 0 0 0.0 0 
31 0 0 0.0 0 
23 0 0 0.333333333333 0 
50 8 34 0.0 0 
98 0 0 0.0 0 
66 0 0 0.0 0 
42 6 26 0.0 0 
17 0 0 0.0 0 
37 8 45 0.0 0 
52 0 0 0.0 0 
40 2 14 0.0 0 
85 0 0 0.0526315789474 0 
52 4 17 0.0 0 
8 0 0 0.0 0 
9 0 0 0.0 0 
8 0 0 0.0 0 
37 4 20 0.0 0 
50 0 0 0.0 0 
42 1 8 0.0 0 
52 5 30 0.0588235294118 0 
17 0 0 0.0 0 
12 20 75 0.0 0 
51 12 53 0.0 0 
42 18 79 0.0 0 
62 0 0 0.0 0 
29 26 129 0.0 0 
80 26 129 0.0 0 
33 0 0 0.0 0 
12 0 0 0.0 0 
19 44 220 0.0 0 
56 0 0 0.0 0 
114 0 0 0.0 0 
48 6 32 0.0 0 
9 0 0 0.0 0 
8 0 0 0.0 0 
47 8 44 0.0 0 
14 0 0 0.0 0 
67 11 48 0.0 0 
14 0 0 0.0 0 
64 14 69 0.0 0 
48 17 78 0.0 0 
42 38 183 0.0 0 
38 0 0 0.0 0 
64 0 0 0.0 0 
73 5 33 0.0 0 
33 68 332 0.0 0 
15 0 0 0.0 0 
68 21 85 0.0571428571429 0 
34 2 14 0.0 0 
31 0 0 0.0 0 
8 0 0 0.0 0 
68 6 31 0.0 0 
54 6 33 0.0 0 
46 3 15 0.0 0 
33 4 19 0.0 0 
30 149 729 0.0 0 
12 5 20 0.0 0 
30 4 17 0.0 0 
34 6 27 0.0 0 
13 94 462 0.0 0 
60 4 22 0.0 0 
28 0 0 0.0 0 
39 0 0 0.0 0 
42 5 30 0.0 0 
20 11 64 0.0 0 
150 4 22 0.0 0 
47 5 16 0.0 0 
23 0 0 0.0 0 
54 0 0 0.0 0 
32 2 10 0.0 0 
51 7 32 0.0 0 
83 11 42 0.0 0 
24 79 379 0.0 0 
28 0 0 0.0 0 
57 7 30 0.0 0 
33 0 0 0.0 0 
58 14 85 0.0 0 
31 1 10 0.0 0 
38 29 170 0.0 0 
43 148 707 0.00645161290323 0 
19 58 294 0.0 0 
45 63 343 0.0 0 
21 34 157 0.0 0 
47 30 174 0.0 0 
80 77 356 0.0 0 
45 229 1422 0.0253164556962 0 
43 31 149 0.047619047619 0 
121 27 136 0.0 0 
52 102 523 0.0 0 
60 23 104 0.0 0 
69 43 220 0.0526315789474 0 
32 149 742 0.0448717948718 0 
23 65 321 0.0735294117647 0 
28 0 0 0.0 0 
39 79 422 0.0 0 
12 17 78 0.0 0 
49 13 73 0.0909090909091 0 
32 90 517 0.0103092783505 0 
35 70 352 0.118421052632 0 
47 94 499 0.0 0 
9 30 176 0.0 0 
21 74 366 0.0126582278481 0 
37 12 63 0.0 0 
35 43 214 0.0 0 
49 131 670 0.0 0 
46 49 256 0.0862068965517 0 
10 118 589 0.00833333333333 0 
17 92 512 0.0315789473684 0 
24 64 278 0.0 0 
75 0 0 0.125 0 
50 138 650 0.0 0 
72 105 530 0.0 0 
75 356 1975 0.0189189189189 0 
65 449 2379 0.00217391304348 0 
40 3 14 0.0 0 
41 30 147 0.0263157894737 0 
32 215 1101 0.0593607305936 0 
28 39 211 0.0 0 
35 70 333 0.0 0 
19 10 54 0.0 0 
21 51 255 0.0 0 
38 4 15 0.0714285714286 0 
41 147 780 0.00649350649351 0 
18 75 380 0.0126582278481 0 
21 120 605 0.0406504065041 0 
41 47 222 0.0357142857143 0 
70 78 438 0.0 0 
32 0 0 0.333333333333 0 
10 28 129 0.0 0 
16 47 221 0.04 0 
16 51 244 0.0545454545455 0 
15 33 166 0.108108108108 0 
27 38 179 0.0227272727273 0 
37 90 446 0.112244897959 0 
46 32 172 0.0 0 
36 7 31 0.0 0 
37 51 262 0.0701754385965 0 
8 0 0 0.0 0 
26 43 212 0.0408163265306 0 
122 225 1474 0.0612244897959 0 
27 0 0 0.0 0 
25 102 539 0.0 0 
33 81 463 0.0229885057471 0 
8 34 174 0.0 0 
22 68 356 0.027397260274 0 
74 302 1683 0.073482428115 0 
125 12 63 0.0 0 
35 56 271 0.0806451612903 0 
17 29 142 0.0625 0 
48 106 521 0.00869565217391 0 
21 55 279 0.0338983050847 0 
84 97 503 0.0265486725664 0 
32 51 255 0.0 0 
69 0 0 0.0 0 
14 35 211 0.027027027027 0 
25 34 191 0.0 0 
49 85 447 0.0 0 
29 41 213 0.0 0 
55 65 417 0.25 0 
34 66 329 0.0 0 
21 0 0 0.0 0 
22 0 0 0.166666666667 0 
43 50 234 0.0333333333333 0 
47 94 496 0.0194174757282 0 
17 47 255 0.0 0 
16 166 870 0.0588235294118 0 
11 48 245 0.04 0 
17 32 175 0.0285714285714 0 
13 36 183 0.0 0 
56 139 680 0.0 0 
10 21 96 0.0 0 
14 63 292 0.0606060606061 0 
28 55 281 0.0166666666667 0 
27 0 0 0.0 0 
37 77 361 0.0487804878049 0 
59 110 536 0.0162601626016 0 
74 54 269 0.0428571428571 0 
23 6 37 0.0 0 
32 168 827 0.00578034682081 0 
17 46 252 0.0 0 
81 0 0 0.0 0 
31 28 140 0.0 0 
52 116 597 0.0 0 
16 26 138 0.0 0 
27 76 383 0.0125 0 
18 30 184 0.0 0 
23 27 147 0.0322580645161 0 
30 36 168 0.0 0 
34 42 191 0.0 0 
35 63 288 0.0 0 
15 44 228 0.0 0 
87 0 0 0.0 0 
67 55 266 0.0142857142857 0 
31 36 173 0.0 0 
69 0 0 0.0 0 
59 21 110 0.0689655172414 0 
57 158 764 0.0 0 
25 58 284 0.047619047619 0 
47 25 139 0.0 0 
55 21 83 0.0 0 
48 29 151 0.0 0 
22 64 368 0.0441176470588 0 
36 148 737 0.012987012987 0 
26 86 420 0.0222222222222 0 
64 48 258 0.0 0 
49 58 296 0.0 0 
58 30 143 0.025641025641 0 
42 65 305 0.041095890411 0 
28 17 80 0.0 0 
44 63 397 0.260273972603 0 
23 0 0 0.0 0 
14 63 305 0.0 0 
73 0 0 0.0 0 
35 33 162 0.0487804878049 0 
23 95 473 0.0505050505051 0 
29 104 476 0.0277777777778 0 
38 26 127 0.0 0 
15 21 107 0.04 0 
21 20 94 0.192307692308 0 
40 73 351 0.0375 0 
47 116 593 0.0393700787402 0 
22 35 185 0.0 0 
69 116 600 0.0077519379845 0 
56 73 349 0.0 0 
42 7 27 0.117647058824 0 
75 2 12 0.0 0 
85 0 0 0.111111111111 0 
33 60 329 0.0 0 
53 54 277 0.0 0 
31 27 129 0.0 0 
20 56 302 0.0 0 
29 25 111 0.0333333333333 0 
47 60 385 0.271428571429 0 
20 46 240 0.0 0 
19 45 250 0.0 0 
18 75 399 0.0 0 
16 30 133 0.0 0 
20 0 0 0.0 0 
10 0 0 0.0 0 
45 39 200 0.0212765957447 0 
79 25 127 0.0 0 
102 136 709 0.0128205128205 0 
35 46 246 0.0576923076923 0 
41 39 209 0.0 0 
16 19 109 0.0833333333333 0 
40 248 1316 0.00392156862745 0 
130 0 0 0.0 0 
21 128 651 0.0375939849624 0 
48 35 162 0.0 0 
25 52 258 0.0175438596491 0 
52 106 615 0.0 0 
27 58 280 0.0 0 
30 118 613 0.0483870967742 0 
15 63 314 0.030303030303 0 
46 0 0 0.181818181818 0 
17 19 76 0.0909090909091 0 
40 53 255 0.0161290322581 0 
27 62 329 0.0606060606061 0 
21 30 154 0.0 0 
28 47 223 0.0 0 
39 116 600 0.0 0 
149 0 0 0.047619047619 0 
118 49 254 0.0281690140845 0 
102 46 253 0.0 0 
62 234 1268 0.0204081632653 0 
26 46 206 0.0 0 
27 101 525 0.0373831775701 0 
29 91 458 0.0408163265306 0 
18 9 44 0.0 0 
46 0 0 0.0 0 
31 25 135 0.0 0 
17 27 113 0.0 0 
17 40 228 0.0454545454545 0 
28 61 324 0.0588235294118 0 
157 0 0 0.0 0 
77 0 0 0.0 0 
45 76 368 0.0119047619048 0 
56 3 16 0.0 0 
26 73 335 0.0 0 
49 22 103 0.030303030303 0 
56 169 862 0.00564971751412 0 
19 65 289 0.0422535211268 0 
51 62 388 0.256756756757 0 
34 64 317 0.0416666666667 0 
26 66 333 0.0277777777778 0 
26 43 225 0.0425531914894 0 
54 314 1658 0.0185185185185 0 
42 192 972 0.005 0 
57 113 625 0.024 0 
49 45 221 0.0727272727273 0 
37 33 156 0.0487804878049 0 
15 103 463 0.130841121495 0 
59 129 723 0.00729927007299 0 
47 0 0 0.0 0 
15 43 225 0.0434782608696 0 
34 0 0 0.0 0 
35 129 644 0.0518518518519 0 
39 453 2577 0.0694143167028 0 
45 44 216 0.0 0 
22 0 0 0.0 0 
28 71 326 0.0810810810811 0 
19 67 343 0.0 0 
26 120 673 0.0 0 
26 36 224 0.0 0 
14 45 213 0.0 0 
36 44 202 0.0 0 
50 20 110 0.0 0 
43 40 197 0.0 0 
39 0 0 0.0 0 
45 48 283 0.0185185185185 0 
40 206 1054 0.0 0 
83 47 228 0.0461538461538 0 
50 435 2559 0.0693512304251 0 
51 120 614 0.0534351145038 0 
49 0 0 0.0 0 
44 0 0 0.0 0 
33 42 208 0.0 0 
51 0 0 0.1 0 
36 31 161 0.0 0 
56 103 496 0.0 0 
33 20 96 0.0714285714286 0 
35 33 169 0.1 0 
22 60 318 0.03125 0 
65 30 143 0.0227272727273 0 
9 34 141 0.027027027027 0 
30 22 117 0.0714285714286 0 
82 0 0 0.0 0 
36 33 172 0.0 0 
47 26 130 0.0 0 
50 40 200 0.0 0 
28 23 131 0.0 0 
29 92 522 0.0 0 
20 28 150 0.03125 0 
32 120 543 0.0546875 0 
17 115 542 0.0 0 
13 39 208 0.0975609756098 0 
34 20 94 0.04 0 
18 38 199 0.0 0 
92 2 11 0.166666666667 0 
31 109 582 0.0 0 
49 13 63 0.0434782608696 0 
25 17 70 0.05 0 
8 60 346 0.0645161290323 0 
32 38 180 0.0 0 
31 20 84 0.0740740740741 0 
68 93 466 0.0 0 
78 0 0 0.0666666666667 0 
33 75 348 0.0 0 
57 0 0 0.0 0 
38 33 157 0.0 0 
15 54 258 0.0344827586207 0 
74 0 0 0.0714285714286 0 
31 93 470 0.0 0 
60 0 0 0.0 0 
45 82 416 0.0113636363636 0 
98 31 151 0.0943396226415 0 
56 23 96 0.0277777777778 0 
97 1 7 0.0 0 
8 53 291 0.0 0 
27 59 285 0.0634920634921 0 
17 37 179 0.0 0 
17 22 108 0.0 0 
7 25 121 0.037037037037 0 
40 111 550 0.0 0 
53 106 551 0.0 0 
44 59 369 0.246376811594 0 
32 41 212 0.0 0 
43 0 0 0.111111111111 0 
61 72 381 0.0125 0 
92 0 0 0.0 0 
32 165 911 0.0118343195266 0 
31 32 148 0.0 0 
60 55 263 0.147058823529 0 
37 90 411 0.07 0 
22 40 195 0.0 0 
40 38 165 0.0869565217391 0 
19 69 392 0.0 0 
95 91 467 0.0188679245283 0 
43 36 178 0.0 0 
41 0 0 0.0 0 
51 0 0 0.222222222222 0 
29 6 26 0.0 0 
78 0 0 0.0 0 
27 39 198 0.0697674418605 0 
21 19 96 0.0 0 
29 0 0 0.0 0 
52 102 535 0.0 0 
58 239 1284 0.0 0 
34 74 350 0.0 0 
90 0 0 0.0 0 
75 150 806 0.0 0 
32 62 313 0.0 0 
74 15 78 0.0 0 
25 59 288 0.0 0 
52 165 838 0.0 0 
50 43 211 0.0 0 
12 91 466 0.0212765957447 0 
27 62 320 0.0 0 
8 66 303 0.0294117647059 0 
44 44 246 0.0 0 
66 101 524 0.00909090909091 0 
112 0 0 0.0 0 
18 93 476 0.0416666666667 0 
20 30 158 0.0 0 
39 48 267 0.0 0 
10 18 86 0.0 0 
70 6 28 0.05 0 
33 25 125 0.0 0 
82 0 0 0.0555555555556 0 
42 82 478 0.0112359550562 0 
47 111 565 0.0666666666667 0 
59 0 0 0.142857142857 0 
33 16 72 0.0454545454545 0 
28 25 116 0.0 0 
54 53 252 0.0 0 
23 73 359 0.0649350649351 0 
34 45 202 0.0 0 
62 0 0 0.0 0 
27 28 136 0.0 0 
47 61 317 0.0 0 
16 108 500 0.0540540540541 0 
20 76 369 0.0 0 
74 57 299 0.0 0 
43 79 374 0.0348837209302 0 
4 22 119 0.0 0 
43 74 394 0.0 0 
33 95 471 0.03 0 
29 46 222 0.0 0 
66 6 25 0.05 0 
15 77 370 0.0617283950617 0 
19 39 196 0.047619047619 0 
53 53 294 0.0 0 
22 110 535 0.0 0 
39 146 765 0.0705128205128 0 
26 53 273 0.0344827586207 0 
20 35 177 0.0731707317073 0 
49 93 480 0.049504950495 0 
44 38 166 0.0625 0 
36 71 350 0.0 0 
8 14 70 0.0625 0 
41 68 322 0.012987012987 0 
31 8 43 0.0666666666667 0 
33 49 245 0.0535714285714 0 
51 0 0 0.0 0 
34 8 38 0.0 0 
58 10 36 0.130434782609 0 
58 54 269 0.03125 0 
34 133 695 0.0 0 
19 44 209 0.0625 0 
51 14 77 0.0 0 
23 32 144 0.0 0 
65 58 291 0.0 0 
18 287 1380 0.00344827586207 0 
18 30 156 0.171428571429 0 
49 111 619 0.0 0 
29 99 619 0.126213592233 0 
61 0 0 0.0 0 
28 30 152 0.0 0 
41 45 230 0.0 0 
73 259 1351 0.0147601476015 0 
40 80 368 0.0 0 
113 0 0 0.0869565217391 0 
22 39 165 0.0888888888889 0 
28 41 227 0.0 0 
58 102 473 0.0176991150442 0 
29 55 270 0.0166666666667 0 
20 51 249 0.0 0 
56 11 58 0.0 0 
69 48 272 0.0 0 
49 42 194 0.0 0 
32 0 0 0.0 0 
51 0 0 0.0 0 
21 137 716 0.0 0 
43 67 323 0.0 0 
58 147 735 0.0 0 
25 76 362 0.15 0 
14 115 618 0.0588235294118 0 
26 22 124 0.0 0 
29 58 306 0.0 0 
54 60 294 0.0 0 
43 81 431 0.0222222222222 0 
31 45 244 0.0 0 
39 51 271 0.0172413793103 0 
19 12 60 0.0 0 
46 84 436 0.0760869565217 0 
25 7 38 0.0 0 
39 58 287 0.0161290322581 0 
16 24 136 0.0 0 
22 101 599 0.0 0 
69 8 39 0.0 0 
19 110 505 0.0265486725664 0 
66 39 171 0.0 0 
40 120 587 0.047619047619 0 
31 145 705 0.02 0 
31 35 166 0.0238095238095 0 
8 60 293 0.0483870967742 0 
30 45 223 0.0 0 
17 0 0 0.0 0 
14 26 128 0.0344827586207 0 
28 19 103 0.0 0 
25 98 524 0.0588235294118 0 
24 38 194 0.0 0 
55 0 0 0.0 0 
45 57 291 0.0454545454545 0 
57 311 1735 0.03125 0 
18 11 49 0.0666666666667 0 
39 89 422 0.0 0 
34 156 759 0.0674846625767 0 
74 0 0 0.0 0 
7 43 216 0.0434782608696 0 
11 104 498 0.0188679245283 0 
43 97 468 0.0 0 
44 0 0 0.0 0 
42 18 91 0.0 0 
74 166 818 0.0 0 
36 42 206 0.0 0 
226 0 0 0.0 0 
40 18 81 0.0 0 
50 25 113 0.0 0 
27 19 109 0.0 0 
47 12 61 0.0 0 
52 118 655 0.0 0 
40 28 144 0.0 0 
46 17 105 0.0 0 
45 51 265 0.0 0 
76 479 2408 0.0 0 
29 81 407 0.0 0 
29 41 193 0.0 0 
9 23 108 0.0 0 
48 39 204 0.0 0 
40 208 1114 0.0093023255814 0 
16 45 232 0.0425531914894 0 
41 50 263 0.0 0 
28 46 239 0.0 0 
16 72 314 0.118421052632 0 
49 0 0 0.0 0 
54 79 377 0.0112359550562 0 
43 68 341 0.0 0 
19 34 173 0.0 0 
35 14 72 0.05 0 
51 0 0 0.0 0 
21 36 184 0.0 0 
20 77 424 0.0125 0 
68 0 0 0.0769230769231 0 
55 94 477 0.0 0 
63 23 121 0.0 0 
36 59 324 0.0909090909091 0 
24 53 268 0.0 0 
46 24 90 0.108108108108 0 
59 0 0 0.0909090909091 0 
39 18 72 0.0 0 
9 34 211 0.0555555555556 0 
41 43 260 0.0204081632653 0 
83 0 0 0.0 0 
10 50 238 0.0 0 
34 0 0 0.333333333333 0 
30 30 143 0.0285714285714 0 
48 37 179 0.0227272727273 0 
37 41 235 0.06 0 
16 78 394 0.0246913580247 0 
26 0 0 0.0 0 
20 114 539 0.0762711864407 0 
50 54 297 0.0 0 
7 56 262 0.0 0 
42 51 313 0.0 0 
51 38 211 0.0 0 
103 25 156 0.0 0 
28 112 578 0.0420168067227 0 
69 60 274 0.027027027027 0 
32 89 437 0.0842105263158 0 
16 127 635 0.031007751938 0 
27 173 888 0.0 0 
34 6 34 0.0 0 
44 115 613 0.00819672131148 0 
56 47 242 0.0566037735849 0 
35 42 218 0.0 0 
81 47 227 0.0 0 
68 0 0 0.0 0 
22 120 560 0.00793650793651 0 
27 63 333 0.0 0 
45 0 0 0.0 0 
66 53 254 0.0 0 
71 0 0 0.0714285714286 0 
16 101 499 0.0952380952381 0 
37 37 171 0.046511627907 0 
21 50 235 0.111111111111 0 
26 40 201 0.0 0 
34 73 371 0.0 0 
53 71 340 0.0243902439024 0 
80 100 512 0.0990990990991 0 
27 67 310 0.027397260274 0 
42 97 485 0.0188679245283 0 
42 48 231 0.122807017544 0 
78 36 165 0.0 0 
32 96 455 0.0192307692308 0 
55 116 528 0.0 0 
19 43 205 0.0 0 
19 260 1348 0.00380228136882 0 
39 65 321 0.041095890411 0 
19 16 65 0.0526315789474 0 
37 0 0 0.0 0 
50 62 389 0.27397260274 0 
25 90 457 0.0 0 
41 106 634 0.00900900900901 0 
11 27 124 0.0 0 
26 30 157 0.0 0 
20 47 248 0.0 0 
56 172 866 0.0540540540541 0 
9 9 33 0.0909090909091 0 
84 81 413 0.0 0 
41 55 253 0.0645161290323 0 
51 65 410 0.263157894737 0 
28 97 504 0.0196078431373 0 
50 33 136 0.0232558139535 0 
21 28 140 0.0625 0 
20 47 238 0.0408163265306 0 
189 218 1267 0.0522088353414 0 
30 56 283 0.0 0 
21 95 466 0.06 0 
22 19 99 0.0909090909091 0 
30 32 150 0.0810810810811 0 
35 102 518 0.0183486238532 0 
26 0 0 0.0 0 
27 57 312 0.0327868852459 0 
18 39 188 0.0227272727273 0 
11 49 265 0.0 0 
49 0 0 0.166666666667 0 
43 0 0 0.0 0 
29 75 379 0.0 0 
39 34 171 0.0243902439024 0 
76 53 287 0.0 0 
72 0 0 0.0769230769231 0 
21 14 66 0.0 0 
19 121 611 0.0 0 
47 2 15 0.181818181818 0 
40 39 208 0.0 0 
57 70 356 0.0 0 
34 20 91 0.153846153846 0 
94 112 549 0.046875 0 
179 496 2453 0.0205992509363 0 
55 31 140 0.025 0 
131 118 561 0.0135135135135 0 
27 28 143 0.0588235294118 0 
54 52 237 0.047619047619 0 
63 9 36 0.0434782608696 0 
42 55 268 0.0 0 
20 51 269 0.0178571428571 0 
28 76 381 0.075 0 
17 29 121 0.0 0 
29 8 32 0.2 0 
21 27 136 0.0645161290323 0 
30 56 286 0.0327868852459 0 
82 44 206 0.0 0 
40 85 434 0.010752688172 0 
103 0 0 0.0714285714286 0 
19 49 226 0.0 0 
14 39 204 0.0 0 
24 28 133 0.0 0 
21 40 208 0.0888888888889 0 
34 45 251 0.0392156862745 0 
38 85 433 0.0989010989011 0 
20 12 57 0.0555555555556 0 
32 180 903 0.0 0 
29 89 447 0.0531914893617 0 
30 16 96 0.0 0 
87 66 324 0.0 0 
27 75 375 0.025 0 
38 53 232 0.0689655172414 0 
20 47 207 0.0 0 
57 39 218 0.0 0 
34 12 55 0.0 0 
20 11 59 0.3125 0 
10 12 65 0.0 0 
43 87 454 0.010752688172 0 
62 0 0 0.0 0 
37 3 23 0.1 0 
24 58 307 0.031746031746 0 
36 49 258 0.0175438596491 0 
29 67 338 0.027397260274 0 
14 29 142 0.15625 0 
14 91 430 0.0531914893617 0 
27 43 204 0.0416666666667 0 
29 19 98 0.0 0 
37 29 155 0.105263157895 0 
13 66 324 0.0 0 
25 39 203 0.0227272727273 0 
17 39 213 0.0 0 
74 83 452 0.0 0 
78 182 1005 0.0103626943005 0 
16 46 237 0.0 0 
98 0 0 0.0 0 
23 77 408 0.0243902439024 0 
20 91 449 0.0 0 
40 28 125 0.108108108108 0 
62 11 69 0.1 0 
48 67 307 0.0 0 
23 32 193 0.0 0 
125 0 0 0.0 0 
71 10 41 0.0 0 
45 0 0 0.142857142857 0 
49 0 0 0.0 0 
32 85 412 0.0425531914894 0 
26 13 61 0.0 0 
21 26 114 0.0333333333333 0 
20 240 1198 0.0 0 
19 25 131 0.0 0 
44 36 180 0.0 0 
15 24 115 0.0357142857143 0 
49 21 119 0.0 0 
79 73 395 0.0 0 
28 60 306 0.0 0 
14 24 116 0.0384615384615 0 
52 127 657 0.0144927536232 0 
16 43 201 0.0 0 
20 48 242 0.0 0 
33 43 225 0.0 0 
40 76 386 0.0357142857143 0 
39 91 504 0.0102040816327 0 
110 139 711 0.0251572327044 0 
16 14 82 0.0 0 
62 0 0 0.0 0 
51 85 433 0.03125 0 
8 40 227 0.0238095238095 0 
57 0 0 0.0 0 
38 50 246 0.0 0 
42 127 702 0.0373134328358 0 
41 37 189 0.0 0 
12 32 140 0.0294117647059 0 
29 176 852 0.0 0 
70 432 2209 0.0653153153153 0 
24 108 583 0.0 0 
41 67 311 0.0 0 
81 20 100 0.030303030303 0 
23 65 341 0.0142857142857 0 
16 32 145 0.0 0 
101 177 992 0.0 0 
30 285 1497 0.0103806228374 0 
55 18 81 0.0 0 
67 115 641 0.0232558139535 0 
42 47 243 0.0 0 
20 136 710 0.0428571428571 0 
84 78 392 0.114583333333 0 
23 228 1255 0.030303030303 0 
58 0 0 0.0909090909091 0 
49 0 0 0.125 0 
32 41 206 0.0 0 
49 26 144 0.030303030303 0 
45 75 372 0.0 0 
47 57 367 0.238805970149 0 
36 0 0 0.0 0 
9 66 326 0.0144927536232 0 
5 0 0 0.0 0 
48 81 381 0.0 0 
25 45 220 0.02 0 
23 83 460 0.0116279069767 0 
31 41 203 0.0 0 
19 0 0 0.0 0 
12 24 127 0.0 0 
15 53 299 0.0 0 
37 36 160 0.0 0 
65 0 0 0.0 0 
51 46 231 0.0181818181818 0 
51 36 188 0.0 0 
41 50 252 0.0677966101695 0 
18 69 349 0.0 0 
74 64 306 0.0540540540541 0 
45 268 1489 0.0290909090909 0 
20 26 131 0.0 0 
22 87 421 0.0 0 
41 132 652 0.0 0 
35 63 301 0.0 0 
49 38 197 0.0 0 
69 16 75 0.0357142857143 0 
4 0 0 0.0 0 
80 27 145 0.0238095238095 0 
18 78 424 0.0243902439024 0 
129 12 55 0.0 0 
49 41 194 0.04 0 
42 65 311 0.0 0 
25 56 275 0.0 0 
51 19 143 0.037037037037 0 
55 0 0 0.0 0 
86 12 69 0.0 0 
44 130 562 0.0579710144928 0 
33 0 0 0.0 0 
56 25 125 0.0 0 
52 0 0 0.0 0 
30 111 569 0.0 0 
65 130 680 0.0 0 
40 35 203 0.0 0 
36 0 0 0.0 0 
69 9 46 0.0526315789474 0 
43 149 818 0.0320512820513 0 
30 208 1134 0.0 0 
27 14 70 0.0555555555556 0 
58 0 0 0.0 0 
24 35 164 0.025641025641 0 
36 0 0 0.0 0 
41 0 0 0.125 0 
47 0 0 0.0 0 
44 33 158 0.0243902439024 0 
20 38 193 0.0487804878049 0 
28 18 84 0.0 0 
49 53 309 0.0 0 
49 27 146 0.0 0 
15 72 360 0.0526315789474 0 
29 51 253 0.0 0 
34 62 334 0.0147058823529 0 
21 121 621 0.0396825396825 0 
24 27 127 0.0 0 
59 64 314 0.0 0 
18 51 235 0.0 0 
48 132 719 0.0575539568345 0 
81 100 482 0.036036036036 0 
60 17 91 0.1 0 
65 0 0 0.0769230769231 0 
26 126 613 0.0 0 
8 30 159 0.125 0 
28 55 240 0.147540983607 0 
20 89 416 0.0217391304348 0 
50 47 211 0.0 0 
32 295 2103 0.0369127516779 0 
42 55 290 0.0327868852459 0 
26 78 399 0.0 0 
20 52 225 0.0 0 
41 36 183 0.0 0 
17 41 209 0.0454545454545 0 
38 6 26 0.0666666666667 0 
39 89 474 0.0842105263158 0 
9 53 276 0.0181818181818 0 
49 41 224 0.1 0 
49 64 410 0.253333333333 0 
61 83 395 0.0425531914894 0 
67 97 478 0.0185185185185 0 
39 13 64 0.0 0 
47 106 511 0.0169491525424 0 
24 24 147 0.0714285714286 0 
45 28 126 0.0540540540541 0 
28 24 108 0.0 0 
25 21 103 0.0 0 
66 0 0 0.0909090909091 0 
38 185 925 0.0368421052632 0 
20 57 316 0.016393442623 0 
41 51 264 0.0 0 
24 34 166 0.0 0 
25 55 265 0.0 0 
67 0 0 0.0 0 
36 71 303 0.0526315789474 0 
42 36 184 0.0 0 
25 0 0 0.0 0 
18 122 622 0.0 0 
28 92 460 0.030612244898 0 
63 41 213 0.0 0 
64 186 999 0.0 0 
58 11 53 0.181818181818 0 
27 84 458 0.0113636363636 0 
64 77 404 0.0116279069767 0 
19 25 123 0.0 0 
82 76 416 0.0 0 
27 24 115 0.0 0 
53 65 301 0.0 0 
76 0 0 0.0 0 
69 144 705 0.0 0 
16 57 298 0.0 0 
26 0 0 0.25 0 
53 54 263 0.09375 0 
48 32 162 0.046511627907 0 
15 0 0 0.0 0 
17 42 214 0.0833333333333 0 
49 55 293 0.0 0 
42 81 420 0.0113636363636 0 
7 63 297 0.015625 0 
45 29 139 0.0 0 
37 0 0 0.166666666667 0 
8 13 68 0.0666666666667 0 
17 61 282 0.046875 0 
30 62 326 0.0 0 
27 85 452 0.0 0 
50 171 914 0.00555555555556 0 
79 0 0 0.0 0 
15 80 393 0.0 0 
64 67 304 0.0 0 
39 184 1042 0.0824742268041 0 
18 62 353 0.0 0 
37 707 3694 0.0364656381487 0 
40 67 331 0.0666666666667 0 
31 22 127 0.0740740740741 0 
102 42 208 0.0 0 
25 33 142 0.0 0 
93 146 751 0.00613496932515 0 
36 46 229 0.169811320755 0 
44 33 160 0.047619047619 0 
29 16 95 0.0 0 
24 34 203 0.0 0 
97 118 554 0.00751879699248 0 
27 25 132 0.0 0 
9 25 132 0.0740740740741 0 
27 60 311 0.10447761194 0 
19 59 279 0.126984126984 0 
58 104 510 0.034188034188 0 
30 10 42 0.0 0 
30 22 100 0.0333333333333 0 
9 25 104 0.037037037037 0 
37 66 311 0.0277777777778 0 
71 15 72 0.0 0 
14 49 243 0.0769230769231 0 
265 0 0 0.0357142857143 0 
35 34 191 0.0 0 
44 164 839 0.0 0 
57 64 339 0.0416666666667 0 
14 40 198 0.0232558139535 0 
68 5 25 0.0 0 
13 31 159 0.121212121212 0 
114 0 0 0.0 0 
53 0 0 0.0 0 
32 96 457 0.0294117647059 0 
61 0 0 0.0 0 
44 12 69 0.0 0 
22 79 443 0.0243902439024 0 
62 40 202 0.0 0 
20 39 184 0.0 0 
39 40 243 0.0 0 
89 0 0 0.0 0 
56 48 209 0.05 0 
18 73 354 0.0 0 
22 144 705 0.0335570469799 0 
88 0 0 0.0 0 
52 0 0 0.0 0 
24 31 173 0.0294117647059 0 
38 4 15 0.0 0 
63 62 327 0.0 0 
15 43 202 0.127659574468 0 
34 35 189 0.0 0 
52 19 94 0.0322580645161 0 
81 0 0 0.0 0 
132 0 0 0.0 0 
45 97 466 0.0185185185185 0 
102 502 2468 0.00770712909441 0 
46 24 154 0.0 0 
54 0 0 0.111111111111 0 
90 25 127 0.0 0 
34 58 305 0.015625 0 
45 0 0 0.0 0 
52 33 163 0.0 0 
40 5 25 0.0 0 
78 28 142 0.0 0 
29 47 233 0.0 0 
19 20 126 0.0434782608696 0 
13 53 279 0.0350877192982 0 
95 62 304 0.0 0 
103 0 0 0.0666666666667 0 
66 39 187 0.0576923076923 0 
72 78 461 0.0 0 
32 3 12 0.0 0 
18 73 380 0.0909090909091 0 
76 52 259 0.0606060606061 0 
24 84 426 0.0 0 
16 25 106 0.037037037037 0 
17 73 378 0.025641025641 0 
32 52 262 0.0172413793103 0 
73 25 103 0.157894736842 0 
46 56 276 0.0307692307692 0 
18 56 297 0.0666666666667 0 
39 5 21 0.0 0 
53 84 423 0.0106382978723 0 
52 38 193 0.0208333333333 0 
25 43 202 0.0612244897959 0 
105 0 0 0.0 0 
12 47 253 0.04 0 
43 130 760 0.0441176470588 0 
59 47 258 0.0 0 
9 27 123 0.0689655172414 0 
61 43 192 0.0178571428571 0 
28 49 268 0.0 0 
40 17 87 0.08 0 
20 263 1391 0.0149253731343 0 
58 6 27 0.105263157895 0 
28 32 161 0.0789473684211 0 
36 37 170 0.111111111111 0 
72 12 56 0.115384615385 0 
14 21 101 0.0 0 
30 43 227 0.0 0 
30 173 861 0.0564971751412 0 
87 0 0 0.0625 0 
18 67 348 0.142857142857 0 
39 15 113 0.0416666666667 0 
11 25 130 0.037037037037 0 
65 27 133 0.0 0 
44 18 100 0.0 0 
29 57 305 0.0 0 
12 43 193 0.0 0 
87 55 254 0.0 0 
48 23 113 0.0 0 
56 148 714 0.0191082802548 0 
42 69 361 0.0810810810811 0 
34 103 517 0.118181818182 0 
45 32 145 0.0 0 
82 58 291 0.0138888888889 0 
41 220 1301 0.0266666666667 0 
60 75 336 0.0116279069767 0 
22 84 411 0.0113636363636 0 
34 46 238 0.0 0 
18 26 124 0.0 0 
60 155 828 0.0180722891566 0 
181 147 868 0.0944444444444 0 
26 91 468 0.0947368421053 0 
34 69 323 0.0131578947368 0 
91 50 241 0.0281690140845 0 
25 32 170 0.0 0 
88 22 100 0.0 0 
76 58 306 0.0 0 
16 47 266 0.078431372549 0 
30 87 446 0.142857142857 0 
8 26 150 0.0689655172414 0 
109 215 1152 0.00431034482759 0 
21 31 177 0.0 0 
76 0 0 0.0 0 
30 93 492 0.030303030303 0 
35 0 0 0.0 0 
43 72 371 0.0128205128205 0 
31 61 271 0.0606060606061 0 
84 0 0 0.0 0 
24 390 1900 0.00253164556962 0 
19 27 144 0.0 0 
70 0 0 0.0 0 
18 69 313 0.0 0 
15 75 353 0.012987012987 0 
15 93 481 0.0 0 
123 0 0 0.0 0 
53 300 1722 0.0 0 
23 78 348 0.0 0 
28 102 448 0.0555555555556 0 
74 20 120 0.0 0 
46 11 57 0.047619047619 0 
64 105 500 0.0 0 
53 0 0 0.1 0 
12 24 121 0.0 0 
58 47 235 0.0172413793103 0 
34 41 211 0.0212765957447 0 
16 56 277 0.0338983050847 0 
19 224 1182 0.0440528634361 0 
54 116 567 0.0 0 
48 63 402 0.256756756757 0 
24 52 248 0.0 0 
14 19 101 0.0869565217391 0 
15 1269 6735 0.00235849056604 0 
91 0 0 0.0 0 
46 0 0 0.428571428571 0 
17 102 540 0.0380952380952 0 
27 0 0 0.0 0 
8 0 0 0.0 0 
119 0 0 0.047619047619 0 
61 84 438 0.0104166666667 0 
7 28 141 0.0666666666667 0 
74 242 1316 0.0314960629921 0 
61 72 403 0.0731707317073 0 
73 51 237 0.09375 0 
46 14 60 0.0869565217391 0 
34 57 293 0.015625 0 
41 86 426 0.0215053763441 0 
48 283 1447 0.00682593856655 0 
64 83 518 0.0 0 
27 52 259 0.0 0 
35 12 55 0.0 0 
62 20 97 0.0294117647059 0 
48 130 630 0.0503597122302 0 
47 116 592 0.0 0 
48 83 517 0.0 0 
41 37 178 0.0 0 
32 38 180 0.0 0 
39 19 107 0.0 0 
34 32 176 0.0 0 
52 57 275 0.0597014925373 0 
74 0 0 0.0909090909091 0 
21 57 282 0.0 0 
33 62 281 0.0422535211268 0 
