10 50 0 0.0 
17 127 53 0.00429491768074 
13 81 168 0.0123348017621 
9 45 72 0.00769686204855 
11 73 46 0.0189873417722 
16 104 0 0.0103601381352 
3 15 37 0.00579150579151 
10 57 0 0.00185528756957 
12 70 0 0.0446570972887 
26 132 88 0.00478468899522 
6 57 126 0.0 
5 30 51 0.00536672629696 
30 193 0 0.0 
13 72 55 0.0120689655172 
24 148 81 0.0156494522692 
14 86 42 0.00787401574803 
15 88 0 0.0 
7 39 74 0.0 
54 282 0 0.00945179584121 
4 21 36 0.00205761316872 
7 48 108 0.00686106346484 
15 73 0 0.0434782608696 
7 40 41 0.0106951871658 
16 87 93 0.0394736842105 
7 55 100 0.00616016427105 
9 52 28 0.0 
10 51 69 0.0275387263339 
15 88 41 0.00385109114249 
7 47 60 0.0114942528736 
14 83 109 0.00188916876574 
8 56 34 0.0120481927711 
22 108 139 0.016501650165 
7 38 78 0.00909090909091 
4 34 101 0.00132802124834 
17 94 54 0.00770178681454 
9 40 48 0.0109546165884 
6 43 34 0.00310848616724 
10 58 30 0.0 
12 71 113 0.0 
6 36 120 0.00761421319797 
15 97 558 0.00491803278689 
17 92 40 0.0842105263158 
8 38 0 0.0 
20 128 67 0.0046439628483 
12 77 131 0.00308166409861 
17 90 60 0.0109589041096 
7 38 54 0.0239043824701 
12 77 51 0.0634920634921 
2 14 162 0.0112044817927 
11 59 45 0.0 
6 36 0 0.0 
8 48 76 0.0 
12 81 94 0.0365853658537 
11 53 98 0.00819672131148 
12 68 0 0.0430107526882 
6 39 69 0.00454545454545 
23 137 74 0.0 
12 67 174 0.00681198910082 
7 52 0 0.0470588235294 
8 36 286 0.00757097791798 
7 38 45 0.00313479623824 
4 20 226 0.0 
30 147 48 0.00387596899225 
4 42 190 0.00636492220651 
7 53 0 0.0 
14 75 92 0.00688073394495 
7 50 48 0.021978021978 
8 50 72 0.025 
6 32 38 0.00377358490566 
6 43 72 0.0 
15 90 50 0.0 
5 40 84 0.0 
22 144 0 0.0 
10 59 71 0.0118615774774 
14 66 55 0.0143540669856 
19 104 113 0.00917431192661 
7 37 56 0.00748930099857 
19 101 39 0.0187165775401 
6 42 93 0.000857632933105 
6 46 48 0.0301794453507 
6 34 0 0.0 
7 51 93 0.00841093421448 
7 47 0 0.00317965023847 
5 30 107 0.0015026296018 
7 41 44 0.00322061191626 
12 71 50 0.0 
6 35 56 0.00655737704918 
8 47 1753 0.00761523046092 
7 52 91 0.0 
1 5 41 0.00446428571429 
40 264 0 0.00370828182942 
18 98 0 0.00600600600601 
8 39 153 0.00234192037471 
22 124 47 0.00755124056095 
13 76 122 0.00645017793594 
7 44 0 0.0384615384615 
8 62 0 0.0472440944882 
20 125 0 0.0214592274678 
11 61 110 0.00322580645161 
19 99 51 0.00627177700348 
12 81 0 0.0 
20 109 113 0.00599483204134 
9 43 145 0.00684931506849 
9 57 0 0.0 
8 68 34 0.00245098039216 
4 18 199 0.0100582318687 
7 37 57 0.00414937759336 
9 44 275 0.0129254631624 
9 55 130 0.00568181818182 
20 138 63 0.00350058343057 
6 37 61 0.00564971751412 
19 99 394 0.0063202247191 
9 58 49 0.00617283950617 
13 79 44 0.00659340659341 
6 37 104 0.00544507575758 
20 113 171 0.00964391691395 
12 88 74 0.0 
5 26 0 0.00688073394495 
9 57 0 0.0 
12 67 0 0.0431034482759 
12 67 28 0.00357781753131 
15 90 0 0.0045871559633 
13 89 39 0.000804505229284 
34 186 101 0.00467289719626 
5 41 70 0.00227790432802 
4 25 46 0.0 
5 42 39 0.020942408377 
16 96 67 0.00497512437811 
16 76 44 0.00849858356941 
5 38 100 0.00167597765363 
10 58 50 0.0119205298013 
6 48 89 0.00249687890137 
11 84 72 0.00547945205479 
4 19 95 0.0570652173913 
9 40 61 0.00723589001447 
17 100 0 0.0 
3 24 51 0.0 
14 97 0 0.00602409638554 
11 60 71 0.0 
6 39 86 0.00525152017689 
13 79 73 0.00343053173242 
18 101 104 0.0 
7 41 89 0.0 
3 26 98 0.0 
21 125 62 0.0147755784778 
47 289 186 0.00437636761488 
12 79 0 0.0258620689655 
15 80 58 0.00429711479435 
7 46 595 0.00970873786408 
23 149 0 0.0 
8 55 0 0.004662004662 
6 38 51 0.0111111111111 
26 134 0 0.020618556701 
6 34 41 0.0307692307692 
7 37 37 0.0 
5 33 59 0.0178849144635 
20 111 79 0.00867052023121 
5 29 59 0.00732600732601 
6 37 371 0.00109170305677 
17 96 0 0.010183299389 
6 36 64 0.00564617314931 
22 105 129 0.0178817056396 
3 15 137 0.0108726752504 
13 62 47 0.00630914826498 
16 89 57 0.019801980198 
7 46 43 0.00219298245614 
8 47 0 0.0123674911661 
12 70 430 0.00135135135135 
9 46 0 0.0182767624021 
9 43 254 0.00519357884797 
17 98 54 0.013986013986 
26 130 58 0.00275735294118 
8 44 147 0.00985828712261 
8 52 0 0.0 
11 61 82 0.0113636363636 
7 48 91 0.0201793721973 
11 57 49 0.0 
14 74 81 0.0112596762843 
5 37 62 0.0 
6 48 177 0.0372881355932 
10 56 105 0.0101449275362 
7 34 93 0.015873015873 
10 64 48 0.0108695652174 
13 75 55 0.0 
6 40 40 0.0471698113208 
13 71 57 0.0116959064327 
27 143 38 0.0233644859813 
9 48 158 0.0114416475973 
12 65 0 0.166666666667 
2 15 37 0.0140776699029 
16 126 0 0.0277777777778 
16 88 58 0.00286532951289 
7 49 68 0.00609756097561 
5 36 105 0.0114942528736 
3 20 37 0.0 
3 22 41 0.00464166357222 
7 47 62 0.00274725274725 
13 69 54 0.00728929384966 
28 161 41 0.00352112676056 
10 60 0 0.0361445783133 
12 59 64 0.0 
13 80 131 0.00631578947368 
3 24 419 0.00205338809035 
8 54 0 0.00549450549451 
8 35 83 0.00473933649289 
7 37 63 0.0048 
7 47 98 0.00322061191626 
5 27 85 0.00255102040816 
12 66 37 0.0102339181287 
14 75 77 0.010989010989 
8 40 56 0.0123711340206 
14 69 70 0.00484429065744 
5 26 91 0.0 
12 60 43 0.002849002849 
7 42 83 0.00110987791343 
4 23 59 0.00830564784053 
9 53 229 0.0 
3 24 83 0.0 
17 105 383 0.004914004914 
14 82 45 0.00292397660819 
13 88 149 0.0109649122807 
15 90 52 0.010101010101 
14 74 36 0.0 
13 64 157 0.0140562248996 
8 55 173 0.00340715502555 
6 39 61 0.00459770114943 
4 18 88 0.0246533127889 
20 111 0 0.0152905198777 
9 52 53 0.0152542372881 
9 55 0 0.030303030303 
3 21 0 0.0 
11 89 0 0.0 
13 74 69 0.0025078369906 
7 44 0 0.0355029585799 
3 17 119 0.00555555555556 
46 300 0 0.016 
12 59 89 0.00393700787402 
15 81 0 0.005703599813 
7 42 63 0.0104633781764 
3 19 41 0.00917431192661 
15 62 103 0.00990849039452 
15 89 107 0.0 
5 25 59 0.00459921156373 
12 62 74 0.0 
14 87 69 0.0 
14 68 65 0.0122448979592 
18 107 0 0.00500550605666 
10 58 65 0.00749063670412 
10 63 45 0.00117924528302 
9 60 54 0.00411522633745 
11 56 39 0.0130813953488 
11 65 90 0.0 
15 74 58 0.0 
7 41 101 0.00536480686695 
23 136 66 0.00651890482399 
8 44 83 0.00169779286927 
11 80 50 0.00174520069808 
22 148 160 0.00476829086574 
11 60 83 0.0301204819277 
7 39 0 0.0 
12 58 146 0.00855310049893 
10 65 65 0.0 
9 56 0 0.0 
8 45 101 0.0107142857143 
4 25 85 0.0224719101124 
10 58 36 0.0277777777778 
5 30 51 0.0 
19 105 661 0.0142180094787 
13 73 52 0.00970873786408 
7 43 97 0.0472440944882 
14 90 114 0.0105695830887 
7 37 146 0.00516224188791 
27 146 0 0.0277777777778 
10 71 0 0.0 
11 71 113 0.0096463022508 
16 90 81 0.00177304964539 
5 33 39 0.0132450331126 
2 14 50 0.00765306122449 
7 41 71 0.00292397660819 
15 76 37 0.0 
20 111 67 0.00139664804469 
4 26 89 0.00254323499491 
15 74 47 0.00393184796855 
22 138 107 0.00356294536817 
27 157 60 0.000907441016334 
12 72 67 0.00707547169811 
31 205 39 0.00935550935551 
7 40 280 0.0133333333333 
3 16 37 0.0 
11 66 0 0.0 
10 65 0 0.0251889168766 
13 76 0 0.0165562913907 
9 54 0 0.00961538461538 
50 280 99 0.00608664518439 
7 42 41 0.00590551181102 
14 79 122 0.00641025641026 
21 122 40 0.00480769230769 
11 59 73 0.00398406374502 
6 41 37 0.00591715976331 
16 90 36 0.0199600798403 
4 30 46 0.0 
14 80 59 0.00289575289575 
10 62 0 0.0 
13 72 0 0.0159574468085 
16 103 56 0.0106638229805 
10 64 40 0.0160427807487 
31 226 0 0.0 
12 68 53 0.013397642015 
18 97 44 0.00848656294201 
19 98 0 0.0 
3 18 43 0.0035948403468 
12 76 88 0.00473933649289 
13 81 60 0.00843727072634 
6 39 70 0.00240096038415 
14 77 0 0.0253807106599 
10 54 98 0.0132714001327 
26 136 80 0.00986193293886 
43 231 86 0.0243889915794 
21 118 51 0.00769230769231 
12 61 237 0.0130330776211 
11 64 39 0.0203562340967 
15 91 0 0.0192307692308 
7 36 497 0.00569259962049 
15 85 0 0.0156794425087 
15 85 58 0.0119178989186 
19 136 0 0.0 
10 51 0 0.0246085011186 
11 68 0 0.00871970653677 
9 51 45 0.0169491525424 
34 189 0 0.0 
26 146 0 0.0129399585921 
25 122 83 0.00455580865604 
9 72 204 0.00132275132275 
9 57 317 0.00558659217877 
28 157 0 0.01875 
30 160 81 0.00585699559554 
8 54 0 0.015625 
6 43 34 0.010752688172 
15 87 0 0.0108783239323 
11 81 68 0.00816326530612 
26 126 53 0.0100502512563 
6 47 724 0.00188679245283 
26 161 481 0.0198347107438 
13 90 79 0.00874635568513 
3 12 37 0.0381355932203 
3 15 0 0.0 
14 91 206 0.00836605770872 
8 52 154 0.00111234705228 
16 78 54 0.0350076103501 
42 232 0 0.00734140678923 
19 114 286 0.00185528756957 
9 49 35 0.0 
5 41 0 0.0 
6 35 0 0.00467153284672 
13 60 0 0.0539772727273 
11 66 0 0.046783625731 
9 62 0 0.0 
6 43 99 0.00510204081633 
6 36 58 0.029197080292 
2 12 44 0.0174672489083 
12 77 61 0.0054347826087 
8 55 114 0.0122205846229 
7 29 137 0.0134623474968 
9 65 82 0.0210843373494 
6 38 110 0.0122699386503 
3 25 71 0.00498753117207 
6 41 95 0.023598820059 
26 177 118 0.00402414486922 
5 29 63 0.00387596899225 
5 31 0 0.0 
20 108 30 0.0 
15 90 89 0.0045428733674 
23 120 84 0.00888888888889 
9 50 0 0.0215827338129 
7 37 0 0.0109592940507 
10 72 70 0.0 
10 57 61 0.0204678362573 
8 43 47 0.0258064516129 
7 44 86 0.00287631831256 
12 64 64 0.0133079847909 
5 31 65 0.0 
15 85 36 0.0132890365449 
11 68 76 0.00334448160535 
14 66 211 0.00240384615385 
16 80 54 0.0107284020327 
18 136 180 0.00865800865801 
11 83 94 0.0241935483871 
16 82 68 0.0142857142857 
17 91 73 0.00724637681159 
4 28 47 0.0 
10 60 55 0.0217723453018 
22 123 251 0.0101867572156 
4 30 51 0.00561797752809 
16 91 0 0.0118938700823 
3 15 52 0.00752351097179 
8 50 83 0.0 
13 82 61 0.00445434298441 
14 87 50 0.021521906226 
12 60 57 0.0310344827586 
6 47 161 0.00352733686067 
16 89 145 0.019656019656 
8 46 71 0.0350877192982 
13 86 40 0.020942408377 
10 54 0 0.0 
6 36 202 0.0171122994652 
4 26 38 0.00470588235294 
11 69 92 0.0151843817787 
45 290 94 0.00961567628234 
2 16 60 0.0124777183601 
12 70 50 0.00395256916996 
13 67 96 0.00520833333333 
15 80 86 0.0 
7 33 0 0.0 
4 25 0 0.0164473684211 
9 58 36 0.0266666666667 
9 60 38 0.0126582278481 
7 41 0 0.00600436681223 
5 28 71 0.0157766990291 
32 231 0 0.021472392638 
6 34 51 0.0 
8 49 68 0.00581395348837 
8 56 48 0.00152905198777 
15 69 64 0.00758853288364 
5 33 45 0.08 
8 38 62 0.0231213872832 
12 76 40 0.004 
11 66 47 0.00507614213198 
7 50 100 0.00492610837438 
12 68 1043 0.00421274354924 
12 57 38 0.00214132762313 
13 74 39 0.0140845070423 
4 24 124 0.0 
5 30 52 0.0 
19 98 68 0.0239234449761 
11 60 75 0.00510204081633 
8 45 228 0.0342245989305 
7 46 51 0.0 
16 85 56 0.0134465675867 
17 85 72 0.0215827338129 
8 57 176 0.0258620689655 
12 68 455 0.0 
2 17 73 0.0266666666667 
8 47 244 0.0173357664234 
17 112 55 0.0109905897565 
10 51 96 0.00942329438372 
10 61 48 0.0135135135135 
11 64 45 0.0192592592593 
15 73 47 0.017793594306 
10 63 48 0.00992555831266 
4 23 71 0.0 
10 60 40 0.00714285714286 
14 103 47 0.00571428571429 
6 38 0 0.0 
9 49 73 0.0102771722205 
8 51 51 0.00980392156863 
3 29 58 0.0116279069767 
6 43 34 0.0129752564876 
17 89 0 0.00685776985324 
18 101 173 0.0159066808059 
13 78 96 0.0 
4 30 92 0.00571428571429 
12 58 56 0.00675675675676 
11 54 45 0.00478269910584 
17 109 0 0.00977198697068 
10 45 199 0.0125885129819 
11 63 0 0.0 
4 32 73 0.0 
14 81 40 0.00524934383202 
12 62 0 0.0 
10 41 105 0.0289256198347 
15 81 19 0.0 
10 59 80 0.00623052959502 
15 72 149 0.0112698412698 
27 136 111 0.0124555160142 
6 35 28 0.0 
7 38 109 0.0 
10 67 0 0.0 
11 64 0 0.0128845648172 
4 22 0 0.0857142857143 
7 36 52 0.00689655172414 
11 58 41 0.00846177092777 
15 83 97 0.0184659090909 
5 34 50 0.0666666666667 
12 86 0 0.0191873589165 
19 106 52 0.0132225717656 
11 70 61 0.00613496932515 
20 102 66 0.00840336134454 
9 58 0 0.0110375275938 
7 36 80 0.0229885057471 
6 28 318 0.0192513368984 
8 40 47 0.0264741275572 
6 52 0 0.013986013986 
5 33 176 0.00162337662338 
9 46 92 0.0196416264645 
42 277 0 0.0173332205969 
16 105 136 0.0103211009174 
22 126 39 0.00108972030512 
9 65 110 0.0230263157895 
6 41 40 0.0 
14 90 50 0.00347705146036 
11 65 0 0.0192307692308 
12 63 0 0.0108108108108 
21 134 96 0.00415153087701 
12 63 48 0.00733944954128 
13 66 45 0.00789622109419 
8 44 107 0.000769230769231 
14 89 95 0.00853289292596 
14 88 129 0.00860215053763 
10 53 54 0.0 
9 61 57 0.012987012987 
5 37 53 0.00180831826401 
14 93 0 0.0352941176471 
5 27 108 0.00868306801737 
18 107 58 0.0277008310249 
10 51 45 0.0 
7 36 167 0.00481850305172 
8 47 119 0.00419664268585 
11 58 130 0.00669344042838 
15 93 38 0.0 
6 43 68 0.00608519269777 
23 124 115 0.00598006644518 
6 38 59 0.0062893081761 
16 96 0 0.0131782241207 
12 70 46 0.0101311084625 
8 51 21 0.0114503816794 
13 87 0 0.0264900662252 
18 120 80 0.00170648464164 
10 67 136 0.00879120879121 
15 79 62 0.00395256916996 
13 67 60 0.0113636363636 
15 85 0 0.0 
6 43 34 0.0231900452489 
8 58 64 0.00787401574803 
26 133 41 0.00763716754874 
43 256 132 0.0 
6 35 49 0.0176767676768 
7 37 0 0.0 
17 114 56 0.0036231884058 
12 79 15 0.0 
14 78 44 0.00460829493088 
5 48 51 0.0 
7 48 40 0.035175879397 
8 53 338 0.0 
23 117 133 0.0111962286388 
4 26 87 0.0 
6 41 57 0.0 
9 45 76 0.0193236714976 
6 50 156 0.0 
6 48 37 0.0 
27 152 24 0.0121065375303 
9 48 132 0.00649350649351 
13 73 90 0.00897308075773 
8 45 64 0.004 
15 90 44 0.0102203768764 
7 48 107 0.00254777070064 
10 67 48 0.0 
4 28 133 0.0 
13 74 37 0.00840336134454 
5 37 90 0.00657894736842 
15 95 83 0.0 
6 31 52 0.0363636363636 
16 96 36 0.00998573466476 
20 132 0 0.0 
14 74 170 0.00201612903226 
8 42 35 0.0 
10 57 0 0.0 
8 60 66 0.0 
8 47 0 0.0 
9 42 82 0.00657894736842 
10 64 62 0.00815217391304 
11 73 40 0.00661157024793 
28 157 0 0.0243055555556 
12 65 133 0.00542941757157 
10 55 116 0.00745791604517 
6 38 55 0.00419874037789 
9 49 0 0.0 
5 37 45 0.0102230483271 
7 39 70 0.0283687943262 
10 74 59 0.00173761946134 
5 27 38 0.0054347826087 
5 22 34 0.0118870728083 
11 68 0 0.00294117647059 
16 88 0 0.0 
7 41 51 0.0267379679144 
12 76 49 0.00093984962406 
19 113 48 0.003663003663 
12 79 0 0.0128205128205 
3 18 46 0.0 
20 108 50 0.0239912758997 
8 57 232 0.0668592653735 
14 80 97 0.0534759358289 
9 48 40 0.0206896551724 
19 104 0 0.00939745715865 
4 17 39 0.0 
11 76 70 0.00358422939068 
19 111 47 0.0133630289532 
4 31 82 0.00900900900901 
2 13 123 0.0 
5 32 223 0.0125786163522 
15 106 0 0.0105263157895 
10 52 52 0.00719424460432 
7 39 65 0.00306748466258 
3 19 156 0.01261829653 
10 58 113 0.0 
15 84 101 0.0127551020408 
4 23 203 0.0102564102564 
18 96 4 0.0 
6 29 212 0.0 
28 134 121 0.00907029478458 
6 37 56 0.0120396600567 
14 64 0 0.0 
3 16 41 0.00514579759863 
21 105 99 0.00409836065574 
16 83 43 0.006 
11 45 186 0.0456852791878 
7 41 22 0.00520833333333 
4 33 45 0.0 
3 21 59 0.0 
5 26 66 0.0011862396204 
14 80 304 0.00746268656716 
14 81 99 0.00454545454545 
6 47 86 0.0 
7 36 68 0.0 
9 53 211 0.0046511627907 
8 39 80 0.0 
10 60 148 0.0125786163522 
7 37 37 0.0 
16 83 232 0.00957061562338 
6 36 97 0.0139545104934 
4 21 37 0.0149253731343 
3 28 148 0.0 
17 116 14 0.0 
6 37 56 0.00975359342916 
10 58 102 0.00963855421687 
4 23 45 0.0 
28 154 89 0.00418994413408 
7 43 197 0.0227272727273 
18 85 175 0.00451467268623 
5 30 41 0.0166666666667 
18 98 153 0.00492610837438 
22 150 16 0.00796812749004 
6 33 230 0.0125 
12 53 52 0.00613496932515 
22 117 198 0.0227272727273 
20 98 133 0.0259222333001 
12 76 16 0.0015600624025 
4 36 39 0.0 
10 65 203 0.00900900900901 
3 25 311 0.00858778625954 
5 37 70 0.0181818181818 
8 62 61 0.0254957507082 
5 40 50 0.0194174757282 
3 18 137 0.0021645021645 
9 40 60 0.0 
14 98 64 0.00411522633745 
4 26 175 0.0199252801993 
9 45 63 0.0117474302496 
13 75 108 0.0352250489237 
17 86 22 0.00274725274725 
7 40 131 0.0089358245329 
15 98 117 0.0 
12 80 154 0.00557103064067 
6 45 64 0.00505050505051 
5 35 196 0.00787401574803 
5 28 60 0.0 
12 61 253 0.00164744645799 
11 62 37 0.00429184549356 
2 18 125 0.00540331918178 
11 66 131 0.00892857142857 
11 68 107 0.0364077669903 
7 42 68 0.00243309002433 
5 35 81 0.0177514792899 
3 15 206 0.00921052631579 
7 53 191 0.00477897252091 
12 51 44 0.00581395348837 
9 61 140 0.00225733634312 
6 39 298 0.00272479564033 
6 36 97 0.0145222929936 
11 64 369 0.00892857142857 
25 141 56 0.0129310344828 
8 56 227 0.00778642936596 
3 18 41 0.0114942528736 
15 72 33 0.00308641975309 
13 77 50 0.00391389432485 
14 85 57 0.0282608695652 
21 123 215 0.00881834215168 
5 29 93 0.0 
5 32 96 0.00621118012422 
4 24 155 0.0104765123352 
4 25 23 0.00625978090767 
19 93 221 0.00367647058824 
13 71 88 0.0 
9 54 154 0.0111731843575 
2 14 66 0.00404858299595 
7 45 267 0.0 
4 26 28 0.0 
6 41 132 0.00842696629213 
15 93 3 0.00662251655629 
12 65 24 0.00380228136882 
7 45 43 0.00408163265306 
30 155 0 0.0128205128205 
10 62 203 0.0143266475645 
12 56 419 0.036187113857 
5 30 162 0.00791366906475 
9 46 40 0.017094017094 
8 40 91 0.0 
39 217 217 0.0 
13 61 311 0.0127970749543 
29 144 144 0.00232288037166 
3 23 194 0.015479876161 
9 43 132 0.0 
22 102 151 0.00939597315436 
5 30 232 0.0036231884058 
10 66 109 0.0226086956522 
6 44 246 0.00562851782364 
7 33 151 0.0 
6 37 56 0.00819672131148 
5 35 137 0.00629921259843 
15 71 252 0.00584795321637 
9 60 79 0.0 
6 37 56 0.00885935769657 
24 137 130 0.0190023752969 
12 50 52 0.0 
12 57 88 0.0157480314961 
16 106 50 0.0 
10 79 232 0.00854700854701 
10 51 138 0.0135135135135 
6 36 97 0.0132946579647 
20 112 60 0.0 
12 64 236 0.00948366701791 
9 45 374 0.0019267822736 
2 18 102 0.0 
7 51 200 0.0 
8 39 18 0.0 
9 52 38 0.00913242009132 
18 97 13 0.166666666667 
10 41 0 0.00377358490566 
6 40 81 0.0132757023773 
8 35 265 0.0145348837209 
7 59 218 0.0062893081761 
4 26 126 0.00943396226415 
10 83 124 0.0189573459716 
26 129 347 0.00171821305842 
11 55 88 0.0106666666667 
10 49 35 0.00787401574803 
22 123 46 0.00757575757576 
12 60 75 0.00469483568075 
12 70 19 0.00845308537616 
8 48 32 0.0 
12 67 156 0.015923566879 
14 98 140 0.00625 
5 29 15 0.0147058823529 
9 47 181 0.00577663671374 
8 55 13 0.0551724137931 
22 130 160 0.00656455142232 
8 42 195 0.016 
14 75 145 0.0119695321001 
6 33 55 0.0402010050251 
5 39 85 0.00925925925926 
7 35 99 0.0 
15 82 131 0.0 
7 37 30 0.0 
9 43 199 0.0109090909091 
20 108 54 0.00123456790123 
7 40 111 0.0 
18 118 34 0.0 
16 96 51 0.00671140939597 
17 82 0 0.00829610721123 
5 27 169 0.00694320811821 
8 54 169 0.0016992353441 
20 113 360 0.0153029356652 
13 92 491 0.0224642614023 
8 58 546 0.00346420323326 
4 23 188 0.0152091254753 
28 176 3 0.0 
20 105 29 0.0025641025641 
5 32 69 0.0 
13 70 639 0.00192122958694 
14 74 65 0.0018281535649 
6 30 225 0.0107238605898 
13 69 112 0.00555555555556 
15 86 64 0.00671140939597 
10 68 91 0.0119847997662 
13 79 65 0.0076786769049 
20 100 131 0.0198675496689 
22 111 36 0.0 
11 65 202 0.0112044817927 
14 84 298 0.0120481927711 
13 89 64 0.0 
16 104 2 0.014888337469 
3 16 49 0.0104712041885 
6 37 56 0.0176405733186 
4 23 21 0.00992555831266 
8 54 52 0.0113636363636 
4 21 84 0.0 
14 72 53 0.0413223140496 
6 36 160 0.0 
9 50 31 0.0 
7 43 55 0.0161290322581 
10 58 496 0.0301953818828 
6 40 44 0.00604229607251 
8 46 87 0.0 
4 23 70 0.0058651026393 
11 58 221 0.0090799031477 
16 98 0 0.00994644223412 
7 37 43 0.00768882858435 
6 28 47 0.00549450549451 
4 32 193 0.00346020761246 
3 15 136 0.0 
11 70 214 0.0198237885463 
3 17 145 0.0 
20 131 98 0.0224358974359 
3 23 306 0.00793650793651 
5 31 83 0.0 
7 32 43 0.0 
11 57 40 0.00666666666667 
7 47 145 0.0201005025126 
3 17 40 0.0 
14 70 52 0.0149147727273 
18 91 150 0.00196656833825 
3 29 37 0.00534759358289 
8 48 51 0.0153583617747 
10 55 129 0.0 
20 131 53 0.0 
13 67 102 0.0 
8 46 43 0.0 
4 36 11 0.0 
21 112 74 0.0238095238095 
5 29 343 0.0113636363636 
10 71 0 0.0102739726027 
19 94 176 0.00560224089636 
12 59 0 0.0232558139535 
7 34 32 0.0 
1 10 271 0.0116009280742 
4 19 78 0.0147783251232 
7 27 120 0.0 
2 17 40 0.0 
47 293 80 0.016713091922 
10 70 81 0.0 
5 41 39 0.0 
34 196 0 0.0159574468085 
22 120 421 0.00382653061224 
22 107 346 0.00641711229947 
13 79 219 0.00414078674948 
7 35 20 0.00675675675676 
3 28 17 0.0 
8 40 49 0.0602409638554 
16 99 124 0.0 
5 35 168 0.01414427157 
15 81 262 0.00597609561753 
14 75 105 0.00811688311688 
10 66 279 0.0144717800289 
9 51 0 0.00555555555556 
11 58 1010 0.00939663699308 
6 38 66 0.00448179271709 
3 19 159 0.00918836140888 
13 82 149 0.00375939849624 
11 51 66 0.0102739726027 
8 50 144 0.0173493975904 
9 49 38 0.00496277915633 
20 92 326 0.0095785440613 
12 71 43 0.00127551020408 
5 43 91 0.0 
24 134 118 0.0140845070423 
32 158 574 0.0 
3 15 87 0.0119047619048 
7 54 271 0.00429184549356 
8 54 144 0.00662983425414 
19 105 16 0.0 
18 107 13 0.0116472545757 
2 18 35 0.0 
8 44 20 0.0040733197556 
10 53 498 0.00663349917081 
18 108 104 0.0 
8 53 861 0.0194594594595 
9 57 181 0.0118811881188 
11 81 252 0.0 
7 44 74 0.0 
7 45 25 0.00860215053763 
11 75 134 0.00388198757764 
25 125 86 0.0105263157895 
9 69 18 0.0137931034483 
12 83 106 0.0 
5 29 95 0.0 
16 97 61 0.00337837837838 
24 142 109 0.0229787234043 
3 18 60 0.0 
28 140 439 0.00574712643678 
5 34 103 0.00431034482759 
12 75 3 0.00970873786408 
5 33 37 0.0189573459716 
5 40 251 0.000925925925926 
6 30 181 0.00369685767098 
19 104 154 0.0112359550562 
10 44 142 0.0 
19 94 163 0.00487804878049 
32 176 331 0.00737759892689 
7 32 58 0.0576923076923 
5 36 155 0.00513778608127 
6 36 164 0.0235294117647 
13 78 500 0.00259067357513 
25 159 283 0.0174326465927 
16 86 0 0.0157728706625 
6 34 77 0.0 
3 18 81 0.0238095238095 
8 40 71 0.0114942528736 
8 43 13 0.0 
2 20 15 0.0 
9 57 76 0.00757575757576 
12 60 86 0.0 
4 28 27 0.0 
7 39 117 0.022536687631 
12 76 1964 0.0140062249889 
6 51 15 0.00588235294118 
6 42 46 0.0032 
11 59 83 0.00564971751412 
5 45 60 0.0198675496689 
11 69 72 0.00887198986058 
4 24 87 0.00323624595469 
5 32 148 0.0168918918919 
13 91 75 0.0119047619048 
6 48 443 0.0179704016913 
15 79 784 0.0142231947484 
11 60 68 0.0 
17 90 67 0.00375939849624 
12 72 167 0.0127226463104 
1 7 6 0.0 
5 36 151 0.010781671159 
4 16 141 0.00282087447109 
5 35 24 0.0 
11 65 21 0.0148698884758 
8 48 33 0.0192307692308 
7 38 104 0.0140664961637 
8 50 32 0.00917431192661 
11 88 31 0.0 
29 159 512 0.0040733197556 
16 95 322 0.00647948164147 
11 52 320 0.0114329268293 
5 28 56 0.00634920634921 
7 46 92 0.00909090909091 
5 35 80 0.0235294117647 
11 67 31 0.0031847133758 
15 72 128 0.00259067357513 
17 116 48 0.00468384074941 
13 59 551 0.01 
10 61 77 0.00537634408602 
11 70 39 0.0110574676842 
8 57 56 0.024 
18 104 59 0.00328947368421 
9 57 72 0.00623052959502 
9 54 185 0.00477326968974 
17 76 77 0.0131332082552 
17 106 48 0.00267737617135 
4 23 164 0.00547445255474 
9 34 44 0.0347826086957 
7 38 75 0.0 
14 79 467 0.002079002079 
10 68 91 0.0122950819672 
2 14 113 0.0 
18 103 14 0.0180623973727 
10 59 17 0.0 
5 33 285 0.00730897009967 
1 9 9 0.0434782608696 
4 23 53 0.041958041958 
11 55 14 0.0 
17 84 264 0.0083932853717 
13 72 60 0.0227272727273 
13 48 60 0.0172413793103 
15 77 504 0.00404709345107 
7 33 40 0.0143266475645 
13 69 228 0.00424178154825 
5 22 170 0.00826446280992 
9 49 159 0.0064850843061 
9 40 62 0.00357142857143 
14 77 83 0.00894308943089 
13 75 123 0.00667779632721 
7 44 102 0.00481927710843 
6 36 150 0.0106382978723 
5 29 104 0.00956937799043 
11 52 388 0.00964066608238 
12 75 89 0.00847457627119 
9 43 0 0.0265625 
8 56 132 0.0122298065984 
7 32 73 0.00467289719626 
8 40 74 0.00473933649289 
5 32 84 0.0051724137931 
6 38 23 0.0 
7 53 130 0.0254237288136 
17 72 32 0.00480769230769 
8 48 58 0.00698412698413 
13 62 242 0.0112359550562 
11 65 147 0.015 
9 47 40 0.0208333333333 
3 29 128 0.0 
10 61 39 0.0 
20 89 250 0.00926640926641 
13 71 149 0.0244755244755 
20 121 130 0.0 
5 28 409 0.0184049079755 
2 19 38 0.0 
12 65 323 0.00210526315789 
5 29 19 0.027027027027 
7 41 128 0.0 
7 46 267 0.0218181818182 
6 39 177 0.0031847133758 
13 59 304 0.00441826215022 
15 69 161 0.00894266175697 
9 53 143 0.0040899795501 
11 65 235 0.00813008130081 
11 58 106 0.0 
2 15 69 0.0 
16 82 133 0.0116959064327 
17 91 383 0.00245298446443 
19 96 357 0.00720576461169 
15 92 321 0.00194552529183 
14 70 119 0.0131004366812 
7 36 193 0.0101694915254 
10 58 150 0.010989010989 
12 71 0 0.00834691559243 
25 150 169 0.00369685767098 
6 36 97 0.0127433273129 
4 22 217 0.00730994152047 
6 40 81 0.00672559569562 
6 37 56 0.0184615384615 
2 7 25 0.0 
3 22 114 0.00367985280589 
5 31 80 0.0 
9 70 440 0.00850340136054 
4 29 115 0.0 
6 41 33 0.00803673938002 
13 78 55 0.0 
6 38 175 0.0140449438202 
11 57 40 0.0 
7 39 118 0.0410256410256 
6 33 97 0.00371747211896 
29 148 82 0.00952380952381 
9 56 66 0.0107719928187 
6 30 56 0.0 
12 62 224 0.00837089504185 
7 27 447 0.00379506641366 
10 41 281 0.00604229607251 
4 32 34 0.00455580865604 
5 34 134 0.00719424460432 
11 42 97 0.0244498777506 
2 16 35 0.031847133758 
4 42 35 0.0 
15 95 201 0.00546946216955 
7 40 26 0.0 
16 87 194 0.0 
7 41 22 0.0 
18 102 76 0.00569259962049 
2 18 276 0.00556586270872 
13 60 117 0.00409836065574 
6 37 56 0.014987510408 
13 57 390 0.00725689404935 
8 47 88 0.0111856823266 
12 66 101 0.00153374233129 
18 89 98 0.00651041666667 
20 92 287 0.0 
12 61 210 0.00431034482759 
9 51 27 0.0 
5 37 286 0.0122448979592 
8 54 142 0.00235294117647 
10 51 100 0.00414937759336 
6 33 20 0.0 
5 34 164 0.00562148657089 
6 39 58 0.0 
16 86 161 0.0 
13 69 89 0.0127504553734 
9 49 95 0.0236966824645 
8 34 53 0.00555170020819 
12 70 186 0.00505050505051 
6 33 144 0.0 
10 59 272 0.0106382978723 
15 71 274 0.0 
14 69 71 0.0227272727273 
16 69 157 0.00478468899522 
4 19 84 0.0 
36 185 69 0.00319488817891 
11 69 357 0.002331002331 
6 32 160 0.00724637681159 
14 105 59 0.00162866449511 
15 78 250 0.00377358490566 
6 42 47 0.00538599640934 
6 38 26 0.0387931034483 
4 32 40 0.0095785440613 
19 128 136 0.00467289719626 
30 173 45 0.011673151751 
9 51 535 0.0105042016807 
6 43 53 0.00641025641026 
12 62 257 0.0247578040904 
10 60 65 0.00791556728232 
10 69 13 0.0046511627907 
5 36 86 0.00296735905045 
2 9 33 0.0277777777778 
19 101 13 0.0283687943262 
19 95 283 0.00462962962963 
9 51 28 0.0 
15 84 243 0.00491803278689 
19 96 11 0.00699300699301 
5 29 43 0.0153846153846 
5 30 214 0.00327439423707 
17 87 13 0.0 
17 95 40 0.0 
3 25 45 0.00344827586207 
10 59 98 0.0 
11 65 222 0.00617283950617 
9 64 176 0.00414364640884 
4 32 108 0.0 
5 27 59 0.0 
3 19 44 0.00757952286282 
14 74 65 0.00847457627119 
4 17 156 0.00440528634361 
26 130 29 0.0157583716349 
3 27 60 0.0 
11 49 64 0.0146545708304 
6 60 156 0.00516351118761 
12 61 164 0.0113636363636 
6 40 220 0.00755667506297 
9 56 164 0.00857142857143 
9 54 16 0.0222222222222 
11 58 137 0.00769230769231 
20 146 85 0.0 
9 45 44 0.0 
13 62 238 0.0105052526263 
4 26 39 0.00754716981132 
5 34 106 0.00684931506849 
4 29 71 0.00675675675676 
11 69 150 0.00468384074941 
19 123 210 0.00513478818999 
7 29 232 0.00347222222222 
6 37 56 0.0140969162996 
11 63 110 0.0 
3 26 54 0.0148148148148 
12 55 48 0.0 
15 76 49 0.00821596244131 
11 58 98 0.00579150579151 
20 130 72 0.00558659217877 
9 49 82 0.0 
5 27 87 0.00746268656716 
7 50 209 0.0196078431373 
9 49 89 0.00187265917603 
13 70 168 0.0 
11 76 41 0.0648148148148 
15 84 123 0.0519750519751 
16 66 348 0.00240384615385 
15 80 43 0.0115740740741 
4 27 192 0.00722891566265 
13 67 95 0.0 
19 132 61 0.0147438260229 
13 69 427 0.00295785062854 
8 52 116 0.0 
8 37 84 0.0128824476651 
4 30 20 0.00467289719626 
3 17 76 0.0 
5 28 36 0.0165745856354 
11 56 187 0.00505050505051 
5 35 17 0.0 
12 62 308 0.00476758045292 
8 49 56 0.0 
5 34 32 0.00636942675159 
4 19 39 0.0 
18 87 28 0.0167865707434 
11 50 311 0.0124223602484 
5 23 250 0.0128342245989 
11 55 209 0.00675675675676 
15 96 52 0.0132113821138 
11 57 181 0.0 
7 35 56 0.00557103064067 
18 102 43 0.0 
9 63 208 0.00512820512821 
12 72 179 0.00527704485488 
19 101 145 0.0196078431373 
7 50 206 0.0116279069767 
15 75 311 0.00945626477541 
10 61 108 0.0 
12 69 155 0.00414937759336 
8 50 399 0.0042194092827 
5 47 196 0.00408163265306 
10 62 26 0.0 
11 54 5 0.0103092783505 
9 63 308 0.00447227191413 
11 54 95 0.0297619047619 
4 21 58 0.0 
6 44 29 0.0 
6 34 254 0.0348258706468 
3 25 69 0.00408163265306 
15 81 221 0.00664451827243 
9 46 79 0.00636942675159 
8 43 234 0.00793527306675 
4 31 71 0.0 
13 77 0 0.106382978723 
6 45 50 0.0 
10 65 83 0.0 
13 83 0 0.0 
14 83 124 0.0 
7 38 38 0.04 
9 51 121 0.0 
7 51 15 0.0 
15 107 106 0.0127551020408 
8 50 30 0.0 
6 42 105 0.0157894736842 
14 73 22 0.0 
16 93 38 0.016393442623 
15 82 93 0.0045871559633 
10 60 163 0.0121580547112 
15 82 53 0.0 
14 86 194 0.00352112676056 
10 70 135 0.0441767068273 
5 28 59 0.0 
14 66 216 0.0262172284644 
5 29 29 0.0 
7 47 25 0.00649350649351 
9 57 34 0.00328407224959 
5 19 126 0.0247524752475 
23 131 192 0.00685602350637 
13 56 120 0.0 
3 26 72 0.00886524822695 
16 83 43 0.00715990453461 
21 102 82 0.00822122571001 
8 37 383 0.0104712041885 
18 112 27 0.0222222222222 
15 73 62 0.0 
18 91 292 0.0186781609195 
19 89 54 0.0250626566416 
7 32 103 0.00516795865633 
15 87 44 0.0 
7 43 81 0.0 
11 59 368 0.0 
9 61 14 0.0 
25 148 59 0.00153139356815 
5 40 71 0.0151235706381 
6 29 121 0.0164485981308 
8 44 143 0.0152851263962 
5 40 71 0.00948844884488 
8 39 33 0.0317073170732 
14 87 129 0.00559701492537 
14 80 33 0.00375939849624 
5 25 127 0.00376293508937 
11 60 55 0.0358208955224 
4 25 31 0.010854816825 
13 57 112 0.0 
3 18 59 0.00280898876404 
10 51 40 0.0204678362573 
4 35 23 0.0 
6 33 23 0.0 
8 48 88 0.03125 
8 45 234 0.00358422939068 
12 62 72 0.0111524163569 
11 74 176 0.00926585887384 
12 62 42 0.0225563909774 
8 58 51 0.0 
4 18 37 0.00840336134454 
18 96 304 0.0121457489879 
16 76 159 0.0 
13 61 94 0.0 
3 28 38 0.0 
16 85 96 0.00952380952381 
6 29 26 0.0149659863946 
8 35 152 0.00169204737733 
8 46 41 0.0 
8 53 26 0.0285714285714 
17 83 111 0.00994035785288 
12 83 190 0.00747663551402 
2 20 40 0.047619047619 
10 62 48 0.00583657587549 
6 37 56 0.0143824027073 
8 44 82 0.0246913580247 
9 54 30 0.0197368421053 
4 27 121 0.00443458980044 
15 84 16 0.0251046025105 
9 54 250 0.025641025641 
11 55 19 0.012987012987 
3 20 48 0.0 
6 37 56 0.00640243902439 
8 61 256 0.0018315018315 
8 41 54 0.0290697674419 
5 40 71 0.0176803394625 
8 55 281 0.00402090872537 
16 71 351 0.00580912863071 
5 39 21 0.0125313283208 
14 76 288 0.0205882352941 
12 73 88 0.00361881785283 
13 68 61 0.0134328358209 
16 77 36 0.0 
4 31 102 0.00540540540541 
9 56 594 0.00298240381748 
3 25 93 0.0 
4 34 28 0.0114942528736 
14 77 257 0.00906344410876 
12 74 26 0.00524475524476 
9 59 96 0.0132743362832 
6 42 83 0.00558659217877 
6 43 34 0.00148367952522 
8 52 1019 0.000725689404935 
18 81 86 0.0054347826087 
9 53 253 0.00869565217391 
10 65 201 0.00297619047619 
4 42 125 0.0 
20 97 0 0.00752508361204 
7 49 88 0.0 
9 47 38 0.0089485458613 
6 37 56 0.0111448834853 
4 35 49 0.0124869927159 
16 93 39 0.0 
7 31 109 0.0132841328413 
25 116 247 0.0 
6 39 37 0.0333333333333 
14 82 6 0.0394736842105 
8 52 49 0.00892857142857 
10 65 40 0.0 
24 127 371 0.00391389432485 
14 75 211 0.0171232876712 
13 55 285 0.012278308322 
12 76 48 0.0 
9 44 39 0.00584795321637 
6 29 289 0.0125786163522 
7 40 292 0.0308641975309 
18 97 9 0.0100502512563 
9 52 101 0.00498338870432 
4 32 31 0.0 
9 46 78 0.0132450331126 
12 72 300 0.0257680872151 
4 28 119 0.0233236151603 
4 41 20 0.0117647058824 
3 29 26 0.0 
8 50 40 0.0 
12 80 7 0.00862068965517 
6 38 132 0.00548947849954 
12 70 0 0.0298210735586 
12 52 52 0.0205011389522 
7 41 112 0.0 
7 42 43 0.0 
10 66 331 0.026159334126 
9 40 381 0.00511865984179 
4 29 232 0.0230303030303 
24 125 92 0.008125 
18 93 118 0.0 
19 138 124 0.00396825396825 
19 89 110 0.0 
9 53 50 0.0468431771894 
9 49 35 0.0 
15 82 44 0.00621118012422 
12 53 85 0.00757575757576 
11 47 594 0.0147928994083 
6 43 17 0.0 
8 46 16 0.00375469336671 
4 23 76 0.00225903614458 
4 28 46 0.00242130750605 
3 28 61 0.0116618075802 
9 44 184 0.0134228187919 
5 39 36 0.00787401574803 
12 49 138 0.0197663971249 
12 65 126 0.00702576112412 
11 55 15 0.00447093889717 
3 18 92 0.0245098039216 
14 100 62 0.0093896713615 
12 67 1557 0.0112728980742 
30 152 239 0.0216802168022 
3 25 29 0.0 
12 71 149 0.00248138957816 
13 51 24 0.00433839479393 
8 41 105 0.00440528634361 
25 130 96 0.00625 
4 30 66 0.00921658986175 
13 72 50 0.012 
5 26 222 0.0103448275862 
15 74 83 0.0214285714286 
8 68 208 0.0042042042042 
6 45 44 0.0 
17 87 92 0.0 
7 42 105 0.0 
9 62 95 0.0183823529412 
10 56 138 0.0 
3 14 123 0.0096463022508 
7 54 122 0.00308641975309 
10 68 80 0.00868055555556 
3 22 68 0.00261437908497 
26 123 328 0.00625978090767 
9 43 170 0.00293255131965 
8 49 61 0.00351699882767 
33 163 18 0.00358422939068 
5 34 394 0.00460829493088 
6 38 107 0.00156985871272 
5 37 56 0.001287001287 
17 97 52 0.0 
4 34 161 0.0 
9 41 123 0.0 
10 49 163 0.00813743218807 
10 69 102 0.0121951219512 
14 88 76 0.00595238095238 
4 19 336 0.0145395799677 
4 29 35 0.0035046728972 
11 72 92 0.02 
8 44 88 0.020618556701 
6 37 56 0.00744416873449 
4 26 31 0.0036563071298 
9 40 339 0.010989010989 
6 23 181 0.00553097345133 
6 43 128 0.0016393442623 
16 67 117 0.0179797319385 
17 98 74 0.00684931506849 
7 26 232 0.00334075723831 
5 26 34 0.00139664804469 
7 38 42 0.0 
3 33 67 0.00614754098361 
5 39 54 0.00709219858156 
5 33 49 0.0 
4 27 176 0.0138483965015 
14 90 16 0.0042735042735 
7 32 62 0.0142857142857 
3 21 68 0.00500625782228 
5 34 135 0.00550206327373 
14 80 162 0.00880281690141 
8 51 185 0.0 
2 13 144 0.0 
3 18 158 0.0131004366812 
21 108 0 0.00325732899023 
7 41 47 0.0 
9 63 86 0.0 
7 59 959 0.0136686714051 
16 79 96 0.0210185933711 
11 70 26 0.00106951871658 
13 75 63 0.0 
6 38 156 0.00204918032787 
5 37 71 0.00276625172891 
14 85 8 0.0263157894737 
9 57 18 0.0125786163522 
2 14 47 0.0121951219512 
6 40 81 0.00739879505338 
7 38 81 0.00359712230216 
3 25 254 0.00418410041841 
5 42 127 0.0144230769231 
7 50 51 0.0 
3 14 340 0.151026392962 
7 36 75 0.0 
14 85 5 0.00173010380623 
14 93 450 0.0 
12 73 224 0.00766283524904 
7 42 113 0.00680272108844 
10 70 107 0.089605734767 
8 57 156 0.0 
8 41 151 0.00733496332518 
13 77 178 0.00497512437811 
7 27 131 0.014450867052 
11 62 44 0.00539083557951 
6 42 26 0.0987124463519 
10 47 194 0.003663003663 
14 83 18 0.0138248847926 
16 78 239 0.0151515151515 
9 63 283 0.015671641791 
3 17 85 0.00653594771242 
13 90 223 0.0 
23 100 15 0.0 
5 34 47 0.00602409638554 
40 210 45 0.010152284264 
4 19 80 0.0 
12 69 41 0.00208333333333 
14 72 162 0.00913242009132 
8 42 26 0.0 
3 24 154 0.00740452065472 
4 31 57 0.0 
4 19 269 0.0128440366972 
9 67 37 0.0 
3 20 48 0.00892857142857 
3 25 56 0.0 
7 43 47 0.0 
9 66 137 0.0 
4 14 100 0.00961538461538 
16 84 148 0.00382653061224 
3 13 24 0.0 
15 66 32 0.00872093023256 
3 23 149 0.0129589632829 
43 202 202 0.00258815917179 
7 49 21 0.0165289256198 
16 82 165 0.0262820512821 
8 44 93 0.00178412132025 
13 75 25 0.0314465408805 
15 84 14 0.0 
4 25 39 0.00327868852459 
19 95 276 0.013698630137 
7 53 133 0.00955414012739 
8 46 389 0.00431499460626 
3 25 104 0.0 
12 56 154 0.0 
4 19 310 0.00339366515837 
8 37 146 0.0 
9 55 253 0.00381679389313 
8 68 428 0.00553505535055 
5 36 95 0.0240153698367 
17 89 612 0.00369003690037 
15 89 37 0.0 
4 18 33 0.0384615384615 
6 53 100 0.00520833333333 
4 25 200 0.00785854616896 
10 53 19 0.0257510729614 
8 47 62 0.0253807106599 
7 40 3 0.0140845070423 
10 68 76 0.00699300699301 
13 84 149 0.0036496350365 
25 135 270 0.0028328611898 
7 33 153 0.0077519379845 
13 78 124 0.00320341697811 
10 59 125 0.0 
4 35 33 0.020202020202 
17 101 0 0.0148148148148 
18 117 95 0.00849858356941 
11 69 26 0.025 
5 35 170 0.00740740740741 
11 83 197 0.00531914893617 
5 32 38 0.0236966824645 
6 38 236 0.00394477317554 
13 68 184 0.00220750551876 
10 61 100 0.00269905533063 
7 41 9 0.00404858299595 
3 18 65 0.0 
6 32 16 0.00917431192661 
5 28 78 0.015503875969 
3 17 37 0.0112927191679 
12 70 94 0.00552486187845 
6 35 66 0.0 
7 42 257 0.00570884871551 
9 39 308 0.00455580865604 
5 35 87 0.00456621004566 
3 29 102 0.0176056338028 
7 42 105 0.0108695652174 
5 36 74 0.0181818181818 
10 60 169 0.00354609929078 
6 38 136 0.0046565774156 
14 69 174 0.0 
12 53 117 0.00361010830325 
24 123 157 0.0140845070423 
12 58 241 0.0107913669065 
7 39 116 0.0232558139535 
5 33 40 0.0 
8 47 104 0.00639658848614 
11 57 232 0.0195404378506 
12 74 26 0.029197080292 
6 29 878 0.00277777777778 
8 40 12 0.0434782608696 
9 57 314 0.00606060606061 
6 44 43 0.0136585365854 
8 36 58 0.00721732157177 
14 88 97 0.00147275405007 
8 55 46 0.0 
12 71 153 0.0253456221198 
4 30 63 0.00684931506849 
10 64 0 0.0156610616551 
7 44 577 0.0146094215862 
9 58 0 0.0 
9 54 94 0.00501253132832 
7 49 86 0.00745156482861 
6 44 241 0.0827338129496 
4 19 0 0.00947867298578 
12 66 129 0.0161290322581 
13 81 145 0.0046396023198 
10 66 0 0.0204081632653 
19 98 54 0.027397260274 
7 49 23 0.0847457627119 
10 65 191 0.0226730310263 
7 52 26 0.00641025641026 
8 57 338 0.0373103731037 
19 100 378 0.0120481927711 
13 61 158 0.0112834978843 
10 53 34 0.0 
3 27 134 0.0117773019272 
2 22 147 0.00747663551402 
20 96 0 0.00625 
4 19 68 0.0235640648012 
9 64 150 0.019305019305 
7 48 88 0.00395256916996 
5 31 42 0.0 
11 76 0 0.0364372469636 
5 29 37 0.0 
5 34 141 0.0028328611898 
12 57 0 0.0 
5 36 124 0.0 
10 53 63 0.0178489702517 
8 51 19 0.00490196078431 
36 277 0 0.0 
7 61 66 0.0164473684211 
9 57 75 0.00159489633174 
3 16 0 0.00665778961385 
17 103 7 0.0 
8 50 39 0.0071530758226 
3 24 232 0.00534351145038 
3 20 71 0.011811023622 
7 43 114 0.00912778904665 
19 118 0 0.003003003003 
8 56 0 0.027027027027 
3 27 69 0.024 
9 50 0 0.222222222222 
6 43 77 0.0432692307692 
11 61 271 0.00580010357328 
3 19 56 0.0 
8 39 37 0.0165289256198 
3 30 31 0.0143084260731 
5 31 84 0.0393162393162 
6 48 0 0.0166666666667 
3 19 0 0.0025706940874 
6 39 82 0.0 
7 42 105 0.0156862745098 
3 34 68 0.01329394387 
3 20 114 0.0093962415034 
5 35 0 0.0 
8 53 0 0.00845665961945 
6 55 0 0.0 
12 79 198 0.0288888888889 
8 54 13 0.00373599003736 
15 79 127 0.0144578313253 
8 52 59 0.00801924619086 
2 18 46 0.00521920668058 
6 33 0 0.0 
14 78 107 0.0 
4 25 0 0.0263157894737 
12 75 209 0.0290456431535 
10 55 51 0.0 
6 41 69 0.0266666666667 
6 45 258 0.00757575757576 
15 80 0 0.0 
9 64 0 0.0150110375276 
5 30 0 0.037037037037 
13 73 16 0.020618556701 
3 27 0 0.0 
9 59 0 0.111111111111 
7 35 0 0.0571428571429 
9 49 0 0.00588235294118 
9 44 200 0.0460829493088 
5 32 23 0.0 
8 58 658 0.313521545319 
9 68 147 0.0229007633588 
5 26 109 0.0 
7 34 0 0.018320610687 
12 75 127 0.0110236220472 
8 49 110 0.0118203309693 
2 11 35 0.0357142857143 
6 38 427 0.0112179487179 
5 24 81 0.00377358490566 
6 38 123 0.00688976377953 
25 159 23 0.00358422939068 
20 132 0 0.0052498950021 
21 116 164 0.00310559006211 
8 60 197 0.0125628140704 
5 45 68 0.0553846153846 
6 41 32 0.018018018018 
14 97 0 0.0181818181818 
5 34 0 0.0 
14 120 42 0.00277777777778 
19 95 211 0.00460299194476 
8 57 133 0.00492610837438 
5 40 37 0.00554016620499 
4 32 325 0.0233918128655 
1 10 92 0.0147783251232 
4 26 76 0.0153374233129 
6 46 63 0.00591715976331 
3 28 69 0.0125786163522 
12 61 26 0.0592823712949 
3 28 25 0.0 
4 30 90 0.00446428571429 
4 26 105 0.0106269925611 
8 43 103 0.0108161258604 
3 24 92 0.0045871559633 
3 17 0 0.00762910798122 
4 39 80 0.00490196078431 
10 78 6 0.00155763239875 
3 25 130 0.0103092783505 
17 109 42 0.0237068965517 
4 22 48 0.00751879699248 
10 67 271 0.0 
19 122 0 0.0277777777778 
6 29 0 0.0164113785558 
8 58 23 0.0128865979381 
3 27 60 0.00840728631481 
9 53 0 0.00911854103343 
13 67 32 0.0233009708738 
7 40 34 0.00769230769231 
4 26 29 0.0064308681672 
6 40 63 0.0125 
12 62 0 0.0115278454295 
18 88 38 0.0 
25 134 0 0.0 
11 78 0 0.0 
3 17 24 0.0 
11 66 102 0.00763358778626 
8 51 0 0.0 
29 155 0 0.0845283018868 
16 104 0 0.0 
19 107 0 0.107142857143 
7 41 107 0.00177619893428 
2 14 0 0.0111111111111 
23 127 10 0.0134328358209 
14 113 0 0.0327868852459 
10 56 85 0.0203125 
11 63 0 0.0 
6 32 145 0.0233463035019 
4 27 23 0.0045871559633 
5 41 49 0.0 
5 37 71 0.0130434782609 
9 55 56 0.00680272108844 
11 65 5 0.0 
3 14 96 0.0185185185185 
21 119 3616 0.0239347711731 
6 41 147 0.00773195876289 
7 40 101 0.0096793708409 
10 66 0 0.0238095238095 
4 27 11 0.0 
7 45 0 0.00440528634361 
4 39 0 0.0 
7 47 123 0.0089928057554 
10 53 100 0.0473684210526 
11 85 298 0.0104947526237 
15 92 44 0.00433526011561 
8 44 71 0.0031847133758 
8 47 0 0.0 
14 85 112 0.00769230769231 
4 15 24 0.00602409638554 
9 49 0 0.0192043895748 
3 21 43 0.0371428571429 
15 107 119 0.036036036036 
5 30 122 0.0470085470085 
6 35 21 0.0 
4 33 159 0.00186567164179 
8 43 103 0.0129056392032 
5 28 145 0.0183486238532 
12 83 19 0.0 
4 25 71 0.0144578313253 
11 72 149 0.0126984126984 
15 78 13 0.00597609561753 
8 54 412 0.0190476190476 
9 51 53 0.00145772594752 
9 61 416 0.0135869565217 
2 16 103 0.00558092338914 
13 88 21 0.00555555555556 
8 40 0 0.0229007633588 
9 48 0 0.0113085621971 
15 100 0 0.0185676392573 
7 44 0 0.0 
9 40 113 0.0141277641278 
8 71 74 0.0 
4 34 74 0.00238095238095 
6 47 0 0.0279329608939 
6 38 0 0.0048 
10 63 92 0.0028901734104 
4 20 0 0.00847457627119 
8 51 44 0.0 
9 36 0 0.0 
17 94 129 0.0111811926606 
10 68 0 0.0 
3 19 98 0.0274760383387 
6 58 80 0.0 
3 19 104 0.00768321513002 
20 110 140 0.0455635491607 
6 37 140 0.0102564102564 
8 42 85 0.00879167252778 
7 55 88 0.00588235294118 
7 36 12 0.0 
8 44 146 0.0109063557728 
14 72 123 0.0 
12 66 7 0.0338983050847 
8 41 60 0.0952380952381 
16 96 207 0.00727272727273 
11 76 59 0.0 
7 37 65 0.00680272108844 
4 24 117 0.0185810810811 
4 45 123 0.0117340286832 
8 42 85 0.00778460928203 
10 44 225 0.00302724520686 
14 89 0 0.00813008130081 
19 112 58 0.01197053407 
9 49 187 0.0270819228165 
14 61 73 0.00544217687075 
7 50 72 0.00354609929078 
8 47 0 0.00928381962865 
4 47 44 0.0 
6 30 0 0.0 
13 83 0 0.0174081237911 
15 83 0 0.0308285163776 
4 30 386 0.000778210116732 
9 54 79 0.00707213578501 
15 89 220 0.022396742292 
9 63 104 0.0152135751902 
12 60 80 0.00734094616639 
39 258 0 0.00416956219597 
6 35 162 0.00725952813067 
5 40 33 0.0247524752475 
12 91 0 0.0155279503106 
7 35 0 0.0257611241218 
24 155 11 0.00191938579655 
17 98 451 0.0683760683761 
10 52 109 0.0254545454545 
15 102 189 0.042194092827 
4 24 108 0.0121457489879 
10 58 33 0.00285171102662 
5 29 57 0.00439319055464 
8 52 190 0.020202020202 
6 46 0 0.0 
9 59 62 0.0 
7 50 0 0.0172413793103 
12 73 89 0.0217864923747 
7 41 69 0.00580270793037 
11 76 0 0.00788288288288 
3 18 0 0.00606060606061 
4 22 114 0.0158425348056 
12 62 210 0.0597014925373 
4 20 0 0.0 
5 39 53 0.0173697270471 
13 79 446 0.0152284263959 
6 38 0 0.00763358778626 
16 97 95 0.0101867572156 
16 107 133 0.0177895533687 
14 77 41 0.0062656641604 
6 38 365 0.0159598314355 
10 79 0 0.00826446280992 
9 60 96 0.0878378378378 
7 33 45 0.002331002331 
26 155 230 0.00281690140845 
8 43 103 0.00923759083631 
3 27 84 0.016393442623 
8 54 0 0.0185185185185 
8 52 159 0.0104089219331 
5 33 70 0.00694444444444 
13 67 75 0.00417536534447 
5 41 153 0.0242914979757 
9 55 180 0.0710455764075 
9 58 94 0.0509193776521 
7 31 43 0.00813008130081 
7 43 37 0.00855745721271 
10 85 0 0.0220633934121 
28 166 0 0.0104166666667 
10 66 58 0.00854700854701 
11 53 46 0.00392413342054 
14 106 20 0.0112994350282 
15 93 18 0.0160427807487 
6 47 192 0.0129449838188 
4 33 126 0.0161943319838 
8 43 103 0.00700439811044 
7 43 74 0.00777604976672 
5 34 0 0.0 
7 38 0 0.0 
10 66 130 0.0288713910761 
13 82 123 0.00817438692098 
9 61 94 0.00349040139616 
7 35 265 0.0252707581227 
5 51 81 0.00319488817891 
22 129 5 0.0 
17 107 0 0.0 
5 39 85 0.00826446280992 
41 287 0 0.00615583994816 
8 42 85 0.00836672994446 
14 66 28 0.0262345679012 
6 37 87 0.00531349628055 
7 43 129 0.016 
12 81 118 0.0133333333333 
8 58 371 0.00842105263158 
11 64 0 0.00229515721827 
3 22 56 0.0204545454545 
15 78 92 0.0 
4 29 52 0.00749063670412 
7 45 0 0.0 
15 88 0 0.0102632753235 
12 64 14 0.0 
8 49 99 0.015873015873 
13 88 0 0.0 
5 42 55 0.0 
6 46 0 0.0129600829445 
19 114 173 0.017667844523 
7 37 95 0.156862745098 
5 37 112 0.030303030303 
3 24 159 0.0096 
6 42 0 0.0 
43 259 0 0.0145118733509 
7 41 90 0.0189873417722 
7 48 44 0.0 
12 64 0 0.00430725053841 
7 59 126 0.00699626865672 
5 31 98 0.0368098159509 
6 31 220 0.0 
5 31 65 0.00995024875622 
13 88 0 0.00908402725208 
4 25 0 0.0331753554502 
8 63 83 0.010989010989 
6 39 38 0.0 
7 39 171 0.00350877192982 
7 48 46 0.00353356890459 
5 35 70 0.00584795321637 
6 37 50 0.0 
15 79 99 0.0213414634146 
3 20 24 0.010989010989 
3 26 62 0.0 
6 46 28 0.0 
4 29 21 0.0263367916999 
3 19 41 0.0 
5 39 101 0.0 
6 34 0 0.0 
3 21 0 0.0 
6 44 88 0.00269179004038 
7 36 30 0.0381679389313 
10 66 0 0.0 
5 41 34 0.0 
2 13 52 0.0074812967581 
9 48 77 0.00549450549451 
13 75 113 0.0151515151515 
4 40 117 0.0171232876712 
13 69 0 0.0119521912351 
12 71 0 0.0195394277739 
9 53 123 0.0176565008026 
3 32 18 0.0 
6 33 77 0.00512163892446 
16 104 28 0.0909090909091 
19 89 14 0.0251572327044 
17 99 82 0.0116883116883 
24 114 292 0.00553250345781 
7 35 160 0.0212355212355 
18 108 166 0.0168453292496 
12 61 22 0.02 
9 60 0 0.0 
14 73 187 0.0 
10 58 0 0.015607580825 
4 30 30 0.0340501792115 
3 19 27 0.0286885245902 
12 72 93 0.00718562874251 
6 53 74 0.0080738177624 
9 58 68 0.00892857142857 
10 55 73 0.0272952853598 
9 57 81 0.00632453921214 
7 65 0 0.0 
13 63 0 0.0307192807193 
11 74 103 0.0145454545455 
14 81 160 0.0196078431373 
4 25 49 0.0140449438202 
7 39 61 0.01875 
9 57 142 0.0118243243243 
5 38 72 0.0126582278481 
8 62 0 0.0 
17 80 68 0.0419847328244 
2 17 98 0.00707213578501 
7 39 99 0.00279850746269 
3 22 365 0.0 
16 80 85 0.0 
6 36 35 0.0031847133758 
4 19 0 0.0194942044257 
12 75 0 0.0 
7 45 0 0.0060120240481 
5 25 76 0.00503597122302 
14 86 121 0.00995850622407 
3 17 29 0.0 
6 40 91 0.0 
10 49 74 0.0335195530726 
7 35 12 0.00742115027829 
39 198 0 0.02 
10 65 0 0.016393442623 
27 159 0 0.0196779964222 
10 54 166 0.00710900473934 
4 40 27 0.00452488687783 
3 18 159 0.0054844606947 
7 37 108 0.0 
3 15 70 0.00656455142232 
3 14 0 0.00514403292181 
7 38 20 0.0 
9 45 169 0.0430379746835 
21 148 0 0.0107108081792 
4 26 21 0.0122869599683 
5 31 59 0.0 
11 69 120 0.00763358778626 
32 152 47 0.0208877284595 
2 20 63 0.0 
17 115 0 0.0578911095796 
13 89 174 0.00886917960089 
8 43 103 0.0108266606519 
9 67 133 0.0139534883721 
5 33 164 0.0 
5 37 69 0.0176991150442 
5 27 102 0.0 
6 38 138 0.0209371884347 
13 76 0 0.0419161676647 
8 50 46 0.00982800982801 
4 35 73 0.00277065161621 
8 42 85 0.00517397490622 
8 40 0 0.0118176702307 
7 32 0 0.00972222222222 
8 41 0 0.0 
6 42 0 0.0149812734082 
5 45 35 0.0206297502714 
13 95 0 0.0177514792899 
2 22 93 0.00667556742323 
20 129 126 0.00787401574803 
3 22 0 0.0 
5 33 119 0.0197486535009 
12 75 138 0.0121212121212 
7 51 0 0.00201207243461 
2 17 80 0.00322061191626 
9 56 0 0.0771929824561 
16 94 33 0.00532319391635 
10 59 60 0.0222222222222 
14 83 108 0.016333938294 
7 46 97 0.0078125 
40 256 0 0.00478142076503 
4 25 104 0.00709219858156 
5 36 67 0.0180995475113 
5 49 0 0.00542495479204 
12 77 0 0.00986610288936 
15 89 97 0.00177619893428 
9 53 156 0.017825311943 
3 24 110 0.0746791131855 
13 74 0 0.0 
18 103 164 0.00308641975309 
5 42 70 0.00208768267223 
15 83 94 0.0053715308863 
3 28 69 0.0 
7 48 48 0.00343642611684 
23 150 343 0.00590841949778 
7 49 41 0.0 
17 103 211 0.0 
3 28 80 0.00641025641026 
8 35 95 0.00408163265306 
6 35 77 0.0240384615385 
6 47 114 0.00383877159309 
27 142 0 0.00359066427289 
4 24 56 0.0 
9 53 236 0.00320170757737 
10 70 34 0.0085910652921 
16 98 125 0.00253164556962 
29 152 307 0.00411522633745 
3 32 158 0.0235294117647 
5 44 0 0.0108774474257 
7 36 126 0.01171875 
11 65 88 0.0232126276695 
6 29 97 0.00421052631579 
7 39 18 0.0247994164843 
6 41 0 0.0 
27 144 0 0.0 
5 33 62 0.0 
23 117 431 0.00446151939522 
10 50 87 0.0162601626016 
5 52 159 0.00515463917526 
19 126 45 0.0032 
12 63 51 0.00645161290323 
20 130 0 0.025641025641 
7 35 87 0.027027027027 
24 111 243 0.0119331742243 
10 55 170 0.0162790697674 
10 53 11 0.0134048257373 
15 88 144 0.00503355704698 
12 75 0 0.00194174757282 
10 49 170 0.0613614573346 
13 86 37 0.00343170899108 
2 18 165 0.00215053763441 
4 24 0 0.0244755244755 
6 37 124 0.0418410041841 
8 50 23 0.00837988826816 
8 41 100 0.00668286755772 
13 79 33 0.00704225352113 
10 56 0 0.0201030927835 
8 43 103 0.00976645435244 
8 57 70 0.00684931506849 
5 32 84 0.00649350649351 
10 68 0 0.0160599571734 
17 98 29 0.00833333333333 
17 109 109 0.00469483568075 
6 49 217 0.00684931506849 
15 102 1161 0.000788022064618 
15 88 0 0.0244766505636 
5 33 96 0.00818553888131 
4 34 130 0.0 
6 33 49 0.0140845070423 
8 59 37 0.0078125 
6 47 232 0.00294985250737 
7 37 189 0.0168195718654 
5 32 63 0.0 
15 113 4 0.0 
11 53 0 0.0 
11 61 97 0.0242718446602 
6 45 0 0.010101010101 
5 33 72 0.0 
4 30 7 0.0 
7 33 91 0.00615655233069 
7 37 47 0.0185185185185 
9 57 67 0.0 
14 77 63 0.00383509108341 
17 116 163 0.0137614678899 
5 36 84 0.0146627565982 
10 65 31 0.00651996740016 
9 51 361 0.00985221674877 
7 41 105 0.0 
7 57 84 0.010989010989 
3 19 105 0.0030959752322 
13 83 34 0.0286624203822 
27 161 47 0.00772200772201 
8 42 21 0.0197044334975 
13 93 0 0.0 
11 70 145 0.0310559006211 
14 70 459 0.0066889632107 
4 30 45 0.00217391304348 
16 72 220 0.00975609756098 
4 28 0 0.0 
4 19 125 0.00243902439024 
7 49 10 0.0 
6 36 328 0.0156689433507 
4 32 35 0.012987012987 
11 62 47 0.0134529147982 
6 39 84 0.0120481927711 
8 64 253 0.0301886792453 
7 43 35 0.0 
7 49 47 0.0154241645244 
9 44 86 0.00262467191601 
11 72 44 0.00923076923077 
6 28 63 0.00704225352113 
12 74 187 0.0157728706625 
10 63 78 0.0 
8 51 26 0.0 
9 35 50 0.0 
3 20 72 0.00756620428752 
6 36 71 0.0188679245283 
10 78 0 0.0 
9 55 164 0.00533096401599 
6 39 40 0.0196078431373 
3 18 52 0.0 
11 61 125 0.0373831775701 
8 61 31 0.0138888888889 
15 80 0 0.00729360645562 
12 77 125 0.0150884495317 
4 27 53 0.036496350365 
17 98 0 0.0588235294118 
12 77 0 0.0215053763441 
4 24 166 0.00889679715302 
11 75 57 0.0 
9 42 91 0.0268886043534 
4 31 166 0.0208955223881 
16 87 56 0.00666666666667 
2 19 0 0.0 
9 58 171 0.00647249190939 
10 66 0 0.0 
6 64 0 0.0 
4 27 17 0.0620384047267 
9 52 0 0.0 
15 96 90 0.00883002207506 
12 64 87 0.0 
10 54 75 0.00790513833992 
4 23 74 0.00311526479751 
2 15 156 0.0232558139535 
15 107 255 0.00206896551724 
10 49 0 0.0 
7 44 79 0.0 
17 120 101 0.00716845878136 
7 34 86 0.0166666666667 
10 72 0 0.0175438596491 
13 67 52 0.00201612903226 
14 69 0 0.0241935483871 
3 22 154 0.00529100529101 
3 30 48 0.0147058823529 
7 49 0 0.00714285714286 
3 24 209 0.0 
4 20 340 0.0137152077451 
10 54 325 0.0220233998624 
11 64 158 0.0104861773117 
6 37 147 0.0407124681934 
5 30 0 0.0 
8 40 148 0.01540436457 
5 22 55 0.0131795716639 
4 28 167 0.00582524271845 
6 39 62 0.0163624921334 
7 48 0 0.0181582360571 
7 54 83 0.0 
9 81 593 0.00739247311828 
7 47 0 0.0151770657673 
5 29 38 0.00877192982456 
9 60 0 0.0 
7 48 22 0.00696864111498 
8 54 99 0.00714285714286 
4 33 22 0.0 
11 67 151 0.0128956623681 
28 174 41 0.00788022064618 
17 86 93 0.00953326713009 
18 90 214 0.0138355111453 
16 99 0 0.0151515151515 
8 45 0 0.018691588785 
6 41 0 0.0 
12 69 16 0.03125 
4 28 74 0.00945626477541 
4 27 0 0.0 
18 98 0 0.0106951871658 
10 57 0 0.0111921737689 
11 74 38 0.00194931773879 
6 35 0 0.0112517580872 
7 43 0 0.0 
11 84 204 0.0 
12 63 208 0.0113465323608 
8 38 156 0.0268138801262 
14 75 0 0.00420168067227 
7 48 0 0.0196078431373 
16 81 53 0.00945179584121 
8 70 160 0.00943396226415 
6 54 0 0.0136518771331 
7 44 65 0.00950570342205 
2 14 82 0.0155367231638 
4 37 177 0.0144578313253 
3 22 109 0.0142857142857 
5 32 727 0.0131795716639 
16 85 134 0.0145454545455 
17 87 67 0.00417536534447 
8 59 75 0.003003003003 
13 88 86 0.0 
4 30 103 0.0 
9 53 0 0.00501432664756 
4 22 73 0.0 
4 31 0 0.0117302052786 
5 43 67 0.0 
9 41 42 0.00903070439494 
19 97 253 0.0115750310045 
4 28 88 0.0198675496689 
7 50 100 0.0236486486486 
7 39 53 0.0933333333333 
4 26 74 0.0 
5 39 50 0.00294117647059 
12 82 69 0.00187090739008 
10 49 0 0.0 
3 23 41 0.0 
9 61 63 0.00162074554295 
8 35 0 0.0375832540438 
4 20 235 0.0102301790281 
9 52 0 0.016393442623 
5 26 25 0.0 
10 52 46 0.0 
8 54 223 0.0168471720818 
7 56 0 0.0121212121212 
5 31 85 0.0100628930818 
3 21 145 0.00529100529101 
3 19 0 0.0 
4 44 51 0.0068317677199 
7 67 61 0.0 
8 41 49 0.0153846153846 
15 91 0 0.00266311584554 
6 35 145 0.012836970475 
3 20 249 0.00409276944065 
8 55 240 0.0213032581454 
5 27 125 0.0315789473684 
9 44 94 0.0127795527157 
12 61 19 0.0 
8 64 0 0.0343137254902 
5 29 0 0.0 
8 50 71 0.0916666666667 
16 106 0 0.004329004329 
9 53 0 0.0 
11 77 0 0.00896860986547 
7 32 42 0.0 
2 12 0 0.0 
9 66 32 0.0 
7 38 45 0.0 
19 86 42 0.0 
3 21 0 0.0 
8 54 240 0.0284391534392 
4 51 57 0.013986013986 
8 39 91 0.0 
5 34 153 0.022869022869 
11 73 97 0.0 
5 23 0 0.0168224299065 
10 43 13 0.010854816825 
8 39 49 0.0275862068966 
6 43 144 0.0312056737589 
9 69 0 0.0 
6 45 70 0.00225988700565 
6 29 78 0.0153022188217 
3 31 67 0.00534759358289 
17 86 28 0.00567302733368 
9 69 0 0.0074812967581 
9 65 158 0.00249687890137 
9 67 284 0.0 
5 36 67 0.0 
9 59 0 0.0 
17 100 0 0.027027027027 
3 30 81 0.0 
6 31 0 0.0124645892351 
11 78 124 0.00210970464135 
4 24 0 0.0 
4 19 84 0.0188323917137 
8 64 128 0.0139303482587 
18 88 104 0.0146341463415 
7 51 111 0.0 
13 66 195 0.0135072193759 
7 40 106 0.0 
6 39 93 0.0178571428571 
3 18 95 0.0 
1 4 33 0.00947867298578 
4 27 45 0.0030303030303 
6 40 0 0.0 
22 127 0 0.0740740740741 
10 68 0 0.0227272727273 
11 67 0 0.0 
6 34 92 0.0 
4 26 0 0.0116279069767 
12 68 83 0.00323624595469 
4 30 54 0.0238095238095 
12 86 105 0.0111972437554 
5 22 117 0.00634249471459 
12 83 10 0.0 
9 54 293 0.0116504854369 
5 26 67 0.0 
3 19 0 0.0 
7 42 59 0.0233281493002 
4 39 21 0.0 
12 53 0 0.166666666667 
5 38 0 0.00969305331179 
17 111 0 0.00873362445415 
4 26 392 0.0143884892086 
7 39 49 0.0 
12 59 150 0.0141509433962 
9 31 0 0.0134363453141 
7 47 104 0.00711743772242 
3 21 95 0.00917431192661 
55 296 0 0.00992282249173 
10 53 172 0.0129723632262 
5 27 77 0.0283018867925 
4 29 189 0.114695340502 
8 53 70 0.0 
5 42 22 0.00699300699301 
10 52 132 0.0253759398496 
15 88 40 0.00549450549451 
10 80 161 0.0176211453744 
17 91 0 0.00520785746916 
9 49 115 0.0 
9 52 0 0.00723888314374 
7 38 89 0.00943880168257 
6 29 52 0.0 
8 63 517 0.0137535816619 
6 34 75 0.0228091236495 
3 15 92 0.00404858299595 
16 97 176 0.0 
9 61 166 0.0114942528736 
8 35 0 0.0 
7 38 109 0.0149152542373 
42 283 0 0.00911577028259 
2 15 82 0.00900900900901 
21 124 0 0.0526315789474 
6 36 157 0.0260610573343 
15 85 0 0.00533807829181 
13 72 124 0.00326797385621 
4 26 45 0.0 
10 91 0 0.0 
10 73 63 0.0 
11 63 67 0.00884173297966 
12 89 115 0.00829875518672 
3 23 82 0.00311526479751 
14 100 0 0.0 
23 135 9 0.0311486048021 
6 37 101 0.0131061598952 
6 37 23 0.0201072386059 
14 66 38 0.0494220805102 
11 64 136 0.00180831826401 
4 21 0 0.00487210718636 
26 178 0 0.00359281437126 
13 77 0 0.00875273522976 
6 37 519 0.0139771283355 
11 62 37 0.0405904059041 
10 65 45 0.0 
4 18 55 0.0099173553719 
11 53 237 0.0207715133531 
9 47 62 0.00702519379845 
6 43 0 0.00854700854701 
5 31 93 0.072625698324 
5 35 139 0.023178807947 
5 34 174 0.0131868131868 
20 138 207 0.000861697544162 
8 50 109 0.0104408352668 
20 106 0 0.0 
28 189 0 0.017652250662 
18 86 228 0.00699300699301 
3 21 347 0.0114285714286 
4 28 118 0.0507246376812 
6 48 223 0.0162932790224 
7 45 17 0.0 
5 42 291 0.0201342281879 
15 69 84 0.00290697674419 
13 89 20 0.00540540540541 
15 71 129 0.00298507462687 
4 24 15 0.0275938189845 
21 119 0 0.0 
9 63 35 0.0108303249097 
13 75 205 0.0114613180516 
3 22 59 0.0 
8 61 88 0.0 
8 46 159 0.0257611241218 
17 83 0 0.0160685591859 
12 62 0 0.0133376707872 
15 74 0 0.01248049922 
7 42 180 0.0282131661442 
7 58 0 0.00438116100767 
6 37 57 0.0 
11 68 0 0.0 
4 40 45 0.0 
4 33 133 0.00319488817891 
5 47 13 0.0223642172524 
4 36 168 0.0290297937357 
7 49 99 0.00722543352601 
10 45 26 0.0181347150259 
12 72 0 0.00559701492537 
6 31 40 0.0257352941176 
4 31 73 0.0211267605634 
6 36 96 0.00318979266348 
13 85 204 0.00845308537616 
4 32 0 0.0 
28 161 0 0.00566037735849 
11 79 0 0.00690657942566 
8 42 85 0.00954634464752 
15 102 263 0.00856898029135 
14 98 203 0.0108303249097 
30 195 0 0.0 
11 76 44 0.00440528634361 
7 34 100 0.00712589073634 
5 35 48 0.0 
8 40 0 0.0266479663394 
54 290 0 0.0350389321468 
6 43 233 0.0043956043956 
13 69 17 0.00886917960089 
12 70 37 0.0 
16 86 61 0.0098231827112 
10 72 133 0.027972027972 
25 116 8 0.0 
10 56 23 0.0089485458613 
12 63 24 0.00347222222222 
15 109 249 0.0 
6 40 0 0.333333333333 
3 21 296 0.00686106346484 
9 57 0 0.0 
7 46 0 0.00631768953069 
10 60 121 0.00657276995305 
14 73 0 0.00511508951407 
6 39 49 0.0145843461351 
10 67 121 0.0 
24 129 0 0.00831443688587 
14 79 0 0.0215360664245 
10 63 24 0.025641025641 
26 154 0 0.0109335576114 
12 73 110 0.0147058823529 
4 26 273 0.0321931589537 
12 59 0 0.0 
2 18 66 0.0 
17 115 0 0.0208333333333 
47 277 0 0.0131382005654 
10 61 0 0.0 
3 24 117 0.00858369098712 
10 51 111 0.0 
5 46 79 0.0150564617315 
10 63 0 0.0113744075829 
6 47 0 0.0 
4 24 43 0.0 
5 43 0 0.0129701686122 
5 26 48 0.0 
10 66 181 0.0078125 
8 45 0 0.0 
10 58 75 0.0 
2 12 172 0.0172143974961 
23 128 250 0.0102135561746 
11 65 117 0.00552922590837 
10 71 197 0.0048309178744 
7 49 99 0.00352112676056 
7 37 65 0.015625 
8 53 311 0.0219435736677 
7 39 0 0.00159172304019 
3 25 32 0.00392156862745 
3 25 42 0.0 
14 91 0 0.117647058824 
11 56 74 0.00414937759336 
5 27 43 0.0224719101124 
14 72 149 0.0 
17 105 0 0.00546448087432 
11 86 76 0.0804597701149 
9 63 90 0.00254452926209 
9 58 0 0.0133333333333 
3 28 157 0.00142857142857 
8 42 85 0.00617011899515 
9 60 50 0.00103092783505 
6 33 96 0.0111524163569 
7 49 150 0.0104895104895 
3 20 0 0.0 
14 94 98 0.0115141047784 
18 93 0 0.00892857142857 
8 37 25 0.0268805309735 
9 53 71 0.0 
15 91 225 0.0 
9 46 157 0.00563909774436 
11 67 43 0.00557620817844 
13 75 0 0.010752688172 
10 70 159 0.0 
3 20 0 0.025 
7 49 0 0.0 
6 40 275 0.014450867052 
13 81 0 0.0 
7 47 70 0.0117508813161 
3 15 17 0.0103092783505 
9 52 116 0.00557103064067 
15 84 30 0.00438436244063 
10 47 97 0.00331674958541 
11 73 146 0.02 
10 82 0 0.00265957446809 
7 53 66 0.00833333333333 
4 27 99 0.0145190562613 
15 73 40 0.0 
23 163 0 0.0153846153846 
14 81 0 0.0177556818182 
30 174 218 0.0217391304348 
8 43 103 0.00945234847008 
17 99 78 0.00792864222002 
12 65 56 0.0109170305677 
5 37 0 0.0032154340836 
5 23 5 0.0 
3 26 0 0.0 
12 64 10 0.0 
8 47 65 0.0485436893204 
8 43 0 0.0 
13 69 0 0.0 
6 32 206 0.0 
16 85 0 0.0 
1 16 9 0.0 
8 37 0 0.0 
2 11 0 0.0106382978723 
6 35 0 0.0 
8 51 6 0.0 
6 27 2 0.0 
2 11 0 0.0 
20 87 4 0.0 
3 20 0 0.0 
7 33 8 0.0 
18 107 0 0.05 
24 123 0 0.0243902439024 
4 21 0 0.166666666667 
3 17 0 0.0 
11 46 3 0.0 
4 24 0 0.0 
9 52 7 0.0 
0 1 0 0.0 
6 34 2 0.0 
9 37 0 0.0 
3 15 0 0.0 
13 69 3 0.0 
2 8 0 0.0486111111111 
11 75 2 0.0 
7 46 6 0.0 
12 53 5 0.242424242424 
7 34 1 0.0 
7 40 0 0.0 
12 75 0 0.0 
9 49 1 0.0 
15 70 5 0.0 
8 39 7 0.0 
10 54 3 0.0 
5 21 3 0.0 
1 8 0 0.0133333333333 
6 34 0 0.0833333333333 
12 69 80 0.0 
10 54 7 0.0 
3 13 12 0.0 
12 61 0 0.0 
7 34 8 0.0 
12 72 9 0.0 
9 51 15 0.0204081632653 
6 32 3 0.0 
9 40 0 0.0 
13 67 0 0.0 
2 12 4 0.0 
4 18 1 0.0 
7 35 8 0.0 
2 18 64 0.0 
4 20 0 0.0 
1 7 20 0.0 
7 47 6 0.0 
12 70 11 0.0 
7 39 0 0.0 
2 6 24 0.0444444444444 
10 48 109 0.0 
11 45 6 0.0 
7 31 3 0.0 
5 25 0 0.0322580645161 
7 42 2 0.0 
4 23 43 0.0 
14 85 15 0.0 
9 46 3 0.0 
7 35 0 0.00892857142857 
6 33 4 0.0 
13 62 9 0.0 
9 62 0 0.0 
12 61 8 0.0 
11 52 0 0.0 
8 44 4 0.0 
8 38 2 0.0 
7 41 1 0.0 
2 13 0 0.0 
5 30 8 0.0 
11 56 79 0.0445544554455 
16 89 3 0.0 
2 8 0 0.0 
1 6 0 0.142857142857 
12 55 0 0.0 
4 21 5 0.0 
7 35 306 0.00319488817891 
3 11 0 0.0172413793103 
12 62 4 0.0 
2 13 0 0.0 
5 26 6 0.0 
4 20 0 0.0 
5 27 35 0.0 
8 55 6 0.0 
17 81 0 0.0 
3 17 0 0.0 
2 9 0 0.0 
5 31 7 0.0 
14 69 5 0.0 
1 10 12 0.025641025641 
5 34 2 0.0 
8 40 2 0.030303030303 
5 25 0 0.0 
12 53 0 0.0 
7 44 0 0.0 
3 35 0 0.0123456790123 
7 40 0 0.0 
5 25 5 0.0 
5 24 2 0.0 
13 64 0 0.0 
14 70 0 0.0 
3 13 0 0.0 
7 35 0 0.0 
9 40 2 0.0 
5 23 0 0.0693069306931 
3 14 0 0.015625 
9 49 5 0.157894736842 
3 17 0 0.0 
4 20 0 0.0 
7 33 0 0.0 
6 29 5 0.0 
4 15 186 0.0 
8 39 0 0.047619047619 
1 8 0 0.0 
7 43 5 0.0 
5 21 0 0.0 
6 37 6 0.0 
8 52 4 0.0 
8 52 5 0.0 
2 9 0 0.0 
8 47 41 0.0 
8 47 9 0.0178571428571 
3 18 0 0.0 
3 21 0 0.0 
15 65 7 0.0 
6 32 6 0.0 
4 21 5 0.0 
6 33 30 0.0 
11 62 1 0.0 
10 59 2 0.0 
6 22 5 0.0 
7 30 0 0.0140845070423 
7 40 9 0.0 
11 63 5 0.0 
9 53 5 0.0 
3 17 0 0.0 
5 26 6 0.0 
1 8 0 0.0 
8 33 50 0.0 
2 9 0 0.0 
4 18 0 0.0 
9 48 5 0.0 
8 51 1 0.0 
8 45 9 0.0 
7 39 0 0.0 
6 30 0 0.0 
10 54 5 0.0 
1 5 21 0.0 
2 10 0 0.0 
3 15 0 0.0 
7 41 5 0.0 
10 54 7 0.0 
8 41 3 0.0 
16 68 0 0.0 
8 39 2 0.0 
7 34 0 0.0 
2 17 5 0.0 
10 59 2 0.0 
6 41 5 0.0 
4 21 94 0.0 
16 75 5 0.0 
5 30 6 0.0 
8 49 1 0.0 
10 48 1 0.0 
6 28 49 0.027397260274 
2 13 120 0.0 
9 46 0 0.0 
9 42 5 0.0 
12 63 12 0.0 
0 8 0 0 
14 65 5 0.0 
10 55 4 0.0 
2 12 0 0.0 
11 56 0 0.0 
15 71 5 0.0 
7 34 5 0.0 
6 39 0 0.0 
13 71 3 0.0 
6 25 2 0.0 
7 35 5 0.0 
6 32 24 0.0 
7 43 2 0.0 
11 65 17 0.0 
4 23 0 0.0 
8 40 0 0.0 
4 36 0 0.0 
3 15 5 0.0 
4 21 23 0.0 
17 97 0 0.0 
13 68 5 0.0 
12 68 1 0.0 
16 63 4 0.0 
6 46 2 0.0 
1 7 0 0.00892857142857 
7 35 5 0.0 
6 32 0 0.0 
7 35 0 0.0 
3 15 0 0.0 
2 10 0 0.0 
5 28 0 0.0 
2 12 0 0.0 
10 49 6 0.0 
4 16 0 0.0 
10 47 6 0.0 
7 34 12 0.0 
8 41 3 0.0 
3 16 0 0.0 
1 4 0 0.0 
10 65 0 0.0 
11 61 2 0.0 
9 44 10 0.027027027027 
5 29 0 0.00617283950617 
16 83 2 0.0 
2 9 28 0.0 
8 37 0 0.0 
1 4 0 0.0 
3 27 0 0.0 
13 58 7 0.0 
1 5 0 0.0 
9 51 6 0.0 
15 82 9 0.0 
2 10 0 0.0 
19 84 0 0.0232558139535 
10 51 20 0.0 
8 40 10 0.0555555555556 
13 73 3 0.0178571428571 
6 37 4 0.0 
2 14 0 0.0 
14 66 24 0.0263157894737 
7 34 1 0.0 
7 43 2 0.0 
4 17 12 0.0 
10 50 42 0.0 
1 4 0 0.0 
8 47 1 0.0 
5 23 0 0.0 
13 62 4 0.0 
6 22 0 0.0 
3 24 0 0.0 
4 18 0 0.0 
5 27 0 0.0 
6 36 9 0.0 
7 41 74 0.030487804878 
6 34 0 0.0 
18 113 229 0.00375939849624 
10 53 3 0.0 
8 42 5 0.0 
4 22 0 0.0 
16 74 3 0.0 
3 12 0 0.0 
16 91 35 0.0 
4 15 0 0.0405405405405 
11 57 4 0.0 
3 21 9 0.0 
6 26 0 0.0 
7 34 0 0.0 
13 74 0 0.0 
8 52 7 0.0 
16 77 2 0.0 
25 130 6 0.0322580645161 
4 21 13 0.0277777777778 
4 21 0 0.0 
2 14 0 0.0 
9 54 0 0.0 
8 44 11 0.0 
5 24 23 0.0 
5 23 0 0.0 
3 17 15 0.0 
7 47 2 0.0 
12 75 14 0.0 
2 13 0 0.0 
7 47 7 0.0 
12 73 9 0.0 
14 75 0 0.0 
0 1 0 0 
0 5 16 0.0 
5 20 8 0.0 
16 84 4 0.05 
8 44 5 0.0 
9 58 4 0.0 
6 32 2 0.0 
12 77 0 0.0 
8 38 0 0.0 
9 49 7 0.0 
5 43 4 0.0 
12 66 3 0.0 
3 24 0 0.0 
14 71 4 0.0 
4 18 0 0.034965034965 
5 23 0 0.0606060606061 
6 29 2 0.0 
10 58 5 0.0 
6 36 7 0.0266666666667 
1 3 0 0.0 
11 58 2 0.0 
2 9 0 0.0 
15 88 0 0.0 
5 25 0 0.0588235294118 
6 22 4 0.0833333333333 
10 53 2 0.0 
10 55 3 0.0 
6 34 0 0.0 
7 33 0 0.0 
8 46 0 0.0 
16 87 0 0.0133333333333 
4 26 22 0.0 
15 78 0 0.0 
5 17 0 0.00892857142857 
14 65 0 0.0 
12 67 2 0.0 
2 9 0 0.0 
7 34 1 0.0 
6 34 3 0.0 
8 44 5 0.0 
7 38 12 0.0 
5 25 0 0.0 
3 11 0 0.0 
5 33 5 0.0 
9 60 1 0.0 
9 48 0 0.025641025641 
9 42 0 0.0 
10 50 5 0.0 
6 24 5 0.0 
10 54 0 0.0 
6 35 0 0.0 
10 46 0 0.0 
11 53 7 0.0 
10 51 10 0.0 
10 58 3 0.0 
10 41 3 0.0 
5 28 11 0.0 
3 19 125 0.0 
14 65 13 0.00806451612903 
8 40 1 0.0 
2 9 143 0.0275862068966 
12 72 0 0.0 
5 25 0 0.0 
5 24 0 0.0116279069767 
7 30 8 0.0 
13 65 6 0.0196078431373 
12 74 0 0.0 
10 55 1 0.0 
11 64 8 0.0 
13 56 3 0.0 
7 47 9 0.0 
4 30 0 0.0 
19 87 1 0.0 
7 35 0 0.0 
9 42 0 0.0 
15 73 7 0.0 
5 25 0 0.0 
6 34 77 0.0 
9 46 8 0.173913043478 
7 39 2 0.0 
3 16 0 0.0 
8 25 0 0.0 
7 41 5 0.0 
10 40 7 0.0 
3 15 0 0.0 
4 20 4 0.0212765957447 
6 32 3 0.0 
8 43 2 0.0 
16 70 7 0.0 
11 42 12 0.0 
14 70 6 0.0 
6 28 5 0.0 
15 79 3 0.0 
5 25 0 0.0 
7 41 3 0.0 
12 68 6 0.0 
8 44 4 0.0 
5 35 0 0.0 
5 22 3 0.0 
10 65 4 0.0 
15 78 2 0.0 
8 40 5 0.0 
11 60 12 0.0 
19 94 4 0.0 
13 69 0 0.0 
9 53 2 0.0 
9 47 5 0.0 
28 131 5 0.0 
7 37 4 0.0 
4 23 4 0.0 
13 57 0 0.06 
10 38 7 0.0 
5 34 14 0.0 
14 69 0 0.0 
5 27 44 0.0 
2 14 0 0.0 
11 49 10 0.0 
14 58 6 0.0 
1 11 0 0.0 
9 52 5 0.0 
7 49 8 0.0 
2 15 0 0.0 
12 55 6 0.0 
15 75 6 0.0 
5 27 4 0.0 
7 35 1 0.0 
8 37 0 0.0 
8 50 18 0.0 
1 4 0 0.0 
5 34 0 0.0 
9 53 6 0.0 
17 73 12 0.0 
12 68 6 0.0 
1 9 0 0.0 
9 45 0 0.0 
7 31 0 0.0 
2 9 0 0.0 
9 55 2 0.0 
9 45 0 0.0 
3 19 21 0.0 
7 35 8 0.0 
11 58 0 0.0 
20 99 24 0.0 
5 28 8 0.0 
1 6 0 0.0 
6 31 7 0.0 
9 52 39 0.0120481927711 
6 29 0 0.0 
9 47 0 0.0 
12 54 0 0.0 
11 70 0 0.0 
8 37 2 0.0 
7 33 6 0.0 
1 8 4 0.0 
6 42 3 0.0 
13 69 4 0.0 
16 90 0 0.0 
6 33 0 0.0 
11 44 0 0.0 
9 53 1 0.0 
11 54 0 0.0 
4 16 0 0.0 
5 27 4 0.0 
6 29 7 0.0 
8 44 49 0.0 
8 51 5 0.0 
2 15 5 0.0 
1 4 0 0.0 
9 48 5 0.0 
7 38 0 0.0 
8 39 4 0.0222222222222 
1 6 10 0.0300751879699 
3 18 0 0.0 
5 17 0 0.0 
3 16 0 0.00689655172414 
5 26 0 0.0 
14 80 63 0.0 
5 29 0 0.0 
8 47 3 0.0 
9 42 4 0.0 
9 38 3 0.0 
6 32 2 0.0 
13 62 8 0.0 
7 33 3 0.0 
5 34 3 0.03125 
9 47 5 0.0714285714286 
6 32 2 0.0 
14 65 0 0.0 
19 73 0 0.0 
1 9 0 0.0 
14 68 1 0.0 
7 44 137 0.0 
7 40 4 0.0 
5 20 6 0.0 
1 8 0 0.0 
5 27 0 0.0 
2 17 7 0.0 
5 22 0 0.0 
8 51 5 0.0 
6 33 7 0.0 
6 29 0 0.0 
8 49 0 0.0 
10 47 18 0.0 
15 63 5 0.0289855072464 
7 45 0 0.0 
2 10 0 0.0 
5 30 5 0.0 
9 39 0 0.0 
7 42 4 0.0 
16 70 0 0.0169491525424 
5 24 2 0.0 
3 21 0 0.0205479452055 
2 13 0 0.0 
14 77 8 0.0 
17 94 9 0.0 
10 55 0 0.0 
10 54 2 0.0 
11 51 0 0.0 
16 73 3 0.0 
8 35 56 0.0 
9 46 0 0.0 
6 31 3 0.0 
8 51 0 0.0 
6 41 4 0.0 
6 31 4 0.0 
5 23 0 0.0 
9 46 6 0.0 
3 18 8 0.0 
8 41 8 0.0 
10 46 0 0.0 
9 58 5 0.0 
6 31 8 0.0 
18 86 0 0.0 
14 72 1 0.0 
11 48 3 0.0 
2 11 13 0.0 
5 42 5 0.0 
8 40 4 0.0 
8 41 0 0.0 
13 87 1 0.0 
10 41 3 0.0 
4 27 0 0.0 
6 34 6 0.0 
7 37 3 0.0 
9 59 6 0.0 
10 54 9 0.0 
14 59 0 0.0 
5 21 0 0.0 
6 22 0 0.0 
5 40 8 0.0 
12 61 9 0.0 
16 97 42 0.0 
1 5 0 0.0 
13 63 5 0.0 
6 26 21 0.0 
12 80 0 0.0 
6 31 0 0.00925925925926 
7 34 2 0.0 
1 8 0 0.0 
13 65 1 0.0 
6 37 7 0.0 
9 45 1 0.0 
7 32 1 0.0 
8 33 0 0.0 
2 8 15 0.0 
6 37 15 0.015625 
2 11 25 0.0 
11 63 8 0.0 
3 19 39 0.0 
5 29 0 0.010752688172 
0 9 1 0.0 
2 9 0 0.0 
3 10 0 0.0 
13 66 5 0.0 
2 10 0 0.0 
6 28 0 0.108108108108 
16 92 2 0.0 
4 28 38 0.0105263157895 
5 24 0 0.05 
11 71 51 0.0 
23 120 34 0.0 
8 45 6 0.0 
9 50 2 0.0 
4 18 0 0.0135135135135 
2 8 0 0.0 
5 30 2 0.0 
7 43 8 0.0 
2 14 0 0.0 
2 11 11 0.0 
7 38 7 0.0 
8 39 2 0.0 
16 86 13 0.0 
8 36 2 0.0 
2 13 0 0.0 
9 57 1 0.0 
5 52 0 0.0 
1 7 0 0.0769230769231 
17 96 5 0.0 
7 33 3 0.0 
6 30 4 0.0 
6 33 0 0.166666666667 
26 132 7 0.0 
9 41 4 0.0 
1 6 0 0.0 
5 34 0 0.025 
10 74 5 0.0 
6 46 0 0.0 
12 55 3 0.0 
3 23 0 0.0 
9 45 4 0.0 
1 9 5 0.0 
6 32 2 0.0 
2 8 226 0.019305019305 
6 30 4 0.0 
21 76 10 0.06 
15 70 3 0.0 
8 37 0 0.0 
1 7 0 0.0 
11 68 6 0.0 
11 55 35 0.0 
4 22 2 0.0 
6 35 3 0.0 
8 43 0 0.0 
8 37 6 0.0 
2 15 0 0.0 
12 61 2 0.0 
11 66 36 0.0425531914894 
4 26 0 0.0 
7 28 9 0.125 
8 45 82 0.0 
5 34 0 0.0 
6 22 15 0.0245901639344 
9 42 10 0.0 
4 17 43 0.0 
5 25 10 0.0 
3 21 0 0.0 
16 73 0 0.0 
9 39 11 0.0 
5 18 0 0.00793650793651 
7 35 0 0.0 
3 19 0 0.0 
7 30 3 0.0 
8 43 8 0.0 
6 40 7 0.0 
4 25 0 0.0952380952381 
7 45 3 0.0 
8 45 13 0.0 
14 74 3 0.0 
7 42 11 0.047619047619 
2 14 0 0.0 
4 21 0 0.0 
5 29 0 0.0 
2 8 0 0.0 
9 36 1 0.0 
13 48 0 0.148148148148 
5 24 0 0.0 
2 7 0 0.0 
6 35 0 0.0 
11 58 6 0.0 
4 26 3 0.0 
9 41 2 0.0 
18 81 1 0.0142857142857 
7 38 9 0.0 
8 39 2 0.0 
14 72 4 0.0 
0 1 0 0.0288461538462 
4 21 0 0.0243902439024 
9 46 2 0.0 
10 59 9 0.0 
2 20 0 0.05 
8 45 3 0.047619047619 
10 52 8 0.0 
11 55 0 0.0 
11 52 22 0.0 
4 20 7 0.0 
7 43 2 0.0 
25 131 0 0.0166666666667 
9 47 0 0.0 
11 52 6 0.0 
12 52 1 0.0 
14 66 7 0.0 
7 30 0 0.0 
9 50 2 0.0 
20 98 0 0.0 
15 84 4 0.0 
7 38 3 0.0 
7 42 2 0.0 
3 12 0 0.0 
13 61 1 0.0 
6 38 5 0.0 
15 93 0 0.0 
18 78 8 0.0 
9 40 0 0.0 
2 14 0 0.0 
50 270 0 0.0169491525424 
3 13 0 0.0 
9 46 0 0.0 
13 54 3 0.0 
8 43 2 0.0196078431373 
14 72 0 0.0 
4 22 0 0.0 
8 43 2 0.0 
15 72 4 0.0 
16 92 38 0.0 
8 46 5 0.0 
7 45 8 0.0 
10 57 2 0.0 
14 77 3 0.0 
4 21 0 0.0 
13 70 0 0.0 
10 53 5 0.0 
4 23 5 0.0 
17 112 8 0.0 
11 53 1 0.0 
8 41 10 0.0 
3 11 0 0.0 
4 29 0 0.0 
6 33 8 0.0 
7 45 8 0.0 
7 39 133 0.0 
7 34 4 0.0 
4 20 0 0.0 
6 32 4 0.0 
5 33 9 0.0 
1 6 0 0.0 
9 42 2 0.0 
21 103 10 0.0 
3 16 0 0.0 
5 31 11 0.0 
5 34 5 0.0 
7 35 1 0.0 
11 42 9 0.0 
11 61 4 0.0 
11 53 3 0.0 
6 40 3 0.0 
6 26 1 0.0 
27 167 3 0.0 
8 42 0 0.0 
1 7 0 0.0 
10 49 8 0.0 
2 7 0 0.0 
3 16 0 0.0 
7 32 67 0.0 
9 44 2 0.0 
11 54 0 0.0526315789474 
6 31 15 0.0 
4 20 8 0.0 
8 44 10 0.0 
12 57 1 0.0 
0 1 0 0 
2 9 0 0.0 
6 31 1 0.0 
12 63 3 0.0 
2 13 0 0.0 
6 35 0 0.0 
5 25 5 0.0 
18 84 0 0.018018018018 
3 12 0 0.0 
8 44 0 0.0 
0 1 0 0.0 
5 22 5 0.0 
4 26 0 0.0 
9 47 115 0.0322580645161 
3 18 13 0.0 
0 1 0 0.0265486725664 
6 41 11 0.0 
3 17 0 0.0 
9 43 19 0.0 
7 29 1 0.0 
16 89 5 0.0 
10 52 32 0.0 
8 37 0 0.0 
2 10 23 0.0 
6 29 3 0.0 
6 31 0 0.027027027027 
5 18 0 0.00980392156863 
24 127 2 0.0 
6 33 6 0.0 
5 22 3 0.0232558139535 
4 23 14 0.0 
11 59 8 0.0 
9 47 54 0.0 
2 10 0 0.0 
10 52 0 0.0 
8 38 0 0.030303030303 
6 38 0 0.0 
7 32 5 0.0 
6 34 6 0.0 
15 79 33 0.0 
6 31 0 0.0 
7 36 3 0.0 
10 56 0 0.0 
5 37 0 0.0 
14 74 4 0.0 
8 53 9 0.0 
4 26 0 0.0 
4 20 0 0.0 
9 49 0 0.0 
8 44 11 0.0 
11 61 7 0.0 
10 55 0 0.0 
13 71 4 0.0 
5 26 8 0.0 
6 28 523 0.0115131578947 
3 19 0 0.0 
12 57 5 0.0 
6 30 3 0.0 
12 57 6 0.0 
6 30 6 0.0 
10 68 0 0.0 
4 20 0 0.0 
6 28 2 0.1 
11 51 3 0.0 
2 16 14 0.0 
12 61 11 0.0 
7 38 0 0.0 
9 47 7 0.0 
3 16 0 0.0 
13 60 33 0.015873015873 
15 83 3 0.0 
8 51 1 0.0 
9 53 8 0.0 
9 38 2 0.0 
10 58 0 0.0 
11 56 5 0.0 
2 11 19 0.0 
2 13 0 0.0248756218905 
2 13 0 0.0 
0 2 0 0 
10 69 4 0.0 
7 42 0 0.0 
10 53 4 0.0 
7 35 2 0.0 
5 15 0 0.0 
2 13 0 0.0 
2 14 0 0.0 
17 74 5 0.0 
14 66 7 0.0 
6 34 1 0.0 
9 55 2 0.0 
10 52 5 0.0 
6 29 0 0.0 
6 22 0 0.0 
7 36 5 0.0 
6 39 0 0.030303030303 
6 35 6 0.0 
7 41 0 0.0 
8 41 46 0.0 
2 21 0 0.0 
7 26 0 0.0 
4 13 29 0.0 
4 18 4 0.0 
9 46 7 0.0 
9 48 9 0.0526315789474 
8 50 0 0.0 
6 30 58 0.0 
5 30 0 0.00947867298578 
5 28 6 0.0 
7 37 8 0.0 
6 28 0 0.0 
4 16 0 0.0 
17 97 6 0.0 
4 17 0 0.0 
7 35 7 0.0 
5 19 0 0.0 
13 65 5 0.0 
4 24 0 0.0 
8 37 67 0.0 
10 48 7 0.0 
13 70 0 0.0 
8 40 2 0.0 
1 8 0 0.0 
3 21 4 0.0 
11 48 8 0.0 
5 23 0 0.008 
6 37 3 0.0 
7 40 122 0.0 
12 50 0 0.0 
2 12 0 0.0512820512821 
10 53 0 0.0 
5 18 7 0.0 
6 33 40 0.0 
9 38 4 0.0 
12 56 0 0.0 
2 12 0 0.0 
9 52 8 0.0 
5 22 0 0.0 
15 69 3 0.0 
1 8 0 0.0 
9 40 1 0.0 
7 46 0 0.142857142857 
4 28 41 0.0 
8 54 3 0.0 
2 13 0 0.0 
5 26 0 0.142857142857 
5 25 6 0.0 
13 72 8 0.0 
11 54 0 0.0 
11 56 3 0.025641025641 
6 39 7 0.0 
3 12 8 0.0 
11 58 5 0.0 
10 56 41 0.0 
6 42 0 0.0 
3 18 0 0.0 
6 31 0 0.0 
6 23 0 0.333333333333 
8 50 6 0.0 
18 98 0 0.0227272727273 
13 66 0 0.0 
7 42 5 0.0 
3 17 0 0.0 
7 37 7 0.0 
11 52 0 0.0 
8 40 2 0.0 
19 85 0 0.04 
10 52 4 0.0 
2 8 0 0.0 
1 9 0 0.0 
2 8 0 0.0333333333333 
7 37 3 0.0 
12 50 0 0.0 
7 42 1 0.0 
11 52 5 0.0625 
4 17 0 0.0 
3 12 17 0.0 
8 51 10 0.0 
9 42 15 0.0 
10 62 0 0.025 
4 29 23 0.0 
14 80 25 0.0 
6 33 0 0.0 
3 12 0 0.0491803278689 
3 19 40 0.0 
10 56 0 0.0 
25 114 0 0.0357142857143 
7 48 5 0.0 
2 9 0 0.0 
2 8 0 0.0147058823529 
8 47 7 0.0 
3 14 0 0.0 
13 67 9 0.0 
2 14 0 0.0 
12 64 13 0.0 
9 48 17 0.0 
7 42 37 0.0 
8 38 0 0.0 
10 64 0 0.0 
13 73 4 0.0 
6 33 64 0.0 
3 15 0 0.0 
14 68 20 0.0384615384615 
5 34 2 0.0 
4 31 0 0.0408163265306 
2 8 0 0.0 
13 68 5 0.0 
11 54 5 0.0 
9 46 3 0.0 
7 33 3 0.0 
7 30 143 0.0 
1 12 4 0.0 
6 30 3 0.0 
7 34 6 0.0 
2 13 91 0.0 
10 60 3 0.025641025641 
4 28 0 0.0 
8 39 0 0.0227272727273 
8 42 5 0.0 
4 20 9 0.0120481927711 
29 150 4 0.0 
10 47 4 0.0 
3 23 0 0.0 
11 54 0 0.0 
6 32 2 0.0 
9 51 6 0.0 
13 83 10 0.0 
4 24 74 0.0 
6 28 0 0.0 
12 57 6 0.0 
6 33 0 0.0 
10 58 14 0.0 
6 31 1 0.0 
5 38 27 0.0 
7 43 140 0.00719424460432 
3 19 56 0.008 
5 45 59 0.0 
4 21 31 0.0107142857143 
9 47 27 0.00675675675676 
13 80 74 0.0 
8 45 218 0.0436137071651 
10 43 29 0.0521739130435 
24 121 26 0.0181818181818 
7 52 98 0.0 
11 60 21 0.0 
13 69 39 0.0633484162896 
6 32 145 0.0339558573854 
3 23 63 0.0656934306569 
5 28 0 0.0 
5 39 76 0.00974658869396 
2 12 16 0.05 
9 49 13 0.0909090909091 
7 32 86 0.010752688172 
6 35 64 0.0902255639098 
7 47 88 0.00793650793651 
2 9 27 0.037037037037 
4 21 66 0.0182724252492 
7 37 12 0.00595238095238 
5 35 41 0.0205128205128 
6 49 126 0.0 
9 46 45 0.0516129032258 
2 10 110 0.00228832951945 
3 17 88 0.00833333333333 
3 24 60 0.0 
14 75 0 0.142857142857 
9 50 133 0.0 
13 72 98 0.00792393026941 
13 75 340 0.0217054263566 
10 65 428 0.0113074204947 
7 40 2 0.0212765957447 
7 41 26 0.0031847133758 
4 32 204 0.042735042735 
5 28 37 0.0 
6 35 65 0.0016339869281 
3 19 9 0.010067114094 
3 21 49 0.0 
8 38 3 0.0606060606061 
7 41 137 0.0109769484083 
3 18 69 0.00896860986547 
3 21 116 0.0260869565217 
9 41 41 0.0119047619048 
14 70 68 0.00779727095517 
6 32 0 0.333333333333 
2 10 26 0.0461538461538 
3 16 44 0.0344827586207 
4 16 48 0.0346820809249 
4 15 29 0.0505836575875 
5 27 36 0.0340909090909 
7 37 86 0.0945945945946 
10 46 30 0.00925925925926 
7 36 6 0.00931677018634 
6 37 49 0.0727272727273 
2 8 0 0.0263157894737 
5 26 41 0.0395480225989 
20 122 212 0.0646551724138 
6 27 0 0.0 
5 25 96 0.00981996726678 
5 33 76 0.010060362173 
2 8 32 0.0 
5 22 65 0.0508474576271 
11 74 285 0.0777027027027 
27 125 11 0.0261282660333 
6 35 52 0.0237388724036 
3 17 27 0.0365853658537 
8 48 100 0.00712589073634 
3 21 52 0.00879765395894 
15 84 91 0.0413533834586 
7 32 49 0.0 
12 69 0 0.00526315789474 
1 14 32 0.0133928571429 
3 25 31 0.027027027027 
9 49 83 0.0 
6 29 40 0.0141509433962 
11 55 58 0.212121212121 
5 34 61 0.00301204819277 
5 21 0 0.0167597765363 
5 22 0 0.2 
9 43 45 0.0293209876543 
9 47 88 0.0108695652174 
2 17 45 0.0 
3 16 158 0.0157284768212 
2 11 44 0.0395256916996 
3 17 30 0.0706806282723 
2 13 33 0.0208333333333 
8 56 131 0.00852878464819 
2 10 19 0.0 
3 14 59 0.0305810397554 
5 28 50 0.021978021978 
4 27 0 0.0344827586207 
5 37 73 0.0408921933086 
12 59 103 0.00499375780275 
15 74 52 0.016393442623 
3 23 6 0.0 
5 32 160 0.00606060606061 
2 17 43 0.00202839756592 
12 81 0 0.00529482551143 
5 31 26 0.00574712643678 
6 52 110 0.00259067357513 
3 16 25 0.0 
3 27 73 0.0246913580247 
3 18 24 0.0 
3 23 24 0.0388349514563 
7 30 32 0.0 
5 34 39 0.0174825174825 
5 35 57 0.0 
3 15 41 0.0117994100295 
14 87 0 0.0 
14 67 52 0.00990099009901 
5 31 34 0.0 
13 69 0 0.0461538461538 
8 59 19 0.039603960396 
11 57 151 0.00364520048603 
5 25 56 0.0441176470588 
5 47 23 0.0239520958084 
10 55 18 0.0 
9 48 27 0.0143884892086 
4 22 59 0.047619047619 
5 36 141 0.0172786177106 
4 26 81 0.0178571428571 
12 64 46 0.0 
8 49 54 0.008 
9 58 29 0.0217391304348 
7 42 60 0.0124127230411 
4 28 17 0.0 
10 44 56 0.139664804469 
3 23 0 0.0 
2 14 58 0.00877192982456 
16 73 0 0.0158311345646 
8 35 30 0.0142857142857 
4 23 91 0.0738255033557 
3 29 99 0.0119047619048 
5 38 23 0.0 
3 15 19 0.0138888888889 
5 21 18 0.0488721804511 
6 40 70 0.0243902439024 
10 47 112 0.0261437908497 
3 22 32 0.00523560209424 
13 69 111 0.00699300699301 
11 56 69 0.00442477876106 
9 42 6 0.0972972972973 
15 75 2 0.0 
18 85 0 0.00653594771242 
6 33 55 0.0 
10 53 52 0.0 
6 31 26 0.0 
3 20 53 0.0 
5 29 22 0.037037037037 
10 47 53 0.0625 
2 20 44 0.0 
3 19 44 0.0 
3 18 71 0.0 
2 16 28 0.0131578947368 
3 20 0 0.0 
1 10 0 0.0 
8 45 37 0.0106382978723 
15 79 23 0.0 
17 102 126 0.0102564102564 
5 35 43 0.0226244343891 
8 41 37 0.0210084033613 
4 16 17 0.0952380952381 
7 40 235 0.00306278713629 
26 130 0 0.0 
4 21 122 0.0205655526992 
9 48 32 0.0211193241816 
4 25 49 0.0192307692308 
8 52 104 0.0 
5 27 55 0.0139037433155 
5 30 113 0.100628930818 
3 15 60 0.0235888795282 
10 46 0 0.2 
3 17 18 0.0288461538462 
8 40 50 0.0379746835443 
4 27 58 0.0184331797235 
3 21 27 0.0 
5 28 44 0.0 
7 39 112 0.00936768149883 
21 149 0 0.047619047619 
21 118 48 0.00904977375566 
12 102 43 0.00884955752212 
10 62 224 0.00798722044728 
5 26 42 0.0205655526992 
5 27 97 0.0132450331126 
7 29 86 0.0125944584383 
2 18 7 0.0 
7 46 0 0.0 
4 31 24 0.0123456790123 
3 17 26 0.00627615062762 
4 17 38 0.047619047619 
6 28 59 0.0357142857143 
30 157 0 0.0 
13 77 0 0.0 
7 45 72 0.0106382978723 
10 56 3 0.0185185185185 
4 26 70 0.0293255131965 
10 49 19 0.00813008130081 
8 56 161 0.00407687827606 
5 19 58 0.0161725067385 
12 51 55 0.275362318841 
7 34 61 0.0679380214541 
5 26 61 0.00879765395894 
4 26 37 0.0259067357513 
9 54 305 0.0111524163569 
7 42 182 0.00834724540902 
11 57 107 0.0242214532872 
9 49 42 0.0238095238095 
7 37 32 0.0537634408602 
4 15 96 0.0487483530962 
8 59 121 0.00254452926209 
7 47 0 0.0031746031746 
3 15 41 0.0285714285714 
7 34 0 0.036231884058 
6 35 120 0.0290322580645 
7 39 434 0.046176046176 
7 45 41 0.0202702702703 
3 22 0 0.0133333333333 
3 28 68 0.0980392156863 
3 19 64 0.0 
5 26 116 0.015 
5 26 34 0.025641025641 
2 14 42 0.00323624595469 
7 36 41 0.00526315789474 
7 50 19 0.01 
7 43 38 0.0138888888889 
5 39 0 0.0322580645161 
6 45 43 0.0253623188406 
8 40 188 0.0 
17 83 45 0.037527593819 
11 50 413 0.0343642611684 
10 51 114 0.0516129032258 
8 49 0 0.0 
7 44 0 0.0 
4 33 41 0.0 
10 51 0 0.00790513833992 
7 36 29 0.0 
9 56 100 0.00297619047619 
7 33 18 0.1 
6 35 32 0.0438596491228 
4 22 57 0.0113636363636 
12 65 27 0.0222222222222 
2 9 32 0.0284090909091 
6 30 19 0.0909090909091 
14 82 0 0.0 
5 36 31 0.00414937759336 
9 47 23 0.0149253731343 
9 50 38 0.0 
5 28 21 0.0 
5 29 89 0.0 
3 20 25 0.0481099656357 
7 32 107 0.0614035087719 
5 17 108 0.0036866359447 
2 13 36 0.0227790432802 
5 34 19 0.027027027027 
3 18 35 0.00751879699248 
16 92 2 0.166666666667 
5 31 103 0.00269541778976 
8 49 11 0.0344827586207 
3 25 15 0.0555555555556 
2 8 57 0.0243902439024 
4 32 34 0.0111731843575 
6 31 17 0.0484261501211 
11 68 87 0.0 
15 78 0 0.0666666666667 
9 33 71 0.00248138957816 
8 57 0 0.0 
7 38 31 0.00546448087432 
4 15 50 0.037037037037 
14 74 0 0.047619047619 
4 31 88 0.00473933649289 
7 60 0 0.0178571428571 
6 45 77 0.0120481927711 
21 98 28 0.0492170022371 
11 56 20 0.038961038961 
18 97 1 0.0479797979798 
1 8 49 0.00716845878136 
4 27 53 0.0432432432432 
3 17 34 0.00798722044728 
3 17 20 0.0 
2 7 23 0.025641025641 
6 40 102 0.0205371248025 
9 53 98 0.00666666666667 
10 44 52 0.274193548387 
6 32 38 0.0 
9 43 0 0.111111111111 
8 61 66 0.023166023166 
16 92 0 0.0 
4 32 158 0.00486618004866 
5 31 29 0.0 
12 60 52 0.0583657587549 
9 37 87 0.0506912442396 
4 22 39 0.00289855072464 
7 40 35 0.094262295082 
2 19 67 0.00259067357513 
14 95 87 0.0193798449612 
7 43 35 0.0 
8 41 0 0.0 
9 51 0 0.0335195530726 
4 29 5 0.040625 
11 78 0 0.00609756097561 
4 27 39 0.0697674418605 
4 21 17 0.0 
5 29 0 0.0675675675676 
9 52 96 0.0 
9 58 230 0.0 
5 34 71 0.00862068965517 
15 90 0 0.0 
14 75 142 0.00452488687783 
6 32 57 0.0186046511628 
13 74 14 0.0 
4 25 51 0.0 
10 52 157 0.0 
8 50 41 0.0 
2 12 84 0.00961538461538 
5 27 58 0.00275988960442 
2 8 60 0.013698630137 
4 44 42 0.0 
9 66 95 0.0177304964539 
20 112 0 0.0222222222222 
3 18 89 0.0322580645161 
4 20 27 0.0114942528736 
7 39 46 0.0104166666667 
2 10 17 0.0177514792899 
12 70 6 0.0793650793651 
5 33 23 0.0 
17 82 0 0.0588235294118 
7 42 78 0.0117647058824 
8 47 106 0.0765550239234 
12 59 0 0.166666666667 
6 33 14 0.0833333333333 
4 28 22 0.0224089635854 
11 54 49 0.0280991735537 
4 23 67 0.029520295203 
6 34 42 0.0 
9 62 0 0.00420168067227 
6 27 26 0.0 
8 47 58 0.034632034632 
3 16 103 0.0252100840336 
3 20 72 0.0195465207193 
14 74 54 0.00689655172414 
6 43 75 0.0344827586207 
1 4 20 0.0 
7 43 70 0.00740740740741 
5 33 91 0.0166666666667 
5 29 43 0.00625 
13 66 4 0.0137931034483 
4 15 70 0.0252583237658 
3 19 36 0.0156918687589 
8 53 50 0.00502512562814 
4 22 104 0.0138888888889 
9 39 140 0.0456852791878 
5 26 50 0.0185185185185 
5 20 34 0.030303030303 
7 49 90 0.0829875518672 
9 44 35 0.0314960629921 
7 36 67 0.0 
2 8 12 0.0358208955224 
8 41 65 0.00813008130081 
6 31 7 0.05 
7 33 45 0.0306748466258 
7 51 0 0.0 
6 34 8 0.0 
12 58 6 0.0719424460432 
9 58 51 0.039603960396 
5 34 126 0.0 
3 19 41 0.0423728813559 
9 51 14 0.010101010101 
5 23 30 0.0062893081761 
11 65 56 0.00420168067227 
3 18 271 0.0049504950495 
5 18 27 0.0709677419355 
7 49 106 0.0058207217695 
4 29 95 0.131313131313 
13 61 0 0.0408163265306 
4 28 29 0.00456273764259 
9 41 42 0.0145348837209 
11 73 237 0.0114942528736 
5 40 75 0.00208333333333 
21 113 0 0.0281690140845 
5 22 37 0.0518134715026 
5 28 38 0.00657894736842 
10 58 97 0.00828157349896 
5 29 52 0.010989010989 
3 20 48 0.031914893617 
8 56 11 0.0 
11 69 44 0.0 
9 49 40 0.0396196513471 
6 32 0 0.0032414910859 
9 51 0 0.0788804071247 
5 21 129 0.0 
9 43 62 0.0 
9 58 138 0.0114285714286 
4 25 72 0.133333333333 
3 14 106 0.0359042553191 
4 26 20 0.0283018867925 
5 29 56 0.00970873786408 
10 54 57 0.0 
8 43 77 0.0144927536232 
4 31 43 0.0 
6 39 48 0.0111111111111 
3 19 11 0.0122699386503 
7 46 79 0.0813953488372 
4 25 6 0.037037037037 
4 39 55 0.0147783251232 
3 16 23 0.0 
3 22 95 0.00124378109453 
11 69 7 0.0 
3 19 98 0.0233463035019 
11 66 36 0.0135135135135 
6 40 115 0.0364372469636 
5 31 138 0.0197368421053 
7 31 33 0.037037037037 
2 8 55 0.0526315789474 
4 30 40 0.0 
4 17 0 0.0 
2 14 24 0.0829015544041 
5 28 18 0.0 
3 25 93 0.0241935483871 
3 24 36 0.0 
10 55 0 0.0 
9 45 53 0.0221066319896 
9 57 299 0.0289473684211 
3 18 10 0.0416666666667 
10 39 85 0.00749063670412 
6 34 148 0.0450216450216 
13 74 0 0.0 
2 7 41 0.0153846153846 
2 11 92 0.0120481927711 
6 43 92 0.00676818950931 
7 44 0 0.0 
8 42 16 0.0 
14 74 156 0.0102915951973 
6 36 39 0.0 
35 226 0 0.0 
5 40 17 0.0 
9 50 23 0.0338983050847 
4 27 17 0.0 
9 47 12 0.0 
9 52 110 0.0141242937853 
6 40 26 0.0 
8 46 16 0.0 
7 45 48 0.00689655172414 
13 76 449 0.00108813928183 
4 29 77 0.0 
3 29 38 0.00917431192661 
2 9 22 0.0 
10 48 37 0.0 
6 40 199 0.03125 
2 16 42 0.0458015267176 
7 41 43 0.0 
5 28 42 0.0 
4 16 67 0.0680628272251 
8 49 0 0.0144420131291 
9 54 74 0.0146341463415 
7 43 63 0.0 
3 19 32 0.0 
6 35 14 0.05 
8 51 0 0.00130039011704 
2 21 31 0.0208768267223 
3 20 72 0.0062893081761 
13 68 0 0.00525762355415 
9 55 89 0.0 
13 63 21 0.0100200400802 
6 36 57 0.0687022900763 
6 24 51 0.0277777777778 
12 46 22 0.015988372093 
11 59 0 0.0588235294118 
7 39 15 0.0 
2 9 32 0.0585774058577 
6 41 38 0.0227272727273 
16 83 0 0.0 
2 10 46 0.0 
6 34 0 0.0997830802603 
4 30 29 0.030303030303 
7 48 35 0.00943396226415 
9 37 41 0.0237288135593 
3 16 72 0.0240963855422 
6 26 0 0.0204081632653 
3 20 108 0.0727272727273 
7 50 50 0.0136363636364 
2 7 54 0.00699300699301 
7 42 47 0.0369799691834 
8 51 35 0.013698630137 
16 103 23 0.0193965517241 
6 28 107 0.0211038961039 
13 69 56 0.0131578947368 
6 32 86 0.0494699646643 
2 16 121 0.0157894736842 
4 27 164 0.00849858356941 
5 34 6 0.0294117647059 
6 44 111 0.00925925925926 
6 56 45 0.0313253012048 
6 35 39 0.003861003861 
13 81 41 0.0166666666667 
12 68 0 0.0196078431373 
5 22 113 0.0142857142857 
3 27 59 0.00735294117647 
8 45 0 0.0 
15 66 51 0.0148619957537 
14 71 0 0.0263326910726 
4 16 94 0.0694087403599 
6 37 35 0.0576923076923 
3 21 46 0.103174603175 
3 26 37 0.0155642023346 
6 34 69 0.0 
10 53 65 0.0119047619048 
11 80 94 0.104761904762 
5 27 62 0.0362694300518 
9 42 89 0.0176991150442 
8 42 45 0.107594936709 
14 78 33 0.0407239819005 
7 32 92 0.0265486725664 
15 55 110 0.00499168053245 
3 19 41 0.00873362445415 
3 19 250 0.00443262411348 
8 39 60 0.0272277227723 
3 19 14 0.00662251655629 
6 37 0 0.0 
11 50 55 0.25974025974 
3 25 86 0.0227272727273 
5 41 99 0.0137299771167 
2 11 24 0.0054347826087 
4 26 30 0.0 
2 20 44 0.0160427807487 
12 56 167 0.0555555555556 
2 9 7 0.111111111111 
17 84 77 0.00268096514745 
7 41 51 0.0689655172414 
11 51 58 0.161764705882 
5 28 93 0.00583090379009 
9 50 30 0.0384615384615 
4 21 27 0.0222222222222 
2 20 47 0.0176991150442 
31 189 205 0.0550847457627 
5 30 53 0.0130293159609 
4 21 90 0.063829787234 
3 22 18 0.04 
4 30 29 0.030612244898 
7 35 96 0.018018018018 
4 26 0 0.0116279069767 
4 27 53 0.0210526315789 
4 18 36 0.047619047619 
2 11 46 0.0133333333333 
11 49 0 0.181818181818 
8 43 0 0.0 
5 29 70 0.0 
6 39 31 0.00813008130081 
14 76 49 0.00629811056683 
12 72 0 0.0526315789474 
3 21 13 0.0 
3 19 116 0.004 
9 47 2 0.181818181818 
6 40 37 0.010989010989 
9 57 65 0.00531914893617 
5 34 18 0.0680412371134 
15 94 106 0.0766550522648 
35 179 453 0.0225409836066 
8 55 30 0.00406504065041 
29 131 110 0.0118343195266 
5 27 27 0.0533333333333 
10 54 47 0.0526315789474 
13 63 8 0.020725388601 
7 42 52 0.00961538461538 
4 20 47 0.00699300699301 
4 28 73 0.051724137931 
4 17 28 0.0204081632653 
7 29 7 0.0470588235294 
3 21 26 0.032 
5 30 53 0.028901734104 
16 82 41 0.00350877192982 
7 40 80 0.00681431005111 
14 103 0 0.0135440180587 
4 19 46 0.0 
2 14 37 0.0 
6 24 25 0.025 
4 21 38 0.0671140939597 
6 34 43 0.0408163265306 
6 38 77 0.0747826086957 
5 20 11 0.0147058823529 
5 32 171 0.0 
4 29 82 0.0258620689655 
5 30 15 0.0 
19 87 61 0.00711743772242 
5 27 69 0.00744416873449 
5 38 43 0.0299145299145 
3 20 42 0.0 
8 57 37 0.0 
6 34 11 0.0 
4 20 10 0.3125 
3 10 11 0.0 
6 43 86 0.0213464696223 
9 62 0 0.0191082802548 
7 37 3 0.1 
4 24 55 0.027027027027 
8 36 46 0.0185185185185 
5 29 64 0.0313725490196 
3 14 26 0.0431034482759 
3 14 87 0.0362811791383 
5 27 39 0.0378884631758 
5 29 18 0.0 
8 37 28 0.0663900414938 
2 13 64 0.0 
5 25 37 0.0426829268293 
2 17 37 0.0 
11 74 80 0.0 
11 78 174 0.0108108108108 
2 16 43 0.0056657223796 
20 98 0 0.00754310344828 
4 23 72 0.0141843971631 
4 20 84 0.000970402717128 
8 40 27 0.114285714286 
9 62 9 0.0420792079208 
9 48 61 0.0 
3 23 30 0.0 
25 125 0 0.00358422939068 
14 71 8 0.0 
7 45 0 0.2 
8 49 0 0.0 
8 32 79 0.0477178423237 
5 26 12 0.0 
4 21 24 0.0148148148148 
3 20 231 0.00290416263311 
3 19 22 0.00704225352113 
7 44 34 0.00595238095238 
3 15 23 0.00847457627119 
11 49 20 0.0184501845018 
13 79 70 0.0112044817927 
4 28 56 0.00245398773006 
2 14 23 0.04 
10 52 120 0.0255220417633 
3 16 41 0.0 
2 20 46 0.0223880597015 
5 33 43 0.0172684458399 
7 40 73 0.021164021164 
6 39 84 0.0426829268293 
19 110 132 0.0202429149798 
3 16 13 0.0326086956522 
12 62 0 0.00714285714286 
10 51 82 0.0493630573248 
2 8 38 0.00819672131148 
10 57 0 0.0 
6 38 48 0.003300330033 
7 42 122 0.0258302583026 
7 41 36 0.0227272727273 
2 12 30 0.032 
5 29 167 0.0 
11 70 406 0.043 
4 24 99 0.0 
7 41 63 0.0149253731343 
11 81 17 0.0357142857143 
5 23 60 0.0104166666667 
3 16 30 0.0 
15 101 168 0.00266666666667 
4 30 275 0.0151245551601 
10 55 17 0.0 
14 67 110 0.0241935483871 
8 42 45 0.0 
3 20 131 0.0372093023256 
17 84 74 0.0796019900498 
3 23 213 0.0341463414634 
11 58 0 0.0909090909091 
8 49 0 0.125 
6 32 38 0.0 
7 49 24 0.0285714285714 
10 45 72 0.0 
10 47 50 0.25 
7 36 0 0.0 
2 9 63 0.030303030303 
2 5 0 0.0 
8 48 77 0.0049504950495 
4 25 42 0.012987012987 
3 23 77 0.00909090909091 
5 31 38 0.0137763371151 
1 19 0 0.0 
2 12 22 0.0 
3 15 51 0.010067114094 
6 37 33 0.00847457627119 
11 65 0 0.0 
9 51 45 0.0185185185185 
7 51 33 0.0 
8 41 48 0.0375939849624 
2 18 64 0.012987012987 
9 74 61 0.0194174757282 
7 45 255 0.0220183486239 
3 20 24 0.031746031746 
4 22 81 0.010582010582 
8 41 124 0.0 
5 35 61 0.0 
8 49 35 0.0 
11 69 15 0.0369003690037 
1 4 0 0.027868852459 
14 80 25 0.0151515151515 
3 18 76 0.0253164556962 
20 129 10 0.00274725274725 
8 49 37 0.0243902439024 
8 42 62 0.0 
4 25 53 0.0 
8 51 16 0.03125 
10 55 0 0.0 
16 86 12 0.0 
8 44 122 0.0604719764012 
6 33 0 0.0 
10 56 23 0.0111111111111 
9 52 0 0.0 
6 30 107 0.00333889816361 
12 65 122 0.00388349514563 
7 40 33 0.0 
6 36 0 0.0272727272727 
10 69 9 0.0340136054422 
7 43 137 0.03081232493 
5 30 198 0.0 
4 27 13 0.085020242915 
9 58 0 0.0 
4 24 33 0.027027027027 
6 36 0 0.0 
7 41 0 0.0229885057471 
8 47 0 0.00497512437811 
8 44 32 0.0355329949239 
3 20 36 0.0148148148148 
4 28 16 0.00395256916996 
6 49 49 0.0215053763441 
7 49 26 0.0 
4 15 66 0.0571428571429 
5 29 49 0.00896669513237 
6 34 60 0.0126582278481 
4 21 113 0.0285714285714 
4 24 25 0.0122549019608 
9 59 60 0.00641848523748 
4 18 48 0.0 
7 48 128 0.04 
11 81 89 0.0272373540856 
12 60 16 0.0829875518672 
12 65 0 0.0664335664336 
5 26 118 0.00364298724954 
2 8 28 0.117647058824 
5 28 53 0.0793650793651 
3 20 79 0.0135338345865 
10 50 44 0.0323974082073 
3 32 272 0.0291777188329 
5 42 53 0.0181818181818 
4 26 73 0.0 
3 20 49 0.0166975881262 
7 41 31 0.0 
3 17 38 0.025 
8 38 6 0.00464876033058 
6 39 84 0.0391644908616 
2 9 52 0.0128205128205 
8 49 37 0.0633484162896 
11 49 57 0.267605633803 
10 61 81 0.0228758169935 
10 67 92 0.0160256410256 
7 39 12 0.0 
11 47 100 0.0132827324478 
4 24 23 0.0162601626016 
8 45 26 0.021897810219 
5 28 22 0.0 
5 25 20 0.044776119403 
11 66 0 0.037037037037 
5 38 172 0.0259481037924 
4 20 54 0.0205696202532 
7 41 48 0.0278422273782 
4 24 32 0.00404858299595 
5 25 51 0.0 
10 67 0 0.125 
5 36 67 0.0432852386238 
7 42 34 0.00230414746544 
5 25 0 0.0 
2 18 113 0.0 
5 28 90 0.0315789473684 
9 63 39 0.0152173913043 
10 64 177 0.00235571260306 
10 58 11 0.144886363636 
3 27 81 0.00642398286938 
8 64 73 0.0515151515152 
3 19 23 0.0129198966408 
13 82 70 0.0 
3 27 22 0.0 
10 53 58 0.0194174757282 
10 76 0 0.0 
12 69 134 0.000834028356964 
3 16 52 0.0 
4 26 0 0.25 
9 53 51 0.070796460177 
10 48 29 0.0782122905028 
3 15 0 0.0 
5 17 41 0.0909090909091 
10 49 53 0.0 
7 42 76 0.0120481927711 
1 7 59 0.00917431192661 
8 45 27 0.0 
6 37 0 0.166666666667 
2 8 11 0.0260273972603 
3 17 55 0.0261865793781 
3 30 59 0.0102459016393 
3 27 81 0.0174273858921 
9 50 164 0.0113177041229 
11 79 0 0.0281690140845 
2 15 77 0.00239808153477 
11 64 64 0.00711743772242 
8 39 182 0.0262172284644 
4 18 60 0.0 
6 37 670 0.0186411955015 
8 40 63 0.0666666666667 
5 31 20 0.09375 
21 102 40 0.00612244897959 
4 25 31 0.0 
16 93 139 0.00873362445415 
6 36 44 0.0507462686567 
8 44 30 0.0188679245283 
6 29 16 0.0 
5 24 31 0.0 
13 97 109 0.00653594771242 
4 27 23 0.0 
2 9 21 0.0869565217391 
6 27 56 0.0500834724541 
4 19 54 0.0945945945946 
12 58 99 0.0575296108291 
4 30 9 0.0 
7 30 20 0.0232558139535 
2 9 22 0.0196078431373 
6 37 62 0.0093896713615 
9 71 14 0.0 
3 14 46 0.0526315789474 
54 265 0 0.037037037037 
6 35 32 0.00568181818182 
7 44 157 0.001287001287 
7 57 59 0.0246478873239 
3 14 37 0.0243902439024 
11 68 4 0.0144927536232 
2 13 30 0.110294117647 
17 114 0 0.0 
3 53 0 0.0631578947368 
6 32 91 0.0524344569288 
10 61 0 0.0 
6 44 11 0.0 
3 22 74 0.018018018018 
12 62 38 0.0049504950495 
4 20 36 0.0184426229508 
5 39 39 0.0 
18 89 0 0.0 
11 56 46 0.030612244898 
3 18 69 0.00819672131148 
4 22 136 0.024202420242 
17 88 0 0.078125 
8 52 0 0.0 
3 24 29 0.00955752212389 
6 38 3 0.0 
9 63 58 0.0 
4 15 40 0.0731707317073 
6 34 33 0.0 
11 52 18 0.00833333333333 
12 81 0 0.013698630137 
20 132 0 0.0 
10 45 92 0.0185185185185 
17 102 468 0.00681431005111 
6 46 22 0.0 
9 54 0 0.130681818182 
19 90 23 0.0 
5 34 55 0.0294396961064 
9 45 0 0.0307692307692 
11 52 30 0.0 
8 40 5 0.0 
13 78 26 0.0 
4 29 43 0.00948509485095 
3 19 18 0.025 
3 13 51 0.0178571428571 
18 95 59 0.0 
14 103 0 0.0192307692308 
12 66 38 0.0220588235294 
14 72 75 0.004158004158 
7 32 2 0.0 
4 18 68 0.0432276657061 
13 76 49 0.04 
5 24 80 0.0128755364807 
2 16 24 0.0408163265306 
4 17 68 0.0482573726542 
6 32 49 0.0357142857143 
13 73 22 0.0601503759398 
9 46 52 0.0240825688073 
4 18 52 0.0212014134276 
6 39 5 0.0 
9 53 78 0.00869565217391 
9 52 36 0.0418679549114 
5 25 40 0.0247933884298 
19 105 0 0.0 
2 12 44 0.0460251046025 
5 43 124 0.0219123505976 
9 59 46 0.0153846153846 
2 9 24 0.0769230769231 
12 61 38 0.00884955752212 
5 28 46 0.0 
7 40 15 0.0737704918033 
4 20 253 0.0138728323699 
12 58 5 0.116279069767 
6 28 29 0.0431893687708 
7 36 35 0.0756302521008 
13 72 11 0.0487804878049 
2 14 19 0.0 
5 30 40 0.0135135135135 
4 30 158 0.0584795321637 
14 87 0 0.0201834862385 
2 18 64 0.0274656679151 
8 39 15 0.0310880829016 
2 11 23 0.04 
13 65 24 0.00722891566265 
9 44 18 0.0 
5 29 50 0.0 
3 12 40 0.0 
15 87 50 0.0123456790123 
7 48 21 0.0 
9 56 137 0.0173611111111 
5 42 66 0.0659898477157 
6 34 100 0.0984848484848 
9 45 29 0.0508474576271 
13 82 53 0.00657894736842 
5 41 208 0.0281690140845 
9 60 68 0.0296610169492 
4 22 80 0.00600600600601 
6 34 44 0.0118443316413 
4 18 24 0.00879765395894 
10 60 149 0.0251256281407 
31 181 138 0.028192371476 
4 26 87 0.0571428571429 
6 34 64 0.00699300699301 
19 91 44 0.0313339301701 
4 25 30 0.0 
17 88 19 0.0106157112527 
14 76 57 0.014598540146 
4 16 44 0.0483870967742 
4 30 83 0.12389380531 
2 8 24 0.0769230769231 
17 109 201 0.00272479564033 
3 21 30 0.0 
16 76 0 0.00322580645161 
5 30 89 0.025974025974 
8 35 0 0.010582010582 
5 43 68 0.040404040404 
5 31 55 0.0625 
15 84 0 0.0415335463259 
5 24 369 0.00908760450745 
3 19 26 0.0 
11 70 0 0.0 
4 18 64 0.00184842883549 
2 15 73 0.0133333333333 
2 15 86 0.0138121546961 
24 123 0 0.00253807106599 
8 53 289 0.0071105365223 
5 23 71 0.0252365930599 
5 28 94 0.0454545454545 
14 74 19 0.0 
9 46 11 0.0266666666667 
14 64 98 0.0 
10 53 0 0.1 
2 12 22 0.00785340314136 
11 58 43 0.0185185185185 
6 34 40 0.0153846153846 
3 16 53 0.0192307692308 
3 19 215 0.0271132376396 
10 54 109 0.00649350649351 
11 48 56 0.283582089552 
4 24 49 0.0 
4 14 18 0.0555555555556 
3 15 1198 0.00227963525836 
13 91 0 0.0 
7 46 0 0.130434782609 
3 17 94 0.047619047619 
5 27 0 0.0 
2 8 0 0.0112994350282 
21 119 0 0.047619047619 
11 61 80 0.00617283950617 
2 7 27 0.0165289256198 
12 74 229 0.0331950207469 
10 61 69 0.0759493670886 
12 73 49 0.0138648180243 
8 46 13 0.0283018867925 
7 34 55 0.00900900900901 
7 41 79 0.0319634703196 
10 48 262 0.00445434298441 
9 64 75 0.0 
4 27 50 0.0198675496689 
7 35 12 0.0 
13 62 18 0.0322580645161 
9 48 114 0.0569105691057 
7 47 111 0.00328947368421 
8 48 80 0.0 
7 41 35 0.00856164383562 
8 32 36 0.0105633802817 
7 39 18 0.00818330605565 
7 34 30 0.00854700854701 
9 52 55 0.0231213872832 
11 74 0 0.0909090909091 
4 21 54 0.0 
8 33 59 0.024043715847 
