10 50 0 0 0 
18 127 57 309 0 
14 81 177 961 0 
10 45 76 380 0 
12 73 48 290 0 
16 104 0 0 0 
3 15 38 205 0 
10 57 0 0 0 
12 70 0 0 0 
27 132 91 513 0 
6 57 134 700 0 
5 30 54 291 0 
32 193 0 0 0 
14 72 57 287 0 
25 148 85 439 0 
15 86 43 226 0 
15 88 0 0 0 
8 39 80 427 0 
54 282 0 0 0 
5 21 38 208 0 
7 48 113 558 0 
15 73 0 0 0 
7 40 43 265 0 
16 87 99 535 0 
7 55 105 574 0 
10 52 29 167 0 
11 51 71 377 0 
16 88 44 242 0 
8 47 64 357 0 
15 83 113 610 0 
9 56 36 207 0 
25 108 152 767 0 
7 38 83 454 0 
4 34 106 660 0 
18 94 57 304 0 
10 40 49 246 0 
6 43 37 212 0 
11 58 30 219 0 
13 71 117 661 0 
6 36 126 715 0 
15 97 583 3420 0 
21 92 43 219 0 
8 38 0 0 0 
21 128 71 352 0 
13 77 139 735 0 
18 90 62 324 0 
8 38 57 306 0 
13 77 54 302 0 
2 14 173 884 0 
12 59 47 267 0 
7 36 0 0 0 
9 48 79 439 0 
12 81 100 530 0 
12 53 102 515 0 
12 68 0 0 0 
7 39 74 377 0 
24 137 84 397 0 
13 67 183 985 0 
7 52 0 0 0 
9 36 310 1462 0 
7 38 48 237 0 
4 20 234 1313 0 
33 147 53 238 0 
4 42 195 1124 0 
7 53 0 0 0 
15 75 96 483 0 
8 50 50 297 0 
8 50 77 442 0 
6 32 40 224 0 
6 43 77 420 0 
16 90 52 261 0 
6 40 88 521 0 
23 144 0 0 0 
11 59 77 428 0 
15 66 58 296 0 
22 104 123 631 0 
8 37 61 316 0 
20 101 43 252 0 
7 42 97 598 0 
7 46 52 297 0 
6 34 0 0 0 
8 51 100 519 0 
7 47 0 0 0 
6 30 115 570 0 
8 41 48 242 0 
13 71 52 338 0 
7 35 58 281 0 
8 47 1846 10141 0 
7 52 97 556 0 
1 5 43 221 0 
42 264 0 0 0 
18 98 0 0 0 
9 39 163 911 0 
22 124 49 228 0 
14 76 130 714 0 
7 44 0 0 0 
8 62 0 0 0 
21 125 0 0 0 
11 61 116 576 0 
20 99 55 271 0 
12 81 0 0 0 
21 109 118 596 0 
10 43 149 793 0 
9 57 0 0 0 
9 68 36 205 0 
4 18 214 1119 0 
8 37 61 309 0 
10 44 286 1536 0 
10 55 137 677 0 
21 138 65 338 0 
7 37 65 345 0 
21 99 407 2090 0 
10 58 53 259 0 
14 79 47 264 0 
7 37 110 587 0 
22 113 178 986 0 
12 88 78 440 0 
5 26 0 0 0 
9 57 0 0 0 
12 67 0 0 0 
13 67 29 162 0 
15 90 0 0 0 
13 89 41 222 0 
35 186 104 533 0 
6 41 74 408 0 
5 25 49 274 0 
6 42 40 246 0 
17 96 71 388 0 
17 76 47 262 0 
5 38 103 584 0 
11 58 52 313 0 
7 48 94 533 0 
12 84 78 404 0 
4 19 100 480 0 
9 40 65 303 0 
18 100 0 0 0 
3 24 55 284 0 
14 97 0 0 0 
11 60 75 406 0 
6 39 92 503 0 
14 79 77 442 0 
19 101 109 580 0 
8 41 93 504 0 
3 26 103 549 0 
22 125 64 345 0 
49 289 195 1101 0 
13 79 0 0 0 
16 80 61 345 0 
8 46 627 3697 0 
23 149 0 0 0 
8 55 0 0 0 
6 38 52 306 0 
26 134 0 0 0 
6 34 47 243 0 
8 37 38 204 0 
5 33 63 327 0 
21 111 81 448 0 
5 29 63 308 0 
6 37 382 2111 0 
17 96 0 0 0 
6 36 68 384 0 
23 105 132 706 0 
3 15 145 767 0 
14 62 50 260 0 
17 89 60 293 0 
8 46 45 228 0 
8 47 0 0 0 
13 70 448 2472 0 
9 46 0 0 0 
9 43 267 1280 0 
18 98 57 342 0 
28 130 61 307 0 
9 44 154 784 0 
8 52 0 0 0 
12 61 85 457 0 
8 48 95 529 0 
12 57 52 293 0 
15 74 88 470 0 
6 37 65 327 0 
7 48 200 1097 0 
11 56 111 594 0 
7 34 96 486 0 
11 64 52 303 0 
14 75 60 351 0 
7 40 44 237 0 
14 71 60 315 0 
28 143 40 223 0 
10 48 170 853 0 
12 65 0 0 0 
2 15 39 210 0 
17 126 0 0 0 
17 88 60 344 0 
8 49 73 393 0 
6 36 116 599 0 
3 20 39 224 0 
4 22 46 237 0 
7 47 65 364 0 
14 69 60 311 0 
29 161 43 214 0 
10 60 0 0 0 
12 59 68 344 0 
14 80 134 770 0 
3 24 442 2509 0 
8 54 0 0 0 
9 35 90 489 0 
8 37 68 364 0 
8 47 102 538 0 
6 27 89 472 0 
13 66 39 209 0 
14 75 84 423 0 
9 40 60 310 0 
15 69 74 390 0 
6 26 96 504 0 
13 60 46 268 0 
8 42 86 475 0 
4 23 61 334 0 
9 53 235 1268 0 
4 24 89 454 0 
18 105 420 2065 0 
15 82 47 246 0 
14 88 157 872 0 
16 90 55 326 0 
14 74 38 214 0 
14 64 168 808 0 
9 55 181 915 0 
6 39 64 340 0 
4 18 93 493 0 
21 111 0 0 0 
9 52 56 332 0 
9 55 0 0 0 
3 21 0 0 0 
11 89 0 0 0 
15 74 72 401 0 
7 44 0 0 0 
4 17 126 592 0 
47 300 0 0 0 
13 59 95 506 0 
15 81 0 0 0 
8 42 69 316 0 
3 19 43 214 0 
17 62 108 573 0 
16 89 114 656 0 
6 25 64 334 0 
13 62 76 387 0 
15 87 73 446 0 
14 68 71 326 0 
18 107 0 0 0 
11 58 68 375 0 
11 63 47 270 0 
10 60 57 305 0 
12 56 41 222 0 
12 65 92 520 0 
16 74 60 328 0 
8 41 106 547 0 
24 136 67 354 0 
9 44 86 507 0 
12 80 54 301 0 
23 148 167 962 0 
12 60 85 460 0 
7 39 0 0 0 
13 58 154 747 0 
11 65 70 358 0 
10 56 0 0 0 
9 45 105 565 0 
5 25 89 445 0 
12 58 39 186 0 
7 30 54 289 0 
19 105 702 3650 0 
14 73 54 302 0 
8 43 108 551 0 
16 90 125 690 0 
8 37 155 808 0 
28 146 0 0 0 
10 71 0 0 0 
12 71 118 680 0 
17 90 84 457 0 
5 33 41 224 0 
2 14 54 278 0 
8 41 75 390 0 
17 76 41 215 0 
21 111 69 373 0 
4 26 96 518 0 
16 74 49 274 0 
23 138 117 602 0 
29 157 64 340 0 
13 72 70 455 0 
34 205 43 255 0 
8 40 292 1628 0 
4 16 39 214 0 
11 66 0 0 0 
10 65 0 0 0 
13 76 0 0 0 
9 54 0 0 0 
52 280 103 631 0 
8 42 45 246 0 
15 79 129 688 0 
22 122 42 242 0 
12 59 77 415 0 
6 41 40 194 0 
17 90 38 203 0 
4 30 51 248 0 
15 80 62 334 0 
10 62 0 0 0 
13 72 0 0 0 
17 103 59 361 0 
11 64 46 256 0 
34 226 0 0 0 
13 68 56 299 0 
21 97 44 235 0 
21 98 0 0 0 
3 18 44 243 0 
13 76 91 487 0 
14 81 63 380 0 
6 39 73 404 0 
14 77 0 0 0 
10 54 101 594 0 
28 136 84 430 0 
46 231 89 515 0 
22 118 54 305 0 
13 61 252 1404 0 
12 64 40 214 0 
15 91 0 0 0 
9 36 526 2695 0 
17 85 0 0 0 
16 85 61 334 0 
20 136 0 0 0 
10 51 0 0 0 
11 68 0 0 0 
9 51 48 244 0 
35 189 0 0 0 
28 146 0 0 0 
27 122 95 467 0 
10 72 210 1121 0 
10 57 337 1785 0 
29 157 0 0 0 
31 160 85 459 0 
8 54 0 0 0 
6 43 37 212 0 
16 87 0 0 0 
12 81 71 390 0 
28 126 56 281 0 
6 47 756 4412 0 
28 161 508 3065 0 
14 90 80 493 0 
4 12 39 207 0 
3 15 0 0 0 
15 91 220 1203 0 
9 52 162 899 0 
17 78 58 292 0 
45 232 0 0 0 
20 114 303 1612 0 
10 49 38 215 0 
5 41 0 0 0 
6 35 0 0 0 
13 60 0 0 0 
11 66 0 0 0 
9 62 0 0 0 
7 43 103 524 0 
9 36 67 348 0 
2 12 46 255 0 
13 77 65 363 0 
9 55 117 627 0 
8 29 146 749 0 
10 65 87 487 0 
6 38 119 664 0 
3 25 75 392 0 
7 41 100 507 0 
28 177 126 683 0 
6 29 65 380 0 
5 31 0 0 0 
21 108 32 155 0 
17 90 98 468 0 
24 120 90 445 0 
9 50 0 0 0 
7 37 0 0 0 
11 72 73 420 0 
10 57 64 343 0 
9 43 51 296 0 
8 44 89 490 0 
13 64 70 338 0 
5 31 69 392 0 
16 85 39 197 0 
12 68 79 399 0 
15 66 224 1232 0 
17 80 57 318 0 
18 136 189 987 0 
13 83 101 546 0 
17 82 70 367 0 
18 91 76 415 0 
4 28 51 276 0 
11 60 59 319 0 
22 123 263 1398 0 
5 30 54 341 0 
16 91 0 0 0 
3 15 57 295 0 
8 50 86 491 0 
14 82 63 350 0 
15 87 52 274 0 
13 60 61 322 0 
7 47 177 891 0 
17 89 152 732 0 
8 46 74 364 0 
14 86 42 219 0 
10 54 0 0 0 
6 36 210 1053 0 
4 26 39 205 0 
11 69 100 511 0 
47 290 98 588 0 
2 16 65 353 0 
13 70 52 277 0 
14 67 100 577 0 
16 80 88 484 0 
7 33 0 0 0 
4 25 0 0 0 
10 58 37 213 0 
10 60 40 221 0 
7 41 0 0 0 
5 28 75 387 0 
33 231 0 0 0 
6 34 54 297 0 
9 49 72 417 0 
8 56 51 261 0 
16 69 66 365 0 
5 33 50 241 0 
12 38 76 306 0 
13 76 43 215 0 
12 66 49 244 0 
7 50 106 581 0 
12 68 1090 6028 0 
13 57 41 203 0 
14 74 41 212 0 
5 24 131 728 0 
5 30 55 280 0 
20 98 71 386 0 
12 60 80 365 0 
9 45 248 1198 0 
7 46 54 286 0 
17 85 60 288 0 
17 85 75 374 0 
8 57 185 917 0 
13 68 483 2685 0 
2 17 80 421 0 
9 47 255 1396 0 
18 112 58 331 0 
11 51 103 523 0 
11 61 51 302 0 
12 64 49 254 0 
16 73 49 241 0 
12 63 54 284 0 
4 23 74 414 0 
11 60 42 277 0 
17 103 49 292 0 
6 38 0 0 0 
10 49 77 403 0 
9 51 52 287 0 
3 29 60 313 0 
6 43 37 212 0 
18 89 0 0 0 
19 101 180 960 0 
14 78 105 578 0 
5 30 98 534 0 
13 58 58 320 0 
12 54 49 271 0 
17 109 0 0 0 
11 45 207 1111 0 
11 63 0 0 0 
5 32 80 424 0 
15 81 41 231 0 
12 62 0 0 0 
11 41 111 567 0 
16 81 20 108 0 
11 59 85 454 0 
16 72 156 907 0 
28 136 116 613 0 
6 35 30 203 0 
8 38 114 601 0 
10 67 0 0 0 
11 64 0 0 0 
4 22 0 0 0 
7 36 56 296 0 
12 58 43 221 0 
17 83 101 533 0 
6 34 54 278 0 
12 86 0 0 0 
20 106 57 260 0 
12 70 65 330 0 
20 102 70 342 0 
9 58 0 0 0 
8 36 86 448 0 
6 28 329 1786 0 
9 40 52 258 0 
6 52 0 0 0 
5 33 187 990 0 
10 46 99 496 0 
44 277 0 0 0 
17 105 141 758 0 
23 126 42 228 0 
10 65 117 627 0 
7 41 44 238 0 
15 90 54 266 0 
11 65 0 0 0 
12 63 0 0 0 
22 134 106 576 0 
13 63 50 250 0 
14 66 47 259 0 
9 44 110 632 0 
15 89 101 471 0 
15 88 132 811 0 
11 53 56 288 0 
10 61 62 289 0 
5 37 57 301 0 
14 93 0 0 0 
5 27 117 684 0 
19 107 62 273 0 
11 51 48 270 0 
7 36 176 919 0 
9 47 121 685 0 
12 58 138 771 0 
16 93 39 188 0 
6 43 72 467 0 
25 124 122 631 0 
7 38 64 365 0 
17 96 0 0 0 
13 70 49 288 0 
10 51 23 112 0 
14 87 0 0 0 
19 120 83 440 0 
11 67 146 741 0 
16 79 66 369 0 
14 67 63 320 0 
15 85 0 0 0 
6 43 37 212 0 
9 58 66 332 0 
27 133 43 229 0 
45 256 143 788 0 
7 35 52 282 0 
8 37 0 0 0 
19 114 60 352 0 
12 79 16 107 0 
15 78 46 241 0 
6 48 55 298 0 
8 48 42 225 0 
8 53 350 2041 0 
24 117 143 719 0 
4 26 90 493 0 
7 41 60 336 0 
9 45 80 442 0 
6 50 168 888 0 
7 48 39 224 0 
29 152 26 123 0 
10 48 138 722 0 
14 73 96 477 0 
9 45 66 355 0 
16 90 46 250 0 
8 48 114 589 0 
11 67 52 297 0 
4 28 138 760 0 
14 74 40 208 0 
5 37 98 479 0 
16 95 90 537 0 
6 31 55 265 0 
17 96 38 229 0 
20 132 0 0 0 
15 74 178 894 0 
11 42 39 250 0 
10 57 0 0 0 
8 60 71 382 0 
9 47 0 0 0 
10 42 90 398 0 
11 64 66 350 0 
12 73 45 225 0 
30 157 0 0 0 
13 65 135 834 0 
11 55 124 626 0 
6 38 59 319 0 
9 49 0 0 0 
6 37 47 251 0 
8 39 75 418 0 
11 74 65 400 0 
5 27 41 212 0 
6 22 36 203 0 
11 68 0 0 0 
16 88 0 0 0 
7 41 55 297 0 
13 76 51 286 0 
20 113 50 302 0 
12 79 0 0 0 
3 18 48 223 0 
21 108 53 263 0 
9 57 245 1244 0 
15 80 109 729 0 
9 48 43 227 0 
20 104 0 0 0 
4 17 41 225 0 
12 76 74 419 0 
20 111 49 268 0 
4 31 86 423 0 
2 13 132 742 0 
5 32 239 1338 0 
15 106 0 0 0 
11 52 59 253 0 
8 39 69 366 0 
3 19 161 736 0 
11 58 117 592 0 
16 84 109 589 0 
4 23 210 1071 0 
20 96 5 18 0 
7 29 222 1101 0 
30 134 130 635 0 
6 37 63 334 0 
16 64 0 0 0 
4 16 43 243 0 
25 105 104 598 0 
17 83 45 231 0 
11 45 198 954 0 
8 41 24 104 0 
4 33 49 246 0 
3 21 62 315 0 
5 26 70 330 0 
16 80 332 1994 0 
15 81 103 524 0 
7 47 92 462 0 
8 36 72 341 0 
10 53 220 1238 0 
9 39 83 424 0 
11 60 157 825 0 
8 37 41 211 0 
18 83 247 1301 0 
6 36 105 545 0 
4 21 40 205 0 
3 28 152 769 0 
18 116 17 86 0 
6 37 63 334 0 
10 58 108 478 0 
5 23 48 249 0 
30 154 96 459 0 
8 43 205 1151 0 
20 85 183 976 0 
6 30 44 222 0 
20 98 166 810 0 
22 150 17 95 0 
6 33 240 1275 0 
13 53 56 278 0 
23 117 207 1001 0 
22 98 138 633 0 
13 76 20 87 0 
4 36 40 241 0 
10 65 214 1046 0 
3 25 324 1684 0 
6 37 74 395 0 
9 62 64 332 0 
5 40 54 323 0 
3 18 147 737 0 
10 40 66 345 0 
16 98 65 408 0 
5 26 187 920 0 
10 45 67 351 0 
15 75 120 579 0 
18 86 22 114 0 
8 40 139 742 0 
16 98 123 661 0 
13 80 160 860 0 
6 45 69 381 0 
6 35 204 1076 0 
5 28 65 328 0 
13 61 264 1388 0 
11 62 39 197 0 
2 18 135 664 0 
11 66 139 779 0 
12 68 114 622 0 
7 42 71 349 0 
5 35 85 399 0 
3 15 219 1095 0 
9 53 200 1003 0 
13 51 50 233 0 
10 61 147 713 0 
7 39 312 1637 0 
6 36 105 545 0 
11 64 386 1952 0 
26 141 59 289 0 
9 56 234 1210 0 
4 18 43 206 0 
16 72 35 168 0 
14 77 54 289 0 
15 85 61 306 0 
22 123 229 1222 0 
6 29 98 502 0 
6 32 98 506 0 
4 24 163 886 0 
5 25 24 141 0 
20 93 239 1255 0 
14 71 93 519 0 
10 54 166 1005 0 
2 14 70 372 0 
7 45 285 1530 0 
4 26 30 172 0 
7 41 143 670 0 
17 93 4 20 0 
13 65 27 126 0 
8 45 45 246 0 
31 155 0 0 0 
11 62 211 1072 0 
14 56 447 2314 0 
6 30 171 881 0 
10 46 43 218 0 
9 40 96 495 0 
42 217 229 1248 0 
14 61 334 1632 0 
30 144 150 766 0 
3 23 205 1014 0 
9 43 138 701 0 
24 102 160 897 0 
5 30 246 1246 0 
11 66 120 630 0 
6 44 265 1362 0 
8 33 159 808 0 
6 37 63 334 0 
5 35 147 767 0 
16 71 266 1308 0 
10 60 83 442 0 
6 37 63 334 0 
25 137 136 680 0 
12 50 55 272 0 
12 57 92 434 0 
17 106 52 263 0 
10 79 243 1268 0 
11 51 146 753 0 
6 36 105 545 0 
21 112 64 352 0 
12 64 252 1391 0 
10 45 392 1993 0 
3 18 106 546 0 
8 51 217 1147 0 
9 39 20 90 0 
10 52 41 233 0 
19 97 14 70 0 
11 41 0 0 0 
6 40 91 490 0 
9 35 282 1479 0 
7 59 227 1139 0 
4 26 133 703 0 
11 83 134 701 0 
28 129 369 1871 0 
12 55 92 436 0 
10 49 38 210 0 
23 123 49 232 0 
13 60 78 400 0 
12 70 20 99 0 
9 48 34 163 0 
14 67 164 893 0 
14 98 147 793 0 
5 29 16 89 0 
10 47 190 965 0 
9 55 14 80 0 
24 130 176 905 0 
9 42 213 1035 0 
15 75 153 839 0 
7 33 58 315 0 
5 39 91 451 0 
7 35 106 507 0 
15 82 138 740 0 
8 37 32 155 0 
9 43 211 1059 0 
21 108 55 280 0 
7 40 116 588 0 
19 118 37 178 0 
17 96 55 285 0 
18 82 0 0 0 
5 27 179 1068 0 
11 54 179 972 0 
22 113 385 2062 0 
14 92 519 2631 0 
8 58 568 3122 0 
4 23 195 1278 0 
31 176 5 25 0 
21 105 32 127 0 
6 32 74 386 0 
14 70 663 3488 0 
15 74 71 349 0 
7 30 241 1195 0 
14 69 118 564 0 
15 86 70 363 0 
10 68 100 538 0 
14 79 69 383 0 
21 100 138 719 0 
24 111 40 198 0 
12 65 220 1062 0 
15 84 313 1679 0 
15 89 68 353 0 
16 104 2 13 0 
4 16 52 287 0 
6 37 63 334 0 
4 23 23 113 0 
9 54 56 278 0 
4 21 89 449 0 
15 72 56 270 0 
6 36 170 881 0 
10 50 33 159 0 
7 43 58 276 0 
10 58 517 2747 0 
6 40 46 247 0 
8 46 93 470 0 
5 23 77 371 0 
12 58 231 1247 0 
17 98 0 0 0 
9 37 46 203 0 
7 28 50 248 0 
5 32 203 1050 0 
3 15 141 735 0 
13 70 226 1156 0 
3 17 153 752 0 
20 131 102 514 0 
3 23 323 1858 0 
6 31 90 480 0 
8 32 48 252 0 
12 57 42 210 0 
7 47 148 728 0 
4 17 47 222 0 
15 70 55 301 0 
19 91 160 866 0 
3 29 38 239 0 
9 48 56 276 0 
11 55 135 683 0 
23 131 55 312 0 
14 67 108 489 0 
9 46 45 225 0 
5 36 12 64 0 
23 112 78 379 0 
6 29 358 1765 0 
11 71 0 0 0 
21 94 189 1024 0 
13 59 0 0 0 
8 34 34 159 0 
1 10 284 1365 0 
4 19 82 395 0 
8 27 126 620 0 
3 17 43 206 0 
50 293 85 494 0 
11 70 87 493 0 
6 41 43 235 0 
36 196 0 0 0 
23 120 431 2310 0 
24 107 370 1885 0 
14 79 226 1236 0 
8 35 21 99 0 
3 28 19 102 0 
9 40 52 268 0 
17 99 132 739 0 
5 35 177 827 0 
16 81 271 1346 0 
14 75 109 546 0 
12 66 291 1492 0 
10 51 0 0 0 
12 58 1043 5348 0 
6 38 68 359 0 
4 19 167 829 0 
13 82 160 857 0 
12 51 71 319 0 
8 50 150 743 0 
10 49 41 197 0 
21 92 347 1794 0 
13 71 45 264 0 
5 43 93 504 0 
27 134 123 611 0 
35 158 601 3101 0 
4 15 92 466 0 
7 54 284 1365 0 
8 54 150 733 0 
20 105 16 76 0 
19 107 15 79 0 
3 18 37 189 0 
9 44 22 131 0 
11 53 526 2773 0 
19 108 108 571 0 
8 53 901 4618 0 
9 57 188 1046 0 
11 81 260 1421 0 
8 44 79 439 0 
8 45 27 136 0 
12 75 139 747 0 
27 125 93 445 0 
10 69 20 105 0 
13 83 112 751 0 
5 29 99 509 0 
17 97 65 349 0 
25 142 117 617 0 
4 18 64 344 0 
30 140 460 2326 0 
5 34 110 566 0 
13 75 4 12 0 
5 33 39 199 0 
6 40 262 1388 0 
7 30 199 974 0 
21 104 160 783 0 
11 44 148 733 0 
21 94 174 889 0 
35 176 344 2070 0 
8 32 62 331 0 
5 36 160 822 0 
6 36 173 940 0 
15 78 537 2634 0 
27 159 303 1487 0 
17 86 0 0 0 
7 34 80 416 0 
3 18 89 504 0 
9 40 77 369 0 
8 43 14 72 0 
2 20 18 86 0 
9 57 79 395 0 
13 60 95 494 0 
4 28 28 158 0 
8 39 123 581 0 
12 76 2084 10938 0 
7 51 16 111 0 
6 42 49 239 0 
12 59 93 451 0 
6 45 62 347 0 
13 69 77 382 0 
5 24 89 441 0 
5 32 154 774 0 
14 91 78 440 0 
7 48 469 2422 0 
16 79 817 4358 0 
12 60 73 346 0 
17 90 73 358 0 
15 72 177 871 0 
1 7 7 46 0 
6 36 160 856 0 
5 16 149 713 0 
5 35 26 153 0 
12 65 23 142 0 
9 48 34 179 0 
8 38 109 609 0 
11 50 34 188 0 
12 88 33 184 0 
32 159 540 2644 0 
17 95 337 1765 0 
12 52 337 1626 0 
6 28 59 350 0 
8 46 99 541 0 
5 35 86 393 0 
12 67 31 155 0 
16 72 135 668 0 
18 116 51 248 0 
13 59 587 2984 0 
11 61 83 440 0 
12 70 41 195 0 
9 57 60 307 0 
19 104 61 304 0 
11 57 77 398 0 
10 54 198 987 0 
18 76 80 360 0 
19 106 50 279 0 
4 23 173 825 0 
10 34 47 222 0 
7 38 78 416 0 
16 79 487 2406 0 
10 68 100 538 0 
2 14 119 596 0 
19 103 15 84 0 
11 59 18 103 0 
5 33 304 1510 0 
1 9 10 51 0 
4 23 57 254 0 
12 55 16 88 0 
18 84 281 1456 0 
14 72 63 351 0 
14 48 64 329 0 
16 77 528 2848 0 
7 33 42 229 0 
15 69 245 1156 0 
6 22 184 916 0 
10 49 170 858 0 
10 40 64 323 0 
14 77 87 442 0 
14 75 129 662 0 
8 44 108 538 0 
9 36 158 808 0 
5 29 111 489 0 
11 52 413 2005 0 
13 75 91 505 0 
10 43 0 0 0 
9 56 142 751 0 
8 32 77 402 0 
9 40 79 415 0 
5 32 91 469 0 
7 38 24 119 0 
8 53 137 942 0 
18 72 34 153 0 
8 48 61 320 0 
14 62 249 1479 0 
12 65 155 682 0 
12 47 44 208 0 
3 29 139 830 0 
11 61 43 218 0 
22 89 265 1247 0 
14 71 159 781 0 
21 121 135 734 0 
6 28 441 2261 0 
2 19 40 208 0 
13 65 347 1856 0 
6 29 20 86 0 
7 41 135 679 0 
7 46 280 1436 0 
7 39 189 976 0 
13 59 319 1667 0 
16 69 167 826 0 
10 53 147 811 0 
12 65 248 1365 0 
12 58 111 563 0 
2 15 74 327 0 
17 82 138 753 0 
18 91 405 2115 0 
22 96 374 1877 0 
17 92 339 1820 0 
15 70 127 643 0 
8 36 201 1128 0 
11 58 157 876 0 
13 71 0 0 0 
27 150 180 889 0 
6 36 105 545 0 
5 22 236 1221 0 
6 40 91 490 0 
6 37 63 334 0 
2 7 26 142 0 
3 22 130 654 0 
5 31 83 481 0 
11 70 470 2333 0 
4 29 122 597 0 
7 41 35 179 0 
14 78 58 310 0 
6 38 188 953 0 
12 57 42 185 0 
8 39 123 649 0 
6 33 102 528 0 
30 148 85 421 0 
10 56 70 359 0 
7 30 61 293 0 
13 62 235 1226 0 
7 27 485 2370 0 
11 41 292 1453 0 
6 32 37 225 0 
6 34 142 721 0 
11 42 102 477 0 
2 16 37 175 0 
4 42 37 233 0 
15 95 211 1111 0 
8 40 27 137 0 
17 87 206 1153 0 
8 41 23 114 0 
19 102 81 418 0 
2 18 302 1513 0 
14 60 123 615 0 
6 37 63 334 0 
14 57 401 2043 0 
9 47 91 475 0 
13 66 107 541 0 
19 89 105 500 0 
20 92 307 1556 0 
12 61 218 1065 0 
10 51 28 171 0 
6 37 305 1632 0 
8 54 149 890 0 
12 51 108 484 0 
6 33 22 131 0 
5 34 174 889 0 
6 39 62 331 0 
18 86 171 841 0 
14 69 92 485 0 
10 49 100 474 0 
9 34 56 272 0 
13 70 197 1064 0 
7 33 154 744 0 
10 59 281 1372 0 
16 71 285 1434 0 
15 69 74 357 0 
17 69 168 872 0 
4 19 88 452 0 
39 185 73 373 0 
12 69 376 2088 0 
7 32 172 848 0 
15 105 62 312 0 
19 78 267 1357 0 
7 42 51 266 0 
7 38 29 127 0 
4 32 42 236 0 
20 128 142 747 0 
32 173 48 246 0 
10 51 562 3040 0 
7 43 57 314 0 
13 62 270 1365 0 
11 60 72 401 0 
11 69 14 76 0 
5 36 94 430 0 
2 9 35 161 0 
21 101 14 68 0 
20 95 300 1479 0 
9 51 30 151 0 
16 84 250 1372 0 
21 96 12 70 0 
5 29 46 242 0 
5 30 227 1202 0 
18 87 15 121 0 
18 95 43 205 0 
3 25 49 246 0 
11 59 102 575 0 
12 65 231 1206 0 
10 64 193 956 0 
5 32 113 536 0 
5 27 63 320 0 
3 19 46 258 0 
16 74 69 344 0 
5 17 163 874 0 
27 130 31 161 0 
4 27 62 343 0 
12 49 67 360 0 
6 60 164 922 0 
14 61 176 853 0 
7 40 228 1217 0 
10 56 175 856 0 
10 54 17 85 0 
12 58 144 755 0 
22 146 89 463 0 
10 45 47 248 0 
16 62 259 1242 0 
4 26 41 189 0 
6 34 112 575 0 
4 29 75 459 0 
11 69 154 787 0 
20 123 222 1134 0 
8 29 241 1088 0 
6 37 63 334 0 
12 63 116 583 0 
3 26 57 307 0 
13 55 51 259 0 
16 76 52 294 0 
11 58 104 498 0 
22 130 77 391 0 
9 49 88 457 0 
6 27 93 480 0 
8 50 216 1123 0 
9 49 94 442 0 
14 70 175 917 0 
12 76 44 239 0 
15 84 127 586 0 
16 66 365 1874 0 
16 80 45 238 0 
4 27 200 979 0 
14 67 99 494 0 
20 132 68 365 0 
13 69 450 2427 0 
8 52 119 719 0 
9 37 92 446 0 
4 30 22 110 0 
4 17 81 365 0 
6 28 40 187 0 
12 56 200 1010 0 
6 35 18 94 0 
13 62 318 1671 0 
8 49 60 319 0 
5 34 34 168 0 
5 19 40 242 0 
20 87 31 144 0 
12 50 323 1809 0 
5 23 259 1321 0 
11 55 219 1154 0 
16 96 56 300 0 
12 57 189 1010 0 
8 35 59 281 0 
19 102 45 220 0 
9 63 221 1089 0 
12 72 188 913 0 
21 101 153 770 0 
8 50 221 1146 0 
16 75 320 1733 0 
12 61 115 690 0 
14 69 167 848 0 
9 50 427 2480 0 
5 47 199 1052 0 
11 62 27 130 0 
12 54 6 26 0 
9 63 326 1653 0 
12 54 99 530 0 
5 21 59 291 0 
7 44 31 161 0 
8 34 265 1345 0 
3 25 73 376 0 
15 81 237 1211 0 
10 46 85 442 0 
9 43 248 1224 0 
5 31 76 392 0 
14 77 0 0 0 
7 45 53 303 0 
10 65 90 458 0 
15 83 0 0 0 
14 83 131 670 0 
8 38 43 229 0 
10 51 133 618 0 
8 51 17 77 0 
16 107 112 590 0 
8 50 33 197 0 
7 42 109 754 0 
14 73 23 165 0 
17 93 40 205 0 
16 82 100 498 0 
12 60 173 1048 0 
16 82 56 305 0 
15 86 204 1098 0 
10 70 148 781 0 
5 28 62 336 0 
15 66 230 1216 0 
5 29 31 158 0 
8 47 26 134 0 
10 57 36 181 0 
6 19 136 654 0 
25 131 197 1167 0 
14 56 126 658 0 
4 26 77 361 0 
17 83 46 220 0 
22 102 86 472 0 
9 37 408 2103 0 
19 112 28 159 0 
16 73 64 332 0 
19 91 308 1470 0 
20 89 57 328 0 
8 32 106 628 0 
15 87 47 264 0 
7 43 86 463 0 
13 59 379 2088 0 
10 61 15 89 0 
26 148 61 346 0 
5 40 79 465 0 
7 29 128 683 0 
9 44 153 773 0 
5 40 79 465 0 
9 39 34 170 0 
15 87 135 703 0 
15 80 38 200 0 
6 25 136 704 0 
12 60 58 290 0 
5 25 35 178 0 
13 57 117 608 0 
3 18 67 357 0 
11 51 43 192 0 
5 35 24 119 0 
7 33 24 101 0 
9 48 97 522 0 
9 45 245 1174 0 
13 62 75 374 0 
12 74 184 1061 0 
13 62 46 217 0 
9 58 56 278 0 
5 18 40 199 0 
19 96 321 1668 0 
17 76 167 904 0 
14 61 99 480 0 
3 28 40 234 0 
18 85 106 554 0 
7 29 29 143 0 
9 35 159 808 0 
9 46 43 210 0 
9 53 27 132 0 
18 83 116 595 0 
12 83 201 1047 0 
2 20 44 247 0 
11 62 53 279 0 
6 37 63 334 0 
9 44 87 430 0 
10 54 34 163 0 
5 27 125 619 0 
16 84 17 84 0 
10 54 264 1429 0 
12 55 20 101 0 
5 20 52 273 0 
6 37 63 334 0 
9 61 264 1334 0 
9 41 58 299 0 
5 40 79 465 0 
9 55 295 1599 0 
18 71 371 1864 0 
6 39 26 137 0 
16 76 312 1470 0 
14 73 92 500 0 
13 68 67 435 0 
17 77 38 168 0 
4 31 105 603 0 
11 56 624 3141 0 
3 25 99 512 0 
4 34 30 142 0 
15 77 270 1483 0 
13 74 28 151 0 
9 59 100 483 0 
6 42 87 465 0 
6 43 36 180 0 
8 52 1044 5389 0 
21 81 93 443 0 
9 53 264 1353 0 
11 65 213 1118 0 
4 42 131 648 0 
22 97 0 0 0 
8 49 95 474 0 
10 47 40 223 0 
6 37 63 334 0 
5 35 52 301 0 
17 93 41 238 0 
8 31 116 571 0 
26 116 261 1332 0 
6 39 43 203 0 
15 82 7 36 0 
9 52 52 285 0 
11 65 42 226 0 
27 127 393 1977 0 
15 75 223 1054 0 
14 55 302 1524 0 
12 76 50 263 0 
10 44 42 226 0 
7 29 314 1490 0 
7 40 315 1704 0 
18 97 9 51 0 
10 52 106 530 0 
5 32 33 187 0 
9 46 83 444 0 
13 72 319 1709 0 
4 28 127 662 0 
4 41 22 111 0 
4 29 28 162 0 
9 50 42 232 0 
13 80 8 43 0 
6 38 141 772 0 
13 70 0 0 0 
13 52 55 260 0 
8 41 118 632 0 
7 42 46 227 0 
10 66 350 1927 0 
10 40 390 2282 0 
4 29 243 1256 0 
25 125 97 461 0 
20 93 131 630 0 
20 138 130 686 0 
21 89 116 588 0 
9 53 52 279 0 
10 49 39 158 0 
16 82 47 245 0 
14 53 91 442 0 
12 47 630 3045 0 
7 43 18 95 0 
9 46 17 102 0 
4 23 79 462 0 
5 28 49 260 0 
3 28 66 385 0 
10 44 195 1108 0 
6 39 39 195 0 
15 49 146 708 0 
12 65 135 675 0 
12 55 18 97 0 
3 18 97 524 0 
15 100 66 346 0 
13 67 1638 8666 0 
32 152 254 1261 0 
3 25 30 176 0 
13 71 156 800 0 
14 51 25 124 0 
10 41 113 555 0 
28 130 103 512 0 
4 30 69 363 0 
14 72 53 282 0 
5 26 236 1214 0 
16 74 88 444 0 
8 68 216 1167 0 
7 45 49 264 0 
18 87 96 475 0 
8 42 110 611 0 
10 62 103 479 0 
11 56 144 773 0 
3 14 133 660 0 
7 54 128 628 0 
11 68 89 451 0 
4 22 71 384 0 
27 123 344 1744 0 
10 43 178 859 0 
9 49 67 342 0 
34 163 20 106 0 
5 34 411 2157 0 
7 38 112 564 0 
6 37 59 314 0 
18 97 54 282 0 
4 34 171 884 0 
10 41 131 665 0 
11 49 176 911 0 
10 69 110 527 0 
15 88 81 425 0 
5 19 355 1839 0 
5 29 37 204 0 
12 72 96 508 0 
9 44 92 469 0 
6 37 63 334 0 
4 26 34 195 0 
10 40 356 1733 0 
7 23 192 983 0 
7 43 137 661 0 
17 67 120 591 0 
18 98 78 397 0 
8 26 237 1245 0 
6 26 35 183 0 
8 38 44 233 0 
4 33 74 413 0 
5 39 58 273 0 
5 33 53 280 0 
5 27 186 911 0 
15 90 18 98 0 
7 32 65 372 0 
3 21 74 445 0 
5 34 140 760 0 
16 80 170 830 0 
8 51 197 989 0 
2 13 163 864 0 
4 18 165 885 0 
22 108 0 0 0 
8 41 50 239 0 
10 63 90 506 0 
7 59 1013 5567 0 
17 79 100 498 0 
12 70 28 168 0 
14 75 65 337 0 
6 38 164 859 0 
5 37 75 375 0 
15 85 8 52 0 
10 57 20 108 0 
2 14 50 267 0 
6 40 91 490 0 
8 38 86 470 0 
3 25 268 1472 0 
5 42 136 670 0 
8 50 54 281 0 
3 14 341 2222 0 
8 36 81 376 0 
15 85 5 25 0 
15 93 474 2466 0 
14 73 233 1259 0 
8 42 121 585 0 
10 70 117 557 0 
9 57 165 950 0 
9 41 162 803 0 
14 77 188 955 0 
8 27 137 643 0 
12 62 48 269 0 
6 42 31 140 0 
11 47 200 1015 0 
16 83 19 109 0 
18 78 255 1276 0 
9 63 297 1497 0 
3 17 91 454 0 
14 90 237 1283 0 
28 100 16 79 0 
6 34 50 267 0 
43 210 47 257 0 
5 19 85 433 0 
13 69 43 187 0 
15 72 170 897 0 
9 42 27 154 0 
3 24 162 803 0 
5 31 63 348 0 
5 19 279 1401 0 
10 67 40 207 0 
4 20 51 288 0 
3 25 60 306 0 
8 43 50 233 0 
9 66 145 854 0 
5 14 105 525 0 
18 84 158 804 0 
4 13 26 154 0 
17 66 34 175 0 
3 23 160 688 0 
45 202 213 1043 0 
8 49 23 95 0 
17 82 183 917 0 
9 44 99 452 0 
14 75 26 137 0 
16 84 15 85 0 
4 25 42 203 0 
21 95 292 1511 0 
8 53 143 678 0 
9 46 409 2062 0 
3 25 111 611 0 
13 56 163 767 0 
5 19 334 1683 0 
9 37 151 742 0 
10 55 265 1369 0 
9 68 461 2290 0 
5 36 101 530 0 
19 89 634 3162 0 
17 89 39 198 0 
4 18 35 186 0 
7 53 106 613 0 
4 25 212 1111 0 
10 53 23 187 0 
9 47 66 359 0 
8 40 4 15 0 
10 68 80 385 0 
13 84 154 814 0 
26 135 291 1408 0 
7 33 162 909 0 
14 78 133 681 0 
11 59 132 736 0 
4 35 35 201 0 
18 101 0 0 0 
20 117 101 546 0 
12 69 28 141 0 
6 35 183 919 0 
13 83 208 1098 0 
5 32 40 199 0 
7 38 245 1309 0 
14 68 195 976 0 
12 61 105 629 0 
8 41 10 52 0 
4 18 70 383 0 
7 32 17 94 0 
7 28 83 408 0 
3 17 42 209 0 
14 70 99 448 0 
7 35 70 398 0 
8 42 267 1380 0 
10 39 319 1636 0 
5 35 91 449 0 
4 29 107 544 0 
8 42 109 589 0 
6 36 79 426 0 
11 60 179 941 0 
7 38 143 809 0 
15 69 184 894 0 
13 53 123 639 0 
25 123 164 835 0 
13 58 252 1328 0 
7 39 125 621 0 
5 33 44 224 0 
9 47 108 558 0 
13 57 246 1253 0 
13 74 27 145 0 
7 29 925 4544 0 
9 40 13 55 0 
9 57 327 1693 0 
7 44 47 260 0 
10 36 63 328 0 
15 88 102 543 0 
9 55 48 253 0 
13 71 161 795 0 
4 30 68 346 0 
10 64 0 0 0 
7 44 597 3208 0 
9 58 0 0 0 
10 54 99 508 0 
7 49 92 472 0 
6 44 254 1328 0 
4 19 0 0 0 
12 66 137 687 0 
14 81 155 787 0 
11 66 0 0 0 
20 98 58 297 0 
7 49 27 152 0 
10 65 205 1011 0 
8 52 28 156 0 
9 57 351 1775 0 
20 100 388 2190 0 
14 61 167 985 0 
11 53 36 203 0 
3 27 141 812 0 
2 22 158 842 0 
21 96 0 0 0 
4 19 75 369 0 
9 64 156 921 0 
9 48 94 495 0 
5 31 45 212 0 
13 76 0 0 0 
5 29 40 194 0 
5 34 148 785 0 
14 57 0 0 0 
6 36 130 726 0 
11 53 65 356 0 
8 51 20 113 0 
38 277 0 0 0 
7 61 75 336 0 
9 57 78 405 0 
3 16 0 0 0 
18 103 10 30 0 
9 50 41 206 0 
3 24 241 1251 0 
3 20 75 393 0 
7 43 119 625 0 
23 118 0 0 0 
8 56 0 0 0 
4 27 73 381 0 
10 50 0 0 0 
6 43 80 404 0 
11 61 290 1474 0 
3 19 58 314 0 
9 39 41 271 0 
4 30 33 194 0 
5 31 99 500 0 
6 48 0 0 0 
3 19 0 0 0 
6 39 87 424 0 
8 42 112 642 0 
3 34 71 397 0 
3 20 120 620 0 
5 35 0 0 0 
8 53 0 0 0 
6 55 0 0 0 
12 79 212 1118 0 
9 54 15 81 0 
17 79 133 694 0 
8 52 63 345 0 
2 18 48 262 0 
6 33 0 0 0 
15 78 113 624 0 
4 25 0 0 0 
13 75 231 1105 0 
11 55 54 308 0 
6 41 72 397 0 
6 45 272 1429 0 
16 80 0 0 0 
11 64 0 0 0 
5 30 0 0 0 
13 73 17 107 0 
3 27 0 0 0 
9 59 0 0 0 
8 35 0 0 0 
9 49 0 0 0 
9 44 208 999 0 
5 32 25 121 0 
9 58 682 3672 0 
9 68 153 793 0 
6 26 116 567 0 
8 34 0 0 0 
12 75 134 660 0 
8 49 117 658 0 
2 11 38 178 0 
6 38 447 2413 0 
6 24 87 438 0 
7 38 133 700 0 
26 159 23 114 0 
22 132 0 0 0 
23 116 173 909 0 
9 60 209 1028 0 
5 45 73 417 0 
7 41 34 168 0 
14 97 0 0 0 
5 34 0 0 0 
14 120 46 254 0 
21 95 223 1159 0 
9 57 141 782 0 
5 40 39 224 0 
5 32 338 1789 0 
1 10 97 469 0 
4 26 80 468 0 
6 46 68 376 0 
3 28 72 358 0 
13 61 27 169 0 
3 28 28 146 0 
4 30 95 499 0 
4 26 112 546 0 
8 43 106 605 0 
4 24 99 522 0 
3 17 0 0 0 
4 39 85 467 0 
11 78 6 50 0 
3 25 136 714 0 
18 109 48 252 0 
5 22 54 253 0 
11 67 280 1579 0 
20 122 0 0 0 
6 29 0 0 0 
8 58 25 128 0 
3 27 64 336 0 
10 53 0 0 0 
14 67 35 175 0 
8 40 39 178 0 
4 26 30 192 0 
6 40 66 352 0 
12 62 0 0 0 
19 88 40 201 0 
25 134 0 0 0 
11 78 0 0 0 
3 17 26 133 0 
12 66 108 569 0 
9 51 0 0 0 
31 155 0 0 0 
16 104 0 0 0 
19 107 0 0 0 
8 41 113 647 0 
2 14 0 0 0 
24 127 11 87 0 
15 113 0 0 0 
11 56 88 436 0 
11 63 0 0 0 
6 32 153 815 0 
5 27 25 126 0 
5 41 53 277 0 
5 37 74 379 0 
9 55 59 299 0 
12 65 6 24 0 
3 14 103 482 0 
22 119 3741 19943 0 
7 41 155 849 0 
7 40 107 545 0 
10 66 0 0 0 
4 27 12 51 0 
7 45 0 0 0 
4 39 0 0 0 
7 47 131 659 0 
10 53 106 532 0 
11 85 320 1852 0 
17 92 46 230 0 
9 44 74 374 0 
8 47 0 0 0 
15 85 117 688 0 
4 15 28 128 0 
10 49 0 0 0 
3 21 45 236 0 
15 107 132 660 0 
5 30 129 671 0 
7 35 23 106 0 
4 33 168 866 0 
8 43 106 605 0 
5 28 151 732 0 
13 83 21 112 0 
4 25 79 444 0 
12 72 158 890 0 
16 78 14 90 0 
8 54 436 2241 0 
9 51 59 298 0 
9 61 439 2300 0 
2 16 111 622 0 
14 88 22 115 0 
8 40 0 0 0 
10 48 0 0 0 
16 100 0 0 0 
7 44 0 0 0 
10 40 118 563 0 
9 71 78 383 0 
5 34 79 416 0 
6 47 0 0 0 
6 38 0 0 0 
11 63 96 527 0 
4 20 0 0 0 
9 51 47 233 0 
9 36 0 0 0 
19 94 137 733 0 
10 68 0 0 0 
3 19 104 543 0 
6 58 84 473 0 
3 19 111 594 0 
22 110 148 804 0 
6 37 144 711 0 
8 42 88 529 0 
8 55 95 516 0 
8 36 13 72 0 
8 44 160 758 0 
14 72 127 727 0 
12 66 10 43 0 
9 41 65 316 0 
16 96 214 1117 0 
12 76 60 319 0 
7 37 70 332 0 
4 24 125 635 0 
4 45 130 718 0 
8 42 88 529 0 
11 44 239 1188 0 
15 89 0 0 0 
20 112 62 300 0 
9 49 192 1018 0 
15 61 76 401 0 
8 50 75 397 0 
8 47 0 0 0 
4 47 47 287 0 
7 30 0 0 0 
14 83 0 0 0 
15 83 0 0 0 
4 30 407 2312 0 
10 54 85 460 0 
16 89 231 1237 0 
10 63 110 532 0 
12 60 85 440 0 
41 258 0 0 0 
7 35 171 893 0 
5 40 36 185 0 
12 91 0 0 0 
7 35 0 0 0 
26 155 12 54 0 
18 98 471 2390 0 
10 52 115 659 0 
17 102 198 1144 0 
4 24 114 554 0 
11 58 36 175 0 
6 29 61 330 0 
8 52 203 1184 0 
6 46 0 0 0 
9 59 70 359 0 
7 50 0 0 0 
12 73 91 548 0 
7 41 74 372 0 
11 76 0 0 0 
3 18 0 0 0 
4 22 120 618 0 
13 62 224 1091 0 
4 20 0 0 0 
5 39 56 320 0 
13 79 480 2481 0 
6 38 0 0 0 
16 97 105 521 0 
17 107 140 773 0 
15 77 44 198 0 
7 38 386 1967 0 
10 79 0 0 0 
10 60 104 505 0 
7 33 50 242 0 
27 155 240 1328 0 
8 43 106 605 0 
3 27 88 489 0 
8 54 0 0 0 
8 52 169 911 0 
6 33 73 382 0 
13 67 76 358 0 
5 41 163 815 0 
9 55 194 1064 0 
10 58 104 484 0 
8 31 46 191 0 
8 43 39 199 0 
10 85 0 0 0 
30 166 0 0 0 
11 66 62 337 0 
12 53 49 266 0 
15 106 22 123 0 
15 93 20 101 0 
6 47 200 1127 0 
4 33 131 722 0 
8 43 106 605 0 
7 43 78 445 0 
6 34 0 0 0 
7 38 0 0 0 
10 66 138 685 0 
14 82 131 754 0 
9 61 100 501 0 
7 35 271 1439 0 
5 51 85 481 0 
23 129 6 33 0 
18 107 0 0 0 
5 39 93 453 0 
42 287 0 0 0 
8 42 88 529 0 
15 66 29 148 0 
7 37 98 477 0 
7 43 137 710 0 
12 81 124 735 0 
8 58 395 1954 0 
11 64 0 0 0 
3 22 58 304 0 
15 78 96 503 0 
4 29 55 282 0 
7 45 0 0 0 
15 88 0 0 0 
12 64 18 103 0 
9 49 106 533 0 
13 88 0 0 0 
5 42 59 335 0 
6 46 0 0 0 
20 114 186 1009 0 
7 37 95 480 0 
5 37 117 588 0 
4 24 163 903 0 
6 42 0 0 0 
48 259 0 0 0 
7 41 96 446 0 
8 48 48 249 0 
12 64 0 0 0 
8 59 130 733 0 
5 31 104 584 0 
7 31 231 1141 0 
6 31 72 385 0 
13 88 0 0 0 
4 25 0 0 0 
8 63 90 481 0 
6 39 40 232 0 
7 39 184 913 0 
8 48 49 222 0 
5 35 74 364 0 
6 37 51 321 0 
16 79 104 563 0 
4 20 26 164 0 
3 26 68 366 0 
6 46 31 179 0 
5 29 22 115 0 
4 19 43 213 0 
5 39 107 546 0 
6 34 0 0 0 
3 21 0 0 0 
6 44 97 537 0 
9 36 32 188 0 
10 66 0 0 0 
5 41 39 206 0 
2 13 52 284 0 
9 48 82 415 0 
14 75 124 657 0 
5 40 123 669 0 
13 69 0 0 0 
13 71 0 0 0 
10 53 129 614 0 
3 32 19 96 0 
7 33 81 453 0 
17 104 31 132 0 
20 89 14 83 0 
18 99 88 433 0 
24 114 305 1681 0 
7 35 172 816 0 
20 108 172 891 0 
13 61 23 122 0 
9 60 0 0 0 
15 73 196 1042 0 
11 58 0 0 0 
5 30 31 191 0 
3 19 29 160 0 
13 72 100 568 0 
7 53 77 459 0 
9 58 72 384 0 
11 55 77 425 0 
10 57 85 442 0 
7 65 0 0 0 
15 63 0 0 0 
12 74 107 534 0 
15 81 170 885 0 
4 25 52 257 0 
7 39 64 323 0 
10 57 153 783 0 
6 38 77 401 0 
8 62 0 0 0 
18 80 73 322 0 
2 17 106 534 0 
8 39 106 503 0 
3 22 379 1900 0 
17 80 89 450 0 
7 36 40 219 0 
4 19 0 0 0 
12 75 0 0 0 
7 45 0 0 0 
5 25 82 411 0 
14 86 126 672 0 
4 17 31 171 0 
7 40 97 486 0 
11 49 78 390 0 
7 35 13 58 0 
43 198 0 0 0 
10 65 0 0 0 
29 159 0 0 0 
10 54 173 948 0 
4 40 28 156 0 
3 18 168 842 0 
7 37 111 582 0 
3 15 76 394 0 
3 14 0 0 0 
8 38 21 113 0 
9 45 183 860 0 
21 148 0 0 0 
4 26 23 120 0 
6 31 63 330 0 
11 69 126 678 0 
35 152 50 260 0 
2 20 66 370 0 
17 115 0 0 0 
15 89 184 938 0 
8 43 106 605 0 
9 67 140 776 0 
5 33 174 887 0 
5 37 74 393 0 
5 27 109 499 0 
6 38 144 710 0 
13 76 0 0 0 
8 50 50 270 0 
5 35 77 399 0 
8 42 88 529 0 
8 40 0 0 0 
8 32 0 0 0 
8 41 0 0 0 
6 42 0 0 0 
5 45 37 166 0 
13 95 0 0 0 
3 22 97 506 0 
22 129 131 663 0 
3 22 0 0 0 
5 33 125 721 0 
12 75 142 828 0 
8 51 0 0 0 
3 17 85 462 0 
9 56 0 0 0 
17 94 34 236 0 
11 59 64 313 0 
15 83 115 603 0 
7 46 104 549 0 
41 256 0 0 0 
4 25 109 587 0 
6 36 72 400 0 
5 49 0 0 0 
12 77 0 0 0 
16 89 100 611 0 
10 53 166 863 0 
3 24 115 567 0 
13 74 0 0 0 
20 103 171 872 0 
5 42 74 359 0 
16 83 97 548 0 
3 28 74 410 0 
8 48 50 262 0 
24 150 363 1857 0 
7 49 46 222 0 
18 103 218 1137 0 
3 28 84 442 0 
8 35 98 581 0 
6 35 81 375 0 
6 47 120 607 0 
30 142 0 0 0 
4 24 61 300 0 
10 53 248 1334 0 
11 70 35 199 0 
17 98 135 714 0 
30 152 320 1618 0 
3 32 169 956 0 
5 44 0 0 0 
7 36 135 657 0 
12 65 96 481 0 
7 29 99 474 0 
8 39 19 111 0 
6 41 0 0 0 
30 144 0 0 0 
5 33 65 403 0 
25 117 453 2383 0 
11 50 93 513 0 
5 52 164 836 0 
21 126 48 237 0 
13 63 57 297 0 
20 130 0 0 0 
8 35 95 549 0 
26 111 255 1412 0 
11 55 177 926 0 
11 53 12 58 0 
16 88 153 830 0 
13 75 0 0 0 
10 49 187 904 0 
14 86 40 178 0 
2 18 175 812 0 
4 24 0 0 0 
7 37 135 652 0 
9 50 25 134 0 
8 41 108 504 0 
14 79 34 183 0 
11 56 0 0 0 
8 43 106 605 0 
8 57 75 420 0 
5 32 88 506 0 
10 68 0 0 0 
18 98 31 126 0 
19 109 116 583 0 
7 49 228 1161 0 
16 102 1219 7455 0 
17 88 0 0 0 
6 33 102 557 0 
4 34 138 731 0 
6 33 52 307 0 
8 59 40 229 0 
7 47 249 1257 0 
8 37 206 1083 0 
5 32 67 369 0 
16 113 6 32 0 
11 53 0 0 0 
11 61 102 537 0 
6 45 0 0 0 
5 33 80 440 0 
4 30 10 43 0 
7 33 93 454 0 
8 37 50 275 0 
10 57 71 390 0 
16 77 67 367 0 
20 116 169 880 0 
5 36 92 457 0 
11 65 35 178 0 
10 51 381 1897 0 
8 41 115 628 0 
7 57 92 533 0 
3 19 114 508 0 
14 83 36 201 0 
29 161 50 267 0 
8 42 22 118 0 
13 93 0 0 0 
12 70 156 836 0 
14 70 475 2285 0 
4 30 48 263 0 
17 72 229 1186 0 
5 28 0 0 0 
4 19 133 727 0 
8 49 11 64 0 
6 36 351 1948 0 
5 32 37 181 0 
11 62 49 249 0 
7 39 88 456 0 
8 64 273 1456 0 
8 43 43 206 0 
8 49 51 248 0 
10 44 91 461 0 
12 72 46 260 0 
7 28 66 344 0 
13 74 199 989 0 
11 63 82 451 0 
9 51 29 154 0 
11 35 54 311 0 
4 20 79 465 0 
6 36 74 373 0 
10 78 0 0 0 
9 55 177 902 0 
6 39 43 242 0 
3 18 55 307 0 
11 61 140 764 0 
9 61 36 178 0 
15 80 0 0 0 
12 77 134 823 0 
4 27 56 279 0 
18 98 0 0 0 
12 77 0 0 0 
5 24 181 833 0 
11 75 60 312 0 
10 42 97 503 0 
4 31 177 925 0 
17 87 59 312 0 
2 19 0 0 0 
10 58 181 944 0 
11 66 0 0 0 
6 64 0 0 0 
4 27 20 97 0 
9 52 0 0 0 
16 96 94 525 0 
12 64 92 459 0 
11 54 81 467 0 
4 23 82 405 0 
2 15 165 806 0 
17 107 267 1490 0 
10 49 0 0 0 
7 44 82 422 0 
19 120 105 582 0 
8 34 90 480 0 
10 72 0 0 0 
15 67 57 277 0 
14 69 0 0 0 
3 22 161 828 0 
3 30 51 351 0 
7 49 0 0 0 
4 24 222 1238 0 
4 20 360 1932 0 
12 54 366 1838 0 
12 64 169 929 0 
6 37 153 864 0 
5 30 0 0 0 
9 40 155 811 0 
5 22 58 295 0 
4 28 178 934 0 
6 39 65 324 0 
7 48 0 0 0 
8 54 87 481 0 
10 81 625 3162 0 
8 47 0 0 0 
5 29 42 212 0 
9 60 0 0 0 
8 48 24 135 0 
9 54 103 621 0 
5 33 25 154 0 
12 67 158 794 0 
29 174 44 255 0 
18 86 100 484 0 
20 90 222 1156 0 
16 99 0 0 0 
8 45 0 0 0 
6 41 0 0 0 
12 69 18 84 0 
4 28 81 375 0 
4 27 0 0 0 
19 98 0 0 0 
11 57 0 0 0 
12 74 39 227 0 
6 35 0 0 0 
7 43 0 0 0 
11 84 214 1203 0 
13 63 221 1103 0 
8 38 177 953 0 
14 75 0 0 0 
7 48 0 0 0 
17 81 57 268 0 
8 70 165 850 0 
6 54 0 0 0 
8 44 70 372 0 
2 14 88 430 0 
4 37 182 928 0 
3 22 118 630 0 
6 32 762 3977 0 
17 85 139 786 0 
18 87 69 386 0 
8 59 81 495 0 
14 88 91 442 0 
4 30 108 507 0 
10 53 0 0 0 
5 22 81 438 0 
4 31 0 0 0 
6 43 70 375 0 
10 41 43 234 0 
19 97 265 1275 0 
4 28 97 481 0 
7 50 106 604 0 
7 39 55 251 0 
4 26 78 434 0 
5 39 53 275 0 
13 82 75 490 0 
10 49 0 0 0 
3 23 44 220 0 
10 61 66 398 0 
8 35 0 0 0 
5 20 254 1234 0 
9 52 0 0 0 
6 26 27 130 0 
11 52 50 282 0 
8 54 236 1303 0 
7 56 0 0 0 
5 31 89 413 0 
4 21 156 727 0 
3 19 0 0 0 
5 44 53 312 0 
7 67 64 375 0 
8 41 53 262 0 
16 91 0 0 0 
6 35 151 860 0 
3 20 268 1578 0 
9 55 260 1262 0 
5 27 140 649 0 
10 44 96 459 0 
12 61 21 109 0 
8 64 0 0 0 
5 29 0 0 0 
9 50 74 348 0 
16 106 0 0 0 
10 53 0 0 0 
11 77 0 0 0 
7 32 44 262 0 
2 12 0 0 0 
10 66 36 172 0 
8 38 49 245 0 
20 86 45 236 0 
3 21 0 0 0 
8 54 258 1346 0 
4 51 64 324 0 
9 39 96 564 0 
5 34 168 845 0 
12 73 105 562 0 
5 23 0 0 0 
11 43 14 67 0 
8 39 53 306 0 
6 43 154 769 0 
11 69 0 0 0 
6 45 74 398 0 
7 29 84 465 0 
3 31 71 368 0 
18 86 30 152 0 
9 69 0 0 0 
9 65 166 814 0 
10 67 298 1540 0 
5 36 72 368 0 
9 59 0 0 0 
18 100 0 0 0 
3 30 86 468 0 
7 31 0 0 0 
14 78 135 717 0 
4 24 0 0 0 
4 19 91 471 0 
8 64 141 728 0 
19 88 111 582 0 
7 51 116 656 0 
13 66 205 1013 0 
7 40 111 556 0 
6 39 101 485 0 
3 18 103 527 0 
1 4 35 173 0 
5 27 49 264 0 
6 40 0 0 0 
22 127 0 0 0 
11 68 0 0 0 
11 67 0 0 0 
8 34 98 482 0 
4 26 0 0 0 
13 68 90 507 0 
5 30 56 329 0 
13 86 110 605 0 
5 22 123 647 0 
13 83 12 68 0 
10 54 308 1687 0 
5 26 70 500 0 
3 19 0 0 0 
7 42 61 275 0 
4 39 25 136 0 
13 53 0 0 0 
5 38 0 0 0 
17 111 0 0 0 
4 26 408 2142 0 
7 39 52 317 0 
13 59 159 794 0 
9 31 0 0 0 
7 47 111 553 0 
3 21 99 525 0 
58 296 0 0 0 
11 53 180 936 0 
5 27 85 432 0 
4 29 203 960 0 
8 53 75 463 0 
5 42 23 136 0 
11 52 139 712 0 
16 88 41 240 0 
10 80 177 952 0 
17 91 0 0 0 
9 49 124 624 0 
10 52 0 0 0 
8 38 97 526 0 
7 29 54 309 0 
8 63 549 2674 0 
7 34 78 395 0 
3 15 95 538 0 
16 97 190 1039 0 
9 61 173 936 0 
8 35 0 0 0 
8 38 115 554 0 
44 283 0 0 0 
3 15 85 483 0 
23 124 0 0 0 
6 36 163 913 0 
16 85 0 0 0 
14 72 134 624 0 
4 26 48 226 0 
10 91 0 0 0 
11 73 64 347 0 
11 63 70 382 0 
13 89 126 612 0 
3 23 85 486 0 
14 100 0 0 0 
24 135 10 61 0 
7 37 107 537 0 
7 37 25 124 0 
15 66 43 225 0 
12 64 143 829 0 
4 21 0 0 0 
26 178 0 0 0 
14 77 0 0 0 
7 37 539 2861 0 
12 62 39 200 0 
10 65 47 246 0 
5 18 60 314 0 
11 53 253 1194 0 
9 47 64 333 0 
6 43 0 0 0 
6 31 98 514 0 
5 35 155 816 0 
5 34 182 1034 0 
20 138 214 1311 0 
9 50 117 623 0 
21 106 0 0 0 
30 189 0 0 0 
19 86 235 1177 0 
3 21 358 1856 0 
4 28 129 659 0 
6 48 237 1234 0 
8 45 17 81 0 
5 42 309 1639 0 
15 69 88 432 0 
14 89 21 101 0 
15 71 140 722 0 
5 24 18 81 0 
22 119 0 0 0 
9 63 36 208 0 
14 75 223 1482 0 
3 22 63 293 0 
9 61 95 464 0 
8 46 165 864 0 
17 83 0 0 0 
12 62 0 0 0 
15 74 0 0 0 
7 42 189 995 0 
9 58 0 0 0 
7 37 60 307 0 
11 68 0 0 0 
5 40 47 260 0 
5 33 140 775 0 
6 47 14 85 0 
5 36 181 934 0 
8 49 107 591 0 
11 45 27 120 0 
12 72 0 0 0 
6 31 42 212 0 
5 31 77 387 0 
7 36 102 522 0 
14 85 213 1065 0 
4 32 0 0 0 
28 161 0 0 0 
11 79 0 0 0 
8 42 88 529 0 
15 102 287 1469 0 
16 98 224 1140 0 
31 195 0 0 0 
12 76 49 254 0 
8 34 105 560 0 
5 35 50 287 0 
9 40 0 0 0 
56 290 0 0 0 
7 43 244 1259 0 
13 69 18 88 0 
13 70 40 182 0 
17 86 66 335 0 
10 72 141 773 0 
26 116 9 50 0 
11 56 25 129 0 
13 63 25 124 0 
16 109 257 1597 0 
6 40 0 0 0 
3 21 312 1699 0 
10 57 0 0 0 
7 46 0 0 0 
11 60 130 602 0 
14 73 0 0 0 
6 39 52 306 0 
11 67 128 678 0 
25 129 0 0 0 
14 79 0 0 0 
10 63 25 155 0 
28 154 0 0 0 
13 73 118 596 0 
5 26 292 1449 0 
14 59 0 0 0 
2 18 69 363 0 
18 115 0 0 0 
49 277 0 0 0 
10 61 0 0 0 
3 24 122 630 0 
11 51 118 575 0 
5 46 83 444 0 
10 63 0 0 0 
6 47 0 0 0 
4 24 45 251 0 
5 43 0 0 0 
5 26 51 250 0 
10 66 189 987 0 
8 45 0 0 0 
10 58 79 436 0 
2 12 181 888 0 
23 128 259 1376 0 
11 65 126 659 0 
12 71 212 1030 0 
7 49 102 523 0 
9 37 70 357 0 
8 53 329 1694 0 
7 39 0 0 0 
3 25 37 229 0 
4 25 44 213 0 
14 91 0 0 0 
12 56 83 411 0 
5 27 48 227 0 
15 72 156 832 0 
17 105 0 0 0 
12 86 88 447 0 
9 63 93 493 0 
9 58 0 0 0 
3 28 163 836 0 
8 42 88 529 0 
10 60 57 295 0 
7 33 100 570 0 
8 49 160 856 0 
3 20 0 0 0 
15 94 104 506 0 
19 93 0 0 0 
9 37 26 129 0 
10 53 78 382 0 
15 91 236 1284 0 
10 46 164 933 0 
11 67 46 240 0 
14 75 0 0 0 
11 70 172 902 0 
3 20 0 0 0 
8 49 0 0 0 
6 40 286 1614 0 
14 81 0 0 0 
8 47 75 394 0 
3 15 18 115 0 
10 52 129 612 0 
16 84 32 168 0 
11 47 101 514 0 
12 73 154 872 0 
10 82 0 0 0 
7 53 71 419 0 
4 27 102 529 0 
16 73 42 215 0 
23 163 0 0 0 
14 81 0 0 0 
31 174 228 1151 0 
8 43 106 605 0 
18 99 88 486 0 
13 65 60 329 0 
5 37 0 0 0 
6 23 6 25 0 
4 26 0 0 0 
12 64 11 55 0 
8 47 70 365 0 
9 43 0 0 0 
14 69 0 0 0 
6 32 216 1449 0 
17 85 0 0 0 
1 16 11 53 0 
8 37 0 0 0 
2 11 0 0 0 
7 35 0 0 0 
8 51 7 33 0 
7 27 3 18 0 
2 11 0 0 0 
24 87 5 24 0 
3 20 0 0 0 
8 33 9 40 0 
18 107 0 0 0 
26 123 0 0 0 
4 21 0 0 0 
4 17 0 0 0 
12 46 4 17 0 
4 24 0 0 0 
10 52 7 38 0 
0 1 0 0 0 
7 34 3 14 0 
10 37 0 3 0 
3 15 0 0 0 
14 69 4 13 0 
2 8 0 0 0 
12 75 3 8 0 
8 46 6 25 0 
12 53 6 26 0 
8 34 1 5 0 
7 40 0 0 0 
14 75 0 0 0 
10 49 1 10 0 
16 70 6 27 0 
9 39 8 42 0 
11 54 4 10 0 
6 21 3 14 0 
1 8 0 0 0 
7 34 0 0 0 
13 69 89 446 0 
10 54 8 47 0 
3 13 12 52 0 
14 61 0 0 0 
8 34 8 39 0 
13 72 11 61 0 
9 51 16 65 0 
7 32 3 12 0 
10 40 0 0 0 
14 67 0 0 0 
3 12 4 21 0 
4 18 1 41 0 
7 35 9 31 0 
2 18 69 322 0 
4 20 0 0 0 
1 7 22 101 0 
8 47 6 30 0 
13 70 12 58 0 
9 39 0 0 0 
2 6 25 142 0 
11 48 114 574 0 
12 45 6 29 0 
8 31 4 11 0 
5 25 0 0 0 
8 42 3 12 0 
4 23 45 218 0 
14 85 17 79 0 
9 46 3 18 0 
7 35 0 0 0 
7 33 4 13 0 
14 62 11 45 0 
9 62 0 0 0 
13 61 9 36 0 
11 52 0 0 0 
9 44 4 21 0 
9 38 2 23 0 
8 41 2 5 0 
2 13 0 0 0 
5 30 8 29 0 
11 56 82 419 0 
17 89 4 18 0 
2 8 0 0 0 
1 6 0 0 0 
13 55 0 0 0 
5 21 6 31 0 
8 35 324 1889 0 
3 11 0 0 0 
13 62 5 24 0 
2 13 0 0 0 
5 26 6 23 0 
4 20 0 0 0 
5 27 38 164 0 
9 55 7 28 0 
19 81 0 0 0 
3 17 0 0 0 
2 9 0 0 0 
6 31 8 29 0 
14 69 6 24 0 
1 10 13 83 0 
5 34 3 11 0 
9 40 2 22 0 
5 25 0 0 0 
12 53 0 0 0 
7 44 0 0 0 
4 35 0 0 0 
7 40 0 0 0 
6 25 6 26 0 
6 24 3 13 0 
14 64 0 0 0 
15 70 0 0 0 
3 13 0 0 0 
7 35 0 0 0 
10 40 2 15 0 
5 23 0 0 0 
3 14 0 0 0 
10 49 6 27 0 
3 17 0 0 0 
4 20 0 0 0 
7 33 0 0 0 
6 29 6 23 0 
4 15 214 1055 0 
9 39 0 0 0 
1 8 0 0 0 
8 43 7 30 0 
5 21 0 0 0 
7 37 6 37 0 
8 52 4 16 0 
9 52 6 23 0 
2 9 0 0 0 
9 47 43 246 0 
9 47 10 44 0 
3 18 0 0 0 
4 21 0 0 0 
16 65 8 33 0 
7 32 6 27 0 
4 21 6 25 0 
7 33 32 140 0 
12 62 2 10 0 
11 59 2 14 0 
6 22 6 21 0 
7 30 0 0 0 
8 40 9 47 0 
12 63 6 28 0 
10 53 6 20 0 
3 17 0 0 0 
5 26 6 26 0 
2 8 0 0 0 
8 33 51 277 0 
2 9 0 0 0 
4 18 0 0 0 
9 48 6 29 0 
9 51 1 14 0 
9 45 10 50 0 
7 39 0 0 0 
7 30 0 0 0 
11 54 6 30 0 
2 5 23 105 0 
2 10 0 0 0 
3 15 0 0 0 
8 41 7 30 0 
10 54 8 30 0 
9 41 4 25 0 
16 68 0 0 0 
9 39 2 18 0 
8 34 0 0 0 
2 17 5 25 0 
10 59 2 10 0 
6 41 5 33 0 
4 21 98 485 0 
16 75 6 35 0 
6 30 7 35 0 
9 49 2 8 0 
11 48 2 10 0 
6 28 54 242 0 
2 13 126 607 0 
11 46 0 0 0 
10 42 6 31 0 
13 63 12 47 0 
0 8 0 0 0 
15 65 6 23 0 
11 55 5 25 0 
2 12 0 0 0 
13 56 0 0 0 
16 71 7 27 0 
7 34 6 32 0 
6 39 0 0 0 
14 71 3 19 0 
7 25 2 13 0 
8 35 6 24 0 
6 32 26 122 0 
8 43 3 12 0 
12 65 17 86 0 
4 23 0 0 0 
8 40 0 0 0 
4 36 0 0 0 
4 15 6 25 0 
5 21 25 112 0 
18 97 0 0 0 
14 68 6 30 0 
13 68 2 8 0 
16 63 5 21 0 
7 46 3 14 0 
1 7 0 0 0 
8 35 6 27 0 
6 32 0 0 0 
7 35 0 0 0 
3 15 0 0 0 
2 10 0 0 0 
6 28 0 0 0 
2 12 0 0 0 
11 49 6 30 0 
4 16 0 0 0 
11 47 6 26 0 
8 34 13 59 0 
8 41 4 13 0 
3 16 0 0 0 
1 4 0 0 0 
12 65 0 0 0 
12 61 3 13 0 
10 44 11 63 0 
6 29 0 0 0 
17 83 3 12 0 
2 9 28 141 0 
8 37 0 0 0 
1 4 0 0 0 
3 27 0 0 0 
14 58 7 31 0 
1 5 0 0 0 
9 51 7 29 0 
16 82 11 56 0 
2 10 0 0 0 
21 84 0 0 0 
11 51 22 101 0 
8 40 11 43 0 
15 73 3 13 0 
7 37 5 18 0 
2 14 0 0 0 
15 66 25 119 0 
8 34 1 8 0 
8 43 3 12 0 
5 17 13 68 0 
11 50 44 219 0 
2 4 0 0 0 
9 47 2 10 0 
5 23 0 0 0 
14 62 4 16 0 
7 22 0 0 0 
3 24 0 0 0 
4 18 0 0 0 
5 27 0 0 0 
6 36 10 49 0 
8 41 76 399 0 
6 34 0 0 0 
20 113 253 1221 0 
10 53 4 18 0 
9 42 6 26 0 
4 22 0 0 0 
17 74 4 15 0 
3 12 0 0 0 
16 91 37 182 0 
4 15 0 0 0 
12 57 5 20 0 
4 21 11 49 0 
6 26 0 0 0 
7 34 0 0 0 
15 74 0 0 0 
9 52 7 30 0 
17 77 2 13 0 
27 130 7 57 0 
4 21 14 65 0 
5 21 0 0 0 
2 14 0 0 0 
10 54 0 0 0 
9 44 13 60 0 
5 24 25 119 0 
5 23 0 0 0 
4 17 15 97 0 
8 47 2 9 0 
13 75 15 74 0 
2 13 0 0 0 
8 47 8 49 0 
13 73 10 55 0 
15 75 0 0 0 
0 1 0 0 0 
0 5 17 89 0 
6 20 9 38 0 
17 84 5 19 0 
9 44 6 23 0 
10 58 4 16 0 
7 32 2 18 0 
14 77 0 0 0 
8 38 0 0 0 
10 49 7 33 0 
5 43 5 32 0 
13 66 4 25 0 
3 24 0 0 0 
15 71 5 19 0 
5 18 0 0 0 
5 23 0 0 0 
7 29 3 13 0 
11 58 6 26 0 
6 36 7 29 0 
1 3 0 0 0 
12 58 2 12 0 
2 9 0 0 0 
17 88 0 0 0 
5 25 0 0 0 
6 22 4 16 0 
11 53 3 10 0 
11 55 3 14 0 
7 34 0 0 0 
8 33 0 0 0 
8 46 0 0 0 
18 87 0 0 0 
4 26 23 104 0 
16 78 0 0 0 
5 17 0 0 0 
15 65 0 0 0 
13 67 2 14 0 
2 9 0 0 0 
8 34 2 10 0 
7 34 4 19 0 
9 44 7 32 0 
7 38 12 62 0 
5 25 0 0 0 
3 11 0 0 0 
6 33 6 24 0 
10 60 1 9 0 
9 48 0 0 0 
9 42 0 0 0 
10 50 6 26 0 
7 24 6 30 0 
11 54 0 0 0 
8 35 0 0 0 
10 46 0 0 0 
11 53 7 32 0 
11 51 12 66 0 
11 58 3 12 0 
11 41 3 10 0 
5 28 12 45 0 
3 19 131 629 0 
15 65 14 62 0 
9 40 2 11 0 
2 9 156 811 0 
13 72 0 0 0 
5 25 0 0 0 
5 24 0 0 0 
8 30 8 38 0 
13 65 6 33 0 
13 74 0 0 0 
11 55 1 6 0 
12 64 9 42 0 
15 56 4 16 0 
7 47 10 48 0 
4 30 0 0 0 
21 87 2 13 0 
7 35 0 0 0 
9 42 0 0 0 
16 73 8 34 0 
6 25 0 0 0 
6 34 83 407 0 
10 46 8 38 0 
7 39 3 13 0 
3 16 0 0 0 
8 25 0 0 0 
7 41 6 27 0 
10 40 10 40 0 
3 15 0 0 0 
5 20 5 24 0 
7 32 3 15 0 
9 43 3 13 0 
17 70 8 37 0 
12 42 13 54 0 
15 70 7 30 0 
6 28 5 27 0 
16 79 3 17 0 
5 25 0 0 0 
8 41 4 19 0 
13 68 7 42 0 
9 44 5 26 0 
6 35 0 0 0 
6 22 4 20 0 
13 65 5 27 0 
16 78 2 10 0 
9 40 6 24 0 
12 60 15 79 0 
20 94 5 25 0 
14 69 0 0 0 
10 53 2 10 0 
10 47 6 24 0 
29 131 6 28 0 
8 37 5 25 0 
4 23 4 24 0 
15 57 0 0 0 
14 38 7 39 0 
6 34 15 78 0 
15 69 0 0 0 
5 27 46 228 0 
3 14 0 0 0 
11 49 11 50 0 
14 58 7 23 0 
1 11 0 0 0 
10 52 6 28 0 
8 49 9 41 0 
2 15 0 0 0 
13 55 7 35 0 
16 75 7 27 0 
6 27 4 21 0 
8 35 1 14 0 
9 37 0 0 0 
8 50 19 96 0 
1 4 0 0 0 
6 34 0 0 0 
10 53 7 32 0 
18 73 13 61 0 
13 68 6 30 0 
1 9 0 0 0 
10 45 0 0 0 
8 31 0 0 0 
2 9 0 0 0 
10 55 2 13 0 
9 45 0 0 0 
4 19 23 84 0 
8 35 8 37 0 
12 58 0 0 0 
20 99 26 128 0 
6 28 10 44 0 
1 6 0 0 0 
7 31 7 35 0 
10 52 39 245 0 
6 29 0 0 0 
9 47 0 0 0 
14 54 0 0 0 
12 70 0 0 0 
9 37 2 13 0 
8 33 7 25 0 
2 8 5 19 0 
7 42 3 24 0 
14 69 4 23 0 
16 90 0 0 0 
6 33 0 0 0 
11 44 0 0 0 
10 53 2 10 0 
11 54 0 0 0 
5 16 0 0 0 
6 27 5 23 0 
6 29 7 30 0 
9 44 53 246 0 
9 51 6 26 0 
3 15 6 25 0 
2 4 0 0 0 
10 48 6 25 0 
7 38 0 0 0 
9 39 5 23 0 
1 6 12 49 0 
3 18 0 0 0 
5 17 0 0 0 
3 16 0 0 0 
5 26 0 0 0 
15 80 65 353 0 
5 29 0 0 0 
9 47 4 20 0 
10 42 6 23 0 
10 38 3 11 0 
7 32 3 17 0 
13 62 10 45 0 
8 33 4 12 0 
6 34 4 11 0 
10 47 5 28 0 
6 32 2 10 0 
15 65 0 0 0 
19 73 0 0 0 
1 9 0 0 0 
15 68 1 7 0 
7 44 142 783 0 
8 40 4 33 0 
5 20 6 23 0 
1 8 0 0 0 
5 27 0 0 0 
3 17 8 33 0 
6 22 0 0 0 
9 51 6 26 0 
6 33 8 40 0 
7 29 0 2 0 
9 49 0 0 0 
11 47 21 110 0 
15 63 5 17 0 
8 45 0 0 0 
2 10 0 0 0 
6 30 5 28 0 
9 39 0 0 0 
8 42 5 19 0 
18 70 0 0 0 
6 24 3 14 0 
4 21 0 0 0 
2 13 0 0 0 
15 77 9 49 0 
17 94 10 50 0 
11 55 0 0 0 
11 54 2 12 0 
12 51 0 0 0 
17 73 4 15 0 
9 35 62 290 0 
9 46 0 0 0 
6 31 3 15 0 
8 51 0 0 0 
7 41 4 20 0 
7 31 4 20 0 
6 23 0 0 0 
10 46 7 33 0 
3 18 9 41 0 
9 41 8 35 0 
10 46 0 0 0 
10 58 5 21 0 
7 31 9 41 0 
20 86 0 0 0 
15 72 1 9 0 
12 48 3 16 0 
2 11 15 69 0 
5 42 5 23 0 
8 40 4 18 0 
9 41 0 0 0 
14 87 2 7 0 
11 41 3 18 0 
4 27 0 0 0 
6 34 6 27 0 
7 37 4 20 0 
10 59 7 27 0 
11 54 10 45 0 
16 59 0 0 0 
5 21 0 0 0 
6 22 0 0 0 
6 40 8 40 0 
13 61 10 47 0 
19 97 47 249 0 
1 5 0 0 0 
14 63 6 19 0 
6 26 22 88 0 
12 80 0 0 0 
8 31 0 0 0 
8 34 2 12 0 
1 8 0 0 0 
14 65 2 14 0 
6 37 7 42 0 
10 45 1 9 0 
8 32 1 6 0 
8 33 0 0 0 
2 8 17 96 0 
7 37 16 86 0 
2 11 26 137 0 
12 63 9 32 0 
4 19 44 182 0 
5 29 0 0 0 
0 9 2 10 0 
2 9 0 0 0 
4 10 0 0 0 
14 66 6 22 0 
2 10 0 0 0 
7 28 0 0 0 
17 92 3 17 0 
4 28 41 190 0 
5 24 0 0 0 
12 71 53 267 0 
24 120 35 189 0 
9 45 7 29 0 
10 50 2 15 0 
5 18 0 0 0 
2 8 0 0 0 
6 30 2 12 0 
8 43 9 40 0 
2 14 0 0 0 
2 11 11 63 0 
8 38 8 40 0 
9 39 3 16 0 
17 86 15 72 0 
9 36 3 20 0 
2 13 0 0 0 
10 57 1 11 0 
5 52 0 0 0 
1 7 0 0 0 
19 96 6 25 0 
8 33 3 13 0 
6 30 4 17 0 
6 33 0 0 0 
28 132 7 32 0 
9 41 4 18 0 
1 6 0 0 0 
5 34 0 0 0 
11 74 6 18 0 
6 46 0 0 0 
13 55 4 12 0 
3 23 0 0 0 
10 45 5 23 0 
1 9 5 31 0 
7 32 2 18 0 
2 8 239 1272 0 
6 30 4 23 0 
22 76 11 57 0 
16 70 3 13 0 
9 37 0 0 0 
2 7 0 0 0 
12 68 6 31 0 
11 55 36 175 0 
4 22 2 11 0 
7 35 4 13 0 
9 43 0 11 0 
9 37 7 41 0 
2 15 0 0 0 
13 61 2 10 0 
11 66 38 189 0 
4 26 0 0 0 
8 28 10 42 0 
8 45 85 456 0 
5 34 0 0 0 
6 22 17 67 0 
10 42 11 45 0 
4 17 49 206 0 
6 25 11 55 0 
4 21 0 0 0 
17 73 0 0 0 
9 39 12 51 0 
6 18 0 0 0 
8 35 0 0 0 
3 19 0 0 0 
8 30 3 28 0 
9 43 9 47 0 
7 40 8 43 0 
5 25 0 0 0 
7 45 3 16 0 
8 45 13 57 0 
15 74 3 12 0 
8 42 12 58 0 
2 14 0 0 0 
5 21 0 0 0 
6 29 0 0 0 
2 8 0 0 0 
9 36 1 4 0 
14 48 0 0 0 
6 24 0 0 0 
2 7 0 0 0 
6 35 0 0 0 
11 58 6 33 0 
5 26 4 14 0 
10 41 3 11 0 
19 81 1 11 0 
8 38 9 40 0 
9 39 2 15 0 
15 72 5 21 0 
0 1 0 0 0 
5 21 0 0 0 
10 46 2 16 0 
10 59 9 37 0 
2 20 0 0 0 
9 45 4 16 0 
11 52 9 43 0 
12 55 0 0 0 
11 52 22 96 0 
4 20 8 49 0 
8 43 2 14 0 
28 131 0 0 0 
10 47 0 0 0 
12 52 7 33 0 
13 52 1 10 0 
14 66 7 33 0 
8 30 0 0 0 
10 50 3 9 0 
21 98 0 0 0 
16 84 5 17 0 
8 38 3 11 0 
8 42 2 10 0 
3 12 0 0 0 
14 61 1 5 0 
6 38 6 26 0 
16 93 0 0 0 
18 78 8 34 0 
9 40 0 0 0 
2 14 0 0 0 
55 270 0 0 0 
4 13 0 0 0 
9 46 0 0 0 
14 54 4 13 0 
9 43 3 15 0 
16 72 0 0 0 
5 22 0 0 0 
9 43 3 14 0 
17 72 4 17 0 
17 92 45 188 0 
8 46 5 26 0 
8 45 9 37 0 
11 57 3 11 0 
15 77 4 13 0 
4 21 0 0 0 
13 70 0 0 0 
11 53 6 26 0 
4 23 5 27 0 
18 112 8 45 0 
12 53 1 9 0 
9 41 12 52 0 
3 11 0 0 0 
4 29 0 0 0 
6 33 8 39 0 
8 45 10 38 0 
7 39 138 766 0 
8 34 4 27 0 
5 20 0 0 0 
7 32 4 21 0 
6 33 10 38 0 
2 6 0 0 0 
10 42 2 12 0 
21 103 10 56 0 
3 16 0 0 0 
6 31 13 49 0 
6 34 7 49 0 
8 35 1 8 0 
12 42 11 44 0 
12 61 5 16 0 
12 53 3 19 0 
6 40 4 16 0 
7 26 1 8 0 
28 167 3 15 0 
10 42 0 0 0 
1 7 0 0 0 
11 49 9 35 0 
2 7 0 0 0 
3 16 0 0 0 
8 32 71 343 0 
10 44 3 14 0 
11 54 0 0 0 
7 31 19 66 0 
5 20 8 35 0 
9 44 11 52 0 
13 57 1 14 0 
0 1 0 0 0 
2 9 0 0 0 
7 31 1 13 0 
13 63 4 14 0 
2 13 0 0 0 
6 35 0 0 0 
6 25 6 36 0 
19 84 0 0 0 
4 12 0 0 0 
8 44 0 0 0 
0 1 0 0 0 
6 22 6 28 0 
4 26 0 0 0 
9 47 123 612 0 
3 18 14 98 0 
0 1 0 0 0 
7 41 12 48 0 
3 17 0 0 0 
10 43 20 157 0 
8 29 1 12 0 
16 89 5 17 0 
10 52 34 176 0 
9 37 0 0 0 
2 10 24 121 0 
7 29 3 17 0 
6 31 0 0 0 
5 18 0 0 0 
25 127 3 11 0 
7 33 7 39 0 
6 22 4 21 0 
5 23 15 88 0 
12 59 9 43 0 
9 47 57 277 0 
2 10 0 0 0 
11 52 0 0 0 
8 38 0 0 0 
6 38 0 0 0 
8 32 5 33 0 
7 34 6 27 0 
16 79 38 183 0 
6 31 0 0 0 
8 36 4 17 0 
12 56 0 0 0 
6 37 0 0 0 
15 74 5 19 0 
9 53 9 48 0 
5 26 0 0 0 
5 20 0 0 0 
10 49 0 0 0 
8 44 12 44 0 
12 61 8 33 0 
11 55 0 0 0 
14 71 5 18 0 
5 26 8 41 0 
6 28 550 2800 0 
3 19 0 0 0 
13 57 6 29 0 
7 30 4 18 0 
13 57 6 26 0 
7 30 8 30 0 
10 68 0 0 0 
5 20 0 0 0 
7 28 2 11 0 
12 51 3 14 0 
3 16 14 82 0 
12 61 12 74 0 
8 38 0 0 0 
9 47 7 40 0 
3 16 0 0 0 
13 60 34 160 0 
16 83 4 21 0 
9 51 2 12 0 
10 53 9 40 0 
10 38 2 7 0 
11 58 0 0 0 
12 56 5 19 0 
2 11 19 90 0 
3 13 0 0 0 
2 13 0 0 0 
0 2 0 0 0 
11 69 4 28 0 
8 42 0 0 0 
11 53 4 20 0 
8 35 2 10 0 
5 15 0 0 0 
2 13 0 0 0 
2 14 0 0 0 
17 74 5 21 0 
15 66 8 32 0 
7 34 2 12 0 
10 55 2 11 0 
11 52 5 28 0 
7 29 0 0 0 
6 22 0 0 0 
8 36 5 39 0 
7 39 0 0 0 
6 35 7 33 0 
7 41 0 0 0 
8 41 48 237 0 
2 21 0 0 0 
7 26 0 0 0 
5 13 32 140 0 
5 18 4 24 0 
10 46 8 35 0 
9 48 10 46 0 
9 50 0 0 0 
6 30 62 322 0 
6 30 0 0 0 
6 28 7 36 0 
7 37 8 35 0 
6 28 0 0 0 
4 16 0 0 0 
18 97 6 36 0 
4 17 0 0 0 
8 35 8 36 0 
5 19 0 0 0 
14 65 6 27 0 
4 24 0 0 0 
9 37 70 340 0 
10 48 7 38 0 
14 70 0 0 0 
9 40 2 9 0 
1 8 0 0 0 
3 21 5 24 0 
12 48 9 34 0 
5 23 0 0 0 
7 37 4 17 0 
8 40 130 771 0 
13 50 0 0 0 
2 12 0 0 0 
10 53 0 0 0 
5 18 8 44 0 
6 33 44 221 0 
10 38 5 24 0 
13 56 0 0 0 
2 12 0 0 0 
9 52 9 34 0 
5 22 0 0 0 
17 69 5 15 0 
1 8 0 0 0 
9 40 1 1 0 
8 46 0 0 0 
4 28 44 203 0 
9 54 3 17 0 
3 13 0 0 0 
6 26 0 0 0 
6 25 7 25 0 
14 72 9 35 0 
12 54 0 0 0 
12 56 4 11 0 
7 39 8 34 0 
3 12 9 41 0 
12 58 6 35 0 
10 56 44 210 0 
6 42 0 0 0 
3 18 0 0 0 
6 31 0 0 0 
6 23 0 0 0 
9 50 8 34 0 
19 98 0 0 0 
13 66 0 0 0 
8 42 6 26 0 
3 17 0 0 0 
8 37 8 45 0 
11 52 0 0 0 
9 40 2 14 0 
19 85 0 0 0 
11 52 4 17 0 
2 8 0 0 0 
1 9 0 0 0 
2 8 0 0 0 
8 37 4 20 0 
13 50 0 0 0 
8 42 1 8 0 
12 52 5 30 0 
5 17 0 0 0 
3 12 20 75 0 
9 51 12 53 0 
10 42 18 79 0 
11 62 0 0 0 
4 29 26 129 0 
15 80 26 129 0 
6 33 0 0 0 
3 12 0 0 0 
3 19 44 220 0 
11 56 0 0 0 
25 114 0 0 0 
7 48 6 32 0 
2 9 0 0 0 
2 8 0 0 0 
9 47 8 44 0 
3 14 0 0 0 
14 67 11 48 0 
2 14 0 0 0 
13 64 14 69 0 
9 48 17 78 0 
7 42 38 183 0 
9 38 0 0 0 
11 64 0 0 0 
13 73 5 33 0 
7 33 68 332 0 
3 15 0 0 0 
14 68 21 85 0 
6 34 2 14 0 
4 31 0 0 0 
2 8 0 0 0 
14 68 6 31 0 
13 54 6 33 0 
10 46 3 15 0 
8 33 4 19 0 
7 30 149 729 0 
2 12 5 20 0 
7 30 4 17 0 
8 34 6 27 0 
2 13 94 462 0 
11 60 4 22 0 
5 28 0 0 0 
9 39 0 0 0 
9 42 5 30 0 
5 20 11 64 0 
31 150 4 22 0 
11 47 5 16 0 
3 23 0 0 0 
11 54 0 0 0 
7 32 2 10 0 
10 51 7 32 0 
13 83 11 42 0 
5 24 79 379 0 
6 28 0 0 0 
13 57 7 30 0 
6 33 0 0 0 
10 58 14 85 0 
7 31 1 10 0 
6 38 29 170 0 
7 43 148 707 0 
3 19 58 294 0 
6 45 63 343 0 
4 21 34 157 0 
10 47 30 174 0 
14 80 77 356 0 
8 45 229 1422 0 
11 43 31 149 0 
25 121 27 136 0 
7 52 102 523 0 
12 60 23 104 0 
14 69 43 220 0 
7 32 149 742 0 
3 23 65 321 0 
6 28 0 0 0 
6 39 79 422 0 
3 12 17 78 0 
9 49 13 73 0 
7 32 90 517 0 
6 35 70 352 0 
7 47 94 499 0 
2 9 30 176 0 
5 21 74 366 0 
8 37 12 63 0 
5 35 43 214 0 
6 49 131 670 0 
9 46 49 256 0 
2 10 118 589 0 
3 17 92 512 0 
3 24 64 278 0 
16 75 0 0 0 
10 50 138 650 0 
15 72 105 530 0 
14 75 356 1975 0 
11 65 449 2379 0 
8 40 3 14 0 
8 41 30 147 0 
4 32 215 1101 0 
6 28 39 211 0 
7 35 70 333 0 
4 19 10 54 0 
3 21 51 255 0 
10 38 4 15 0 
7 41 147 780 0 
4 18 75 380 0 
3 21 120 605 0 
9 41 47 222 0 
14 70 78 438 0 
6 32 0 0 0 
3 10 28 129 0 
3 16 47 221 0 
4 16 51 244 0 
4 15 33 166 0 
6 27 38 179 0 
8 37 90 446 0 
11 46 32 172 0 
8 36 7 31 0 
6 37 51 262 0 
2 8 0 0 0 
6 26 43 212 0 
20 122 225 1474 0 
6 27 0 0 0 
5 25 102 539 0 
6 33 81 463 0 
2 8 34 174 0 
5 22 68 356 0 
11 74 302 1683 0 
29 125 12 63 0 
6 35 56 271 0 
3 17 29 142 0 
9 48 106 521 0 
4 21 55 279 0 
16 84 97 503 0 
8 32 51 255 0 
12 69 0 0 0 
2 14 35 211 0 
4 25 34 191 0 
10 49 85 447 0 
6 29 41 213 0 
11 55 65 417 0 
6 34 66 329 0 
5 21 0 0 0 
6 22 0 0 0 
10 43 50 234 0 
9 47 94 496 0 
2 17 47 255 0 
4 16 166 870 0 
2 11 48 245 0 
3 17 32 175 0 
2 13 36 183 0 
8 56 139 680 0 
3 10 21 96 0 
3 14 63 292 0 
5 28 55 281 0 
5 27 0 0 0 
5 37 77 361 0 
13 59 110 536 0 
16 74 54 269 0 
4 23 6 37 0 
5 32 168 827 0 
3 17 46 252 0 
12 81 0 0 0 
6 31 28 140 0 
7 52 116 597 0 
3 16 26 138 0 
4 27 76 383 0 
3 18 30 184 0 
4 23 27 147 0 
7 30 36 168 0 
6 34 42 191 0 
6 35 63 288 0 
3 15 44 228 0 
14 87 0 0 0 
15 67 55 266 0 
5 31 36 173 0 
14 69 0 0 0 
8 59 21 110 0 
12 57 158 764 0 
5 25 58 284 0 
5 47 25 139 0 
10 55 21 83 0 
10 48 29 151 0 
4 22 64 368 0 
6 36 148 737 0 
4 26 86 420 0 
12 64 48 258 0 
9 49 58 296 0 
9 58 30 143 0 
8 42 65 305 0 
5 28 17 80 0 
10 44 63 397 0 
3 23 0 0 0 
3 14 63 305 0 
19 73 0 0 0 
8 35 33 162 0 
4 23 95 473 0 
4 29 104 476 0 
5 38 26 127 0 
4 15 21 107 0 
6 21 20 94 0 
7 40 73 351 0 
11 47 116 593 0 
4 22 35 185 0 
13 69 116 600 0 
11 56 73 349 0 
10 42 7 27 0 
16 75 2 12 0 
18 85 0 0 0 
6 33 60 329 0 
11 53 54 277 0 
6 31 27 129 0 
3 20 56 302 0 
5 29 25 111 0 
10 47 60 385 0 
2 20 46 240 0 
3 19 45 250 0 
3 18 75 399 0 
2 16 30 133 0 
3 20 0 0 0 
2 10 0 0 0 
8 45 39 200 0 
16 79 25 127 0 
20 102 136 709 0 
6 35 46 246 0 
8 41 39 209 0 
5 16 19 109 0 
7 40 248 1316 0 
26 130 0 0 0 
5 21 128 651 0 
10 48 35 162 0 
5 25 52 258 0 
9 52 106 615 0 
6 27 58 280 0 
6 30 118 613 0 
3 15 63 314 0 
11 46 0 0 0 
3 17 19 76 0 
9 40 53 255 0 
4 27 62 329 0 
3 21 30 154 0 
6 28 47 223 0 
8 39 116 600 0 
21 149 0 0 0 
22 118 49 254 0 
12 102 46 253 0 
11 62 234 1268 0 
6 26 46 206 0 
6 27 101 525 0 
7 29 91 458 0 
3 18 9 44 0 
7 46 0 0 0 
5 31 25 135 0 
4 17 27 113 0 
4 17 40 228 0 
7 28 61 324 0 
30 157 0 0 0 
13 77 0 0 0 
8 45 76 368 0 
11 56 3 16 0 
4 26 73 335 0 
11 49 22 103 0 
8 56 169 862 0 
6 19 65 289 0 
12 51 62 388 0 
8 34 64 317 0 
6 26 66 333 0 
4 26 43 225 0 
10 54 314 1658 0 
8 42 192 972 0 
12 57 113 625 0 
10 49 45 221 0 
8 37 33 156 0 
4 15 103 463 0 
8 59 129 723 0 
8 47 0 0 0 
3 15 43 225 0 
7 34 0 0 0 
6 35 129 644 0 
8 39 453 2577 0 
8 45 44 216 0 
3 22 0 0 0 
3 28 71 326 0 
4 19 67 343 0 
6 26 120 673 0 
6 26 36 224 0 
2 14 45 213 0 
8 36 44 202 0 
8 50 20 110 0 
7 43 40 197 0 
6 39 0 0 0 
6 45 48 283 0 
8 40 206 1054 0 
18 83 47 228 0 
12 50 435 2559 0 
11 51 120 614 0 
8 49 0 0 0 
7 44 0 0 0 
4 33 42 208 0 
10 51 0 0 0 
8 36 31 161 0 
9 56 103 496 0 
8 33 20 96 0 
7 35 33 169 0 
4 22 60 318 0 
14 65 30 143 0 
3 9 34 141 0 
6 30 22 117 0 
14 82 0 0 0 
6 36 33 172 0 
10 47 26 130 0 
10 50 40 200 0 
5 28 23 131 0 
6 29 92 522 0 
4 20 28 150 0 
8 32 120 543 0 
6 17 115 542 0 
2 13 39 208 0 
5 34 20 94 0 
4 18 38 199 0 
16 92 2 11 0 
6 31 109 582 0 
10 49 13 63 0 
3 25 17 70 0 
2 8 60 346 0 
5 32 38 180 0 
7 31 20 84 0 
11 68 93 466 0 
15 78 0 0 0 
10 33 75 348 0 
10 57 0 0 0 
8 38 33 157 0 
4 15 54 258 0 
14 74 0 0 0 
5 31 93 470 0 
8 60 0 0 0 
6 45 82 416 0 
22 98 31 151 0 
13 56 23 96 0 
19 97 1 7 0 
1 8 53 291 0 
4 27 59 285 0 
3 17 37 179 0 
3 17 22 108 0 
2 7 25 121 0 
6 40 111 550 0 
10 53 106 551 0 
10 44 59 369 0 
7 32 41 212 0 
9 43 0 0 0 
8 61 72 381 0 
16 92 0 0 0 
4 32 165 911 0 
6 31 32 148 0 
13 60 55 263 0 
10 37 90 411 0 
5 22 40 195 0 
8 40 38 165 0 
2 19 69 392 0 
15 95 91 467 0 
8 43 36 178 0 
9 41 0 0 0 
9 51 0 0 0 
5 29 6 26 0 
11 78 0 0 0 
4 27 39 198 0 
5 21 19 96 0 
5 29 0 0 0 
9 52 102 535 0 
10 58 239 1284 0 
5 34 74 350 0 
15 90 0 0 0 
15 75 150 806 0 
6 32 62 313 0 
14 74 15 78 0 
5 25 59 288 0 
11 52 165 838 0 
9 50 43 211 0 
3 12 91 466 0 
6 27 62 320 0 
2 8 66 303 0 
4 44 44 246 0 
9 66 101 524 0 
22 112 0 0 0 
3 18 93 476 0 
5 20 30 158 0 
8 39 48 267 0 
2 10 18 86 0 
14 70 6 28 0 
5 33 25 125 0 
18 82 0 0 0 
7 42 82 478 0 
9 47 111 565 0 
14 59 0 0 0 
6 33 16 72 0 
5 28 25 116 0 
12 54 53 252 0 
4 23 73 359 0 
6 34 45 202 0 
9 62 0 0 0 
7 27 28 136 0 
9 47 61 317 0 
3 16 108 500 0 
3 20 76 369 0 
15 74 57 299 0 
7 43 79 374 0 
2 4 22 119 0 
8 43 74 394 0 
5 33 95 471 0 
6 29 46 222 0 
14 66 6 25 0 
4 15 77 370 0 
3 19 39 196 0 
8 53 53 294 0 
5 22 110 535 0 
10 39 146 765 0 
5 26 53 273 0 
6 20 35 177 0 
8 49 93 480 0 
10 44 38 166 0 
8 36 71 350 0 
2 8 14 70 0 
9 41 68 322 0 
7 31 8 43 0 
7 33 49 245 0 
7 51 0 0 0 
7 34 8 38 0 
13 58 10 36 0 
10 58 54 269 0 
5 34 133 695 0 
4 19 44 209 0 
10 51 14 77 0 
6 23 32 144 0 
12 65 58 291 0 
3 18 287 1380 0 
5 18 30 156 0 
7 49 111 619 0 
4 29 99 619 0 
14 61 0 0 0 
5 28 30 152 0 
9 41 45 230 0 
12 73 259 1351 0 
5 40 80 368 0 
23 113 0 0 0 
6 22 39 165 0 
6 28 41 227 0 
11 58 102 473 0 
5 29 55 270 0 
3 20 51 249 0 
9 56 11 58 0 
12 69 48 272 0 
10 49 42 194 0 
7 32 0 0 0 
10 51 0 0 0 
5 21 137 716 0 
10 43 67 323 0 
9 58 147 735 0 
4 25 76 362 0 
4 14 115 618 0 
4 26 22 124 0 
6 29 58 306 0 
10 54 60 294 0 
9 43 81 431 0 
4 31 45 244 0 
7 39 51 271 0 
4 19 12 60 0 
8 46 84 436 0 
4 25 7 38 0 
4 39 58 287 0 
3 16 24 136 0 
3 22 101 599 0 
12 69 8 39 0 
3 19 110 505 0 
12 66 39 171 0 
6 40 120 587 0 
5 31 145 705 0 
7 31 35 166 0 
2 8 60 293 0 
5 30 45 223 0 
4 17 0 0 0 
3 14 26 128 0 
5 28 19 103 0 
4 25 98 524 0 
3 24 38 194 0 
11 55 0 0 0 
9 45 57 291 0 
9 57 311 1735 0 
4 18 11 49 0 
11 39 89 422 0 
7 34 156 759 0 
14 74 0 0 0 
3 7 43 216 0 
2 11 104 498 0 
6 43 97 468 0 
7 44 0 0 0 
9 42 18 91 0 
15 74 166 818 0 
7 36 42 206 0 
36 226 0 0 0 
5 40 18 81 0 
10 50 25 113 0 
5 27 19 109 0 
10 47 12 61 0 
10 52 118 655 0 
7 40 28 144 0 
8 46 17 105 0 
8 45 51 265 0 
13 76 479 2408 0 
4 29 81 407 0 
4 29 41 193 0 
2 9 23 108 0 
11 48 39 204 0 
7 40 208 1114 0 
2 16 45 232 0 
8 41 50 263 0 
6 28 46 239 0 
4 16 72 314 0 
8 49 0 0 0 
10 54 79 377 0 
8 43 68 341 0 
3 19 34 173 0 
6 35 14 72 0 
8 51 0 0 0 
3 21 36 184 0 
3 20 77 424 0 
13 68 0 0 0 
9 55 94 477 0 
14 63 23 121 0 
7 36 59 324 0 
7 24 53 268 0 
13 46 24 90 0 
11 59 0 0 0 
8 39 18 72 0 
2 9 34 211 0 
6 41 43 260 0 
16 83 0 0 0 
3 10 50 238 0 
6 34 0 0 0 
5 30 30 143 0 
7 48 37 179 0 
9 37 41 235 0 
3 16 78 394 0 
6 26 0 0 0 
4 20 114 539 0 
7 50 54 297 0 
2 7 56 262 0 
7 42 51 313 0 
8 51 38 211 0 
17 103 25 156 0 
7 28 112 578 0 
14 69 60 274 0 
6 32 89 437 0 
2 16 127 635 0 
4 27 173 888 0 
6 34 6 34 0 
7 44 115 613 0 
6 56 47 242 0 
7 35 42 218 0 
13 81 47 227 0 
13 68 0 0 0 
6 22 120 560 0 
3 27 63 333 0 
8 45 0 0 0 
16 66 53 254 0 
14 71 0 0 0 
4 16 101 499 0 
6 37 37 171 0 
4 21 50 235 0 
3 26 40 201 0 
6 34 73 371 0 
11 53 71 340 0 
11 80 100 512 0 
6 27 67 310 0 
9 42 97 485 0 
9 42 48 231 0 
16 78 36 165 0 
8 32 96 455 0 
16 55 116 528 0 
3 19 43 205 0 
3 19 260 1348 0 
8 39 65 321 0 
3 19 16 65 0 
6 37 0 0 0 
11 50 62 389 0 
3 25 90 457 0 
5 41 106 634 0 
3 11 27 124 0 
5 26 30 157 0 
3 20 47 248 0 
13 56 172 866 0 
2 9 9 33 0 
19 84 81 413 0 
7 41 55 253 0 
11 51 65 410 0 
5 28 97 504 0 
10 50 33 136 0 
4 21 28 140 0 
2 20 47 238 0 
31 189 218 1267 0 
5 30 56 283 0 
5 21 95 466 0 
3 22 19 99 0 
5 30 32 150 0 
7 35 102 518 0 
4 26 0 0 0 
4 27 57 312 0 
5 18 39 188 0 
2 11 49 265 0 
12 49 0 0 0 
8 43 0 0 0 
5 29 75 379 0 
7 39 34 171 0 
16 76 53 287 0 
13 72 0 0 0 
3 21 14 66 0 
4 19 121 611 0 
9 47 2 15 0 
7 40 39 208 0 
10 57 70 356 0 
6 34 20 91 0 
16 94 112 549 0 
38 179 496 2453 0 
9 55 31 140 0 
30 131 118 561 0 
6 27 28 143 0 
11 54 52 237 0 
14 63 9 36 0 
7 42 55 268 0 
5 20 51 269 0 
4 28 76 381 0 
4 17 29 121 0 
7 29 8 32 0 
4 21 27 136 0 
5 30 56 286 0 
17 82 44 206 0 
8 40 85 434 0 
14 103 0 0 0 
5 19 49 226 0 
3 14 39 204 0 
7 24 28 133 0 
5 21 40 208 0 
6 34 45 251 0 
6 38 85 433 0 
6 20 12 57 0 
6 32 180 903 0 
5 29 89 447 0 
5 30 16 96 0 
20 87 66 324 0 
5 27 75 375 0 
5 38 53 232 0 
3 20 47 207 0 
9 57 39 218 0 
7 34 12 55 0 
5 20 11 59 0 
4 10 12 65 0 
6 43 87 454 0 
10 62 0 0 0 
7 37 3 23 0 
5 24 58 307 0 
8 36 49 258 0 
6 29 67 338 0 
3 14 29 142 0 
3 14 91 430 0 
5 27 43 204 0 
5 29 19 98 0 
9 37 29 155 0 
2 13 66 324 0 
5 25 39 203 0 
3 17 39 213 0 
13 74 83 452 0 
11 78 182 1005 0 
3 16 46 237 0 
20 98 0 0 0 
5 23 77 408 0 
4 20 91 449 0 
9 40 28 125 0 
9 62 11 69 0 
10 48 67 307 0 
4 23 32 193 0 
26 125 0 0 0 
15 71 10 41 0 
7 45 0 0 0 
9 49 0 0 0 
9 32 85 412 0 
5 26 13 61 0 
4 21 26 114 0 
3 20 240 1198 0 
4 19 25 131 0 
8 44 36 180 0 
4 15 24 115 0 
11 49 21 119 0 
14 79 73 395 0 
4 28 60 306 0 
2 14 24 116 0 
11 52 127 657 0 
3 16 43 201 0 
2 20 48 242 0 
6 33 43 225 0 
8 40 76 386 0 
7 39 91 504 0 
20 110 139 711 0 
4 16 14 82 0 
14 62 0 0 0 
11 51 85 433 0 
2 8 40 227 0 
10 57 0 0 0 
7 38 50 246 0 
7 42 127 702 0 
7 41 37 189 0 
2 12 32 140 0 
5 29 176 852 0 
12 70 432 2209 0 
4 24 108 583 0 
8 41 67 311 0 
13 81 20 100 0 
5 23 65 341 0 
4 16 32 145 0 
17 101 177 992 0 
4 30 285 1497 0 
11 55 18 81 0 
14 67 115 641 0 
9 42 47 243 0 
4 20 136 710 0 
18 84 78 392 0 
3 23 228 1255 0 
11 58 0 0 0 
8 49 0 0 0 
7 32 41 206 0 
7 49 26 144 0 
11 45 75 372 0 
10 47 57 367 0 
7 36 0 0 0 
3 9 66 326 0 
2 5 0 0 0 
9 48 81 381 0 
5 25 45 220 0 
3 23 83 460 0 
5 31 41 203 0 
1 19 0 0 0 
2 12 24 127 0 
3 15 53 299 0 
6 37 36 160 0 
12 65 0 0 0 
9 51 46 231 0 
8 51 36 188 0 
9 41 50 252 0 
3 18 69 349 0 
10 74 64 306 0 
7 45 268 1489 0 
3 20 26 131 0 
4 22 87 421 0 
9 41 132 652 0 
5 35 63 301 0 
9 49 38 197 0 
12 69 16 75 0 
1 4 0 0 0 
15 80 27 145 0 
4 18 78 424 0 
21 129 12 55 0 
9 49 41 194 0 
8 42 65 311 0 
4 25 56 275 0 
8 51 19 143 0 
11 55 0 0 0 
16 86 12 69 0 
8 44 130 562 0 
6 33 0 0 0 
10 56 25 125 0 
9 52 0 0 0 
7 30 111 569 0 
13 65 130 680 0 
7 40 35 203 0 
6 36 0 0 0 
10 69 9 46 0 
7 43 149 818 0 
5 30 208 1134 0 
4 27 14 70 0 
9 58 0 0 0 
4 24 35 164 0 
6 36 0 0 0 
8 41 0 0 0 
8 47 0 0 0 
8 44 33 158 0 
3 20 38 193 0 
5 28 18 84 0 
7 49 53 309 0 
8 49 27 146 0 
4 15 72 360 0 
5 29 51 253 0 
6 34 62 334 0 
5 21 121 621 0 
5 24 27 127 0 
10 59 64 314 0 
5 18 51 235 0 
7 48 132 719 0 
11 81 100 482 0 
13 60 17 91 0 
13 65 0 0 0 
6 26 126 613 0 
2 8 30 159 0 
6 28 55 240 0 
3 20 89 416 0 
11 50 47 211 0 
3 32 295 2103 0 
6 42 55 290 0 
4 26 78 399 0 
3 20 52 225 0 
8 41 36 183 0 
3 17 41 209 0 
9 38 6 26 0 
6 39 89 474 0 
2 9 53 276 0 
9 49 41 224 0 
11 49 64 410 0 
11 61 83 395 0 
11 67 97 478 0 
8 39 13 64 0 
12 47 106 511 0 
4 24 24 147 0 
9 45 28 126 0 
6 28 24 108 0 
6 25 21 103 0 
11 66 0 0 0 
5 38 185 925 0 
4 20 57 316 0 
7 41 51 264 0 
5 24 34 166 0 
5 25 55 265 0 
10 67 0 0 0 
5 36 71 303 0 
8 42 36 184 0 
5 25 0 0 0 
2 18 122 622 0 
6 28 92 460 0 
10 63 41 213 0 
10 64 186 999 0 
11 58 11 53 0 
4 27 84 458 0 
9 64 77 404 0 
3 19 25 123 0 
16 82 76 416 0 
4 27 24 115 0 
10 53 65 301 0 
10 76 0 0 0 
13 69 144 705 0 
3 16 57 298 0 
4 26 0 0 0 
10 53 54 263 0 
11 48 32 162 0 
3 15 0 0 0 
6 17 42 214 0 
11 49 55 293 0 
7 42 81 420 0 
1 7 63 297 0 
9 45 29 139 0 
6 37 0 0 0 
2 8 13 68 0 
3 17 61 282 0 
3 30 62 326 0 
4 27 85 452 0 
9 50 171 914 0 
11 79 0 0 0 
2 15 80 393 0 
12 64 67 304 0 
10 39 184 1042 0 
4 18 62 353 0 
6 37 707 3694 0 
8 40 67 331 0 
5 31 22 127 0 
22 102 42 208 0 
4 25 33 142 0 
17 93 146 751 0 
7 36 46 229 0 
9 44 33 160 0 
7 29 16 95 0 
5 24 34 203 0 
15 97 118 554 0 
4 27 25 132 0 
2 9 25 132 0 
7 27 60 311 0 
4 19 59 279 0 
13 58 104 510 0 
5 30 10 42 0 
8 30 22 100 0 
2 9 25 104 0 
6 37 66 311 0 
10 71 15 72 0 
3 14 49 243 0 
56 265 0 0 0 
7 35 34 191 0 
7 44 164 839 0 
8 57 64 339 0 
3 14 40 198 0 
12 68 5 25 0 
2 13 31 159 0 
17 114 0 0 0 
4 53 0 0 0 
6 32 96 457 0 
10 61 0 0 0 
6 44 12 69 0 
3 22 79 443 0 
13 62 40 202 0 
4 20 39 184 0 
6 39 40 243 0 
20 89 0 0 0 
12 56 48 209 0 
3 18 73 354 0 
5 22 144 705 0 
18 88 0 0 0 
8 52 0 0 0 
3 24 31 173 0 
7 38 4 15 0 
10 63 62 327 0 
4 15 43 202 0 
7 34 35 189 0 
12 52 19 94 0 
14 81 0 0 0 
21 132 0 0 0 
11 45 97 466 0 
17 102 502 2468 0 
7 46 24 154 0 
9 54 0 0 0 
20 90 25 127 0 
6 34 58 305 0 
9 45 0 0 0 
12 52 33 163 0 
9 40 5 25 0 
14 78 28 142 0 
4 29 47 233 0 
3 19 20 126 0 
4 13 53 279 0 
20 95 62 304 0 
15 103 0 0 0 
13 66 39 187 0 
14 72 78 461 0 
8 32 3 12 0 
4 18 73 380 0 
14 76 52 259 0 
5 24 84 426 0 
2 16 25 106 0 
5 17 73 378 0 
6 32 52 262 0 
13 73 25 103 0 
9 46 56 276 0 
4 18 56 297 0 
6 39 5 21 0 
10 53 84 423 0 
10 52 38 193 0 
6 25 43 202 0 
21 105 0 0 0 
3 12 47 253 0 
6 43 130 760 0 
9 59 47 258 0 
2 9 27 123 0 
13 61 43 192 0 
6 28 49 268 0 
8 40 17 87 0 
5 20 263 1391 0 
13 58 6 27 0 
6 28 32 161 0 
8 36 37 170 0 
14 72 12 56 0 
2 14 21 101 0 
6 30 43 227 0 
4 30 173 861 0 
16 87 0 0 0 
3 18 67 348 0 
9 39 15 113 0 
2 11 25 130 0 
14 65 27 133 0 
10 44 18 100 0 
5 29 57 305 0 
4 12 43 193 0 
15 87 55 254 0 
8 48 23 113 0 
9 56 148 714 0 
5 42 69 361 0 
7 34 103 517 0 
10 45 32 145 0 
14 82 58 291 0 
5 41 220 1301 0 
11 60 75 336 0 
4 22 84 411 0 
7 34 46 238 0 
4 18 26 124 0 
11 60 155 828 0 
33 181 147 868 0 
4 26 91 468 0 
7 34 69 323 0 
21 91 50 241 0 
5 25 32 170 0 
18 88 22 100 0 
15 76 58 306 0 
4 16 47 266 0 
4 30 87 446 0 
3 8 26 150 0 
17 109 215 1152 0 
3 21 31 177 0 
17 76 0 0 0 
6 30 93 492 0 
9 35 0 0 0 
6 43 72 371 0 
5 31 61 271 0 
16 84 0 0 0 
5 24 390 1900 0 
3 19 27 144 0 
11 70 0 0 0 
5 18 69 313 0 
2 15 75 353 0 
2 15 93 481 0 
27 123 0 0 0 
9 53 300 1722 0 
5 23 78 348 0 
6 28 102 448 0 
15 74 20 120 0 
10 46 11 57 0 
16 64 105 500 0 
10 53 0 0 0 
3 12 24 121 0 
11 58 47 235 0 
6 34 41 211 0 
3 16 56 277 0 
3 19 224 1182 0 
11 54 116 567 0 
11 48 63 402 0 
5 24 52 248 0 
4 14 19 101 0 
3 15 1269 6735 0 
13 91 0 0 0 
7 46 0 0 0 
3 17 102 540 0 
5 27 0 0 0 
2 8 0 0 0 
21 119 0 0 0 
12 61 84 438 0 
2 7 28 141 0 
12 74 242 1316 0 
10 61 72 403 0 
13 73 51 237 0 
9 46 14 60 0 
7 34 57 293 0 
7 41 86 426 0 
10 48 283 1447 0 
9 64 83 518 0 
4 27 52 259 0 
8 35 12 55 0 
14 62 20 97 0 
9 48 130 630 0 
8 47 116 592 0 
9 48 83 517 0 
8 41 37 178 0 
9 32 38 180 0 
8 39 19 107 0 
8 34 32 176 0 
10 52 57 275 0 
11 74 0 0 0 
5 21 57 282 0 
9 33 62 281 0 
