10 50 0 0.0 
17 127 53 0.0 
13 81 168 0.0 
9 45 72 0.0246913580247 
11 73 46 0.0 
16 104 0 0.0 
3 15 37 0.0 
10 57 0 0.0 
12 70 0 0.333333333333 
26 132 88 0.0 
6 57 126 0.0 
5 30 51 0.0 
30 193 0 0.0 
13 72 55 0.0294117647059 
24 148 81 0.0 
14 86 42 0.0 
15 88 0 0.0 
7 39 74 0.0 
54 282 0 0.0185185185185 
4 21 36 0.0 
7 48 108 0.0 
15 73 0 0.0666666666667 
7 40 41 0.0416666666667 
16 87 93 0.0 
7 55 100 0.00934579439252 
9 52 28 0.0 
10 51 69 0.0506329113924 
15 88 41 0.0 
7 47 60 0.0149253731343 
14 83 109 0.0 
8 56 34 0.0 
22 108 139 0.0 
7 38 78 0.0 
4 34 101 0.0 
17 94 54 0.0 
9 40 48 0.0 
6 43 34 0.05 
10 58 30 0.0 
12 71 113 0.0 
6 36 120 0.0 
15 97 558 0.00523560209424 
17 92 40 0.0701754385965 
8 38 0 0.0 
20 128 67 0.0 
12 77 131 0.0 
17 90 60 0.0 
7 38 54 0.0 
12 77 51 0.0634920634921 
2 14 162 0.0 
11 59 45 0.0 
6 36 0 0.0 
8 48 76 0.0 
12 81 94 0.0 
11 53 98 0.0275229357798 
12 68 0 0.0833333333333 
6 39 69 0.0 
23 137 74 0.0 
12 67 174 0.00537634408602 
7 52 0 0.0 
8 36 286 0.0136054421769 
7 38 45 0.0 
4 20 226 0.0 
30 147 48 0.0 
4 42 190 0.0154639175258 
7 53 0 0.0 
14 75 92 0.0188679245283 
7 50 48 0.0 
8 50 72 0.025 
6 32 38 0.0227272727273 
6 43 72 0.0 
15 90 50 0.0 
5 40 84 0.0 
22 144 0 0.0 
10 59 71 0.0123456790123 
14 66 55 0.0289855072464 
19 104 113 0.00757575757576 
7 37 56 0.0 
19 101 39 0.0 
6 42 93 0.0 
6 46 48 0.0 
6 34 0 0.0 
7 51 93 0.0 
7 47 0 0.0 
5 30 107 0.0 
7 41 44 0.0 
12 71 50 0.0 
6 35 56 0.0 
8 47 1753 0.00738216922203 
7 52 91 0.0 
1 5 41 0.0 
40 264 0 0.0 
18 98 0 0.0555555555556 
8 39 153 0.0 
22 124 47 0.0 
13 76 122 0.00740740740741 
7 44 0 0.0 
8 62 0 0.0 
20 125 0 0.0 
11 61 110 0.0 
19 99 51 0.0 
12 81 0 0.0 
20 109 113 0.00751879699248 
9 43 145 0.0 
9 57 0 0.0 
8 68 34 0.0 
4 18 199 0.0 
7 37 57 0.015625 
9 44 275 0.0140845070423 
9 55 130 0.0 
20 138 63 0.0 
6 37 61 0.0149253731343 
19 99 394 0.0 
9 58 49 0.0 
13 79 44 0.0 
6 37 104 0.0 
20 113 171 0.0157068062827 
12 88 74 0.0 
5 26 0 0.0 
9 57 0 0.0 
12 67 0 0.0 
12 67 28 0.025 
15 90 0 0.0 
13 89 39 0.0 
34 186 101 0.00740740740741 
5 41 70 0.0 
4 25 46 0.0 
5 42 39 0.0 
16 96 67 0.0 
16 76 44 0.0166666666667 
5 38 100 0.0 
10 58 50 0.0 
6 48 89 0.0 
11 84 72 0.0 
4 19 95 0.040404040404 
9 40 61 0.0 
17 100 0 0.0 
3 24 51 0.0 
14 97 0 0.0 
11 60 71 0.0 
6 39 86 0.0108695652174 
13 79 73 0.0 
18 101 104 0.0 
7 41 89 0.0 
3 26 98 0.0 
21 125 62 0.0120481927711 
47 289 186 0.00858369098712 
12 79 0 0.0833333333333 
15 80 58 0.0 
7 46 595 0.0116279069767 
23 149 0 0.0 
8 55 0 0.0 
6 38 51 0.0175438596491 
26 134 0 0.0384615384615 
6 34 41 0.0 
7 37 37 0.0 
5 33 59 0.0 
20 111 79 0.010101010101 
5 29 59 0.0 
6 37 371 0.0026525198939 
17 96 0 0.0588235294118 
6 36 64 0.0 
22 105 129 0.00662251655629 
3 15 137 0.0 
13 62 47 0.0333333333333 
16 89 57 0.0 
7 46 43 0.0 
8 47 0 0.0 
12 70 430 0.00226244343891 
9 46 0 0.0 
9 43 254 0.0114068441065 
17 98 54 0.0 
26 130 58 0.0 
8 44 147 0.0322580645161 
8 52 0 0.0 
11 61 82 0.0 
7 48 91 0.0 
11 57 49 0.0 
14 74 81 0.0105263157895 
5 37 62 0.0 
6 48 177 0.0437158469945 
10 56 105 0.00869565217391 
7 34 93 0.0 
10 64 48 0.0 
13 75 55 0.0 
6 40 40 0.0217391304348 
13 71 57 0.0 
27 143 38 0.0 
9 48 158 0.0 
12 65 0 0.25 
2 15 37 0.0 
16 126 0 0.0625 
16 88 58 0.0 
7 49 68 0.0 
5 36 105 0.0181818181818 
3 20 37 0.0 
3 22 41 0.0 
7 47 62 0.0 
13 69 54 0.0 
28 161 41 0.0 
10 60 0 0.0 
12 59 64 0.0 
13 80 131 0.0138888888889 
3 24 419 0.00236966824645 
8 54 0 0.0 
8 35 83 0.010989010989 
7 37 63 0.0 
7 47 98 0.0 
5 27 85 0.0 
12 66 37 0.0 
14 75 77 0.010989010989 
8 40 56 0.0 
14 69 70 0.0 
5 26 91 0.0 
12 60 43 0.0 
7 42 83 0.0 
4 23 59 0.0 
9 53 229 0.0 
3 24 83 0.0 
17 105 383 0.0075 
14 82 45 0.0 
13 88 149 0.0 
15 90 52 0.0 
14 74 36 0.0 
13 64 157 0.0235294117647 
8 55 173 0.0110497237569 
6 39 61 0.0 
4 18 88 0.0 
20 111 0 0.0 
9 52 53 0.0161290322581 
9 55 0 0.222222222222 
3 21 0 0.0 
11 89 0 0.0 
13 74 69 0.0 
7 44 0 0.142857142857 
3 17 119 0.0 
46 300 0 0.0434782608696 
12 59 89 0.0 
15 81 0 0.0 
7 42 63 0.0 
3 19 41 0.0 
15 62 103 0.0254237288136 
15 89 107 0.0 
5 25 59 0.0 
12 62 74 0.0 
14 87 69 0.0 
14 68 65 0.0253164556962 
18 107 0 0.0 
10 58 65 0.0133333333333 
10 63 45 0.0 
9 60 54 0.0 
11 56 39 0.0 
11 65 90 0.0 
15 74 58 0.0 
7 41 101 0.00925925925926 
23 136 66 0.0 
8 44 83 0.0 
11 80 50 0.0 
22 148 160 0.0 
11 60 83 0.0 
7 39 0 0.0 
12 58 146 0.0 
10 65 65 0.0 
9 56 0 0.0 
8 45 101 0.0 
4 25 85 0.0224719101124 
10 58 36 0.0217391304348 
5 30 51 0.0 
19 105 661 0.0176470588235 
13 73 52 0.0461538461538 
7 43 97 0.0576923076923 
14 90 114 0.015625 
7 37 146 0.0 
27 146 0 0.0740740740741 
10 71 0 0.0 
11 71 113 0.0 
16 90 81 0.0 
5 33 39 0.0227272727273 
2 14 50 0.0 
7 41 71 0.0 
15 76 37 0.0 
20 111 67 0.0 
4 26 89 0.0 
15 74 47 0.0 
22 138 107 0.0 
27 157 60 0.0 
12 72 67 0.0 
31 205 39 0.0 
7 40 280 0.00696864111498 
3 16 37 0.0 
11 66 0 0.0 
10 65 0 0.0 
13 76 0 0.0 
9 54 0 0.0 
50 280 99 0.0 
7 42 41 0.0 
14 79 122 0.0 
21 122 40 0.0 
11 59 73 0.0 
6 41 37 0.0 
16 90 36 0.0192307692308 
4 30 46 0.0 
14 80 59 0.0 
10 62 0 0.0 
13 72 0 0.0 
16 103 56 0.0138888888889 
10 64 40 0.04 
31 226 0 0.0 
12 68 53 0.0307692307692 
18 97 44 0.0 
19 98 0 0.0 
3 18 43 0.0217391304348 
12 76 88 0.01 
13 81 60 0.0 
6 39 70 0.0 
14 77 0 0.0714285714286 
10 54 98 0.037037037037 
26 136 80 0.0 
43 231 86 0.093023255814 
21 118 51 0.0 
12 61 237 0.0 
11 64 39 0.0 
15 91 0 0.0 
7 36 497 0.00595238095238 
15 85 0 0.0666666666667 
15 85 58 0.0 
19 136 0 0.0 
10 51 0 0.0 
11 68 0 0.0 
9 51 45 0.0185185185185 
34 189 0 0.0 
26 146 0 0.0384615384615 
25 122 83 0.00925925925926 
9 72 204 0.0 
9 57 317 0.0122699386503 
28 157 0 0.0714285714286 
30 160 81 0.0 
8 54 0 0.125 
6 43 34 0.05 
15 87 0 0.0 
11 81 68 0.0253164556962 
26 126 53 0.0253164556962 
6 47 724 0.0013698630137 
26 161 481 0.0177514792899 
13 90 79 0.0 
3 12 37 0.05 
3 15 0 0.0 
14 91 206 0.00454545454545 
8 52 154 0.0 
16 78 54 0.0142857142857 
42 232 0 0.0238095238095 
19 114 286 0.00327868852459 
9 49 35 0.0 
5 41 0 0.0 
6 35 0 0.166666666667 
13 60 0 0.153846153846 
11 66 0 0.0 
9 62 0 0.0 
6 43 99 0.0 
6 36 58 0.0 
2 12 44 0.0 
12 77 61 0.0 
8 55 114 0.0 
7 29 137 0.00694444444444 
9 65 82 0.0 
6 38 110 0.0172413793103 
3 25 71 0.0 
6 41 95 0.0 
26 177 118 0.0138888888889 
5 29 63 0.0 
5 31 0 0.0 
20 108 30 0.0 
15 90 89 0.0 
23 120 84 0.018691588785 
9 50 0 0.0 
7 37 0 0.142857142857 
10 72 70 0.0 
10 57 61 0.0140845070423 
8 43 47 0.0545454545455 
7 44 86 0.0 
12 64 64 0.0 
5 31 65 0.0 
15 85 36 0.0 
11 68 76 0.0114942528736 
14 66 211 0.0 
16 80 54 0.0428571428571 
18 136 180 0.010101010101 
11 83 94 0.0 
16 82 68 0.0 
17 91 73 0.0 
4 28 47 0.0 
10 60 55 0.0 
22 123 251 0.0 
4 30 51 0.0 
16 91 0 0.0 
3 15 52 0.0181818181818 
8 50 83 0.0 
13 82 61 0.0 
14 87 50 0.015625 
12 60 57 0.0144927536232 
6 47 161 0.0119760479042 
16 89 145 0.00621118012422 
8 46 71 0.0253164556962 
13 86 40 0.0 
10 54 0 0.0 
6 36 202 0.00480769230769 
4 26 38 0.0238095238095 
11 69 92 0.0 
45 290 94 0.0 
2 16 60 0.0 
12 70 50 0.0 
13 67 96 0.0 
15 80 86 0.0 
7 33 0 0.0 
4 25 0 0.0 
9 58 36 0.0222222222222 
9 60 38 0.0 
7 41 0 0.0 
5 28 71 0.0 
32 231 0 0.0 
6 34 51 0.0 
8 49 68 0.0 
8 56 48 0.0 
15 69 64 0.0126582278481 
5 33 45 0.08 
8 38 62 0.0142857142857 
12 76 40 0.0 
11 66 47 0.0 
7 50 100 0.0 
12 68 1043 0.00568720379147 
12 57 38 0.0 
13 74 39 0.0 
4 24 124 0.0 
5 30 52 0.0 
19 98 68 0.0 
11 60 75 0.0 
8 45 228 0.0381355932203 
7 46 51 0.0 
16 85 56 0.0416666666667 
17 85 72 0.0337078651685 
8 57 176 0.0217391304348 
12 68 455 0.0 
2 17 73 0.0266666666667 
8 47 244 0.0238095238095 
17 112 55 0.0 
10 51 96 0.0377358490566 
10 61 48 0.0172413793103 
11 64 45 0.0178571428571 
15 73 47 0.0 
10 63 48 0.0 
4 23 71 0.0 
10 60 40 0.0 
14 103 47 0.0 
6 38 0 0.0 
9 49 73 0.0365853658537 
8 51 51 0.0169491525424 
3 29 58 0.016393442623 
6 43 34 0.05 
17 89 0 0.0 
18 101 173 0.0 
13 78 96 0.0 
4 30 92 0.0 
12 58 56 0.0147058823529 
11 54 45 0.0 
17 109 0 0.117647058824 
10 45 199 0.0478468899522 
11 63 0 0.0 
4 32 73 0.0 
14 81 40 0.0 
12 62 0 0.0 
10 41 105 0.0434782608696 
15 81 19 0.0 
10 59 80 0.0 
15 72 149 0.0 
27 136 111 0.0289855072464 
6 35 28 0.0 
7 38 109 0.0 
10 67 0 0.0 
11 64 0 0.0909090909091 
4 22 0 0.25 
7 36 52 0.0 
11 58 41 0.0 
15 83 97 0.0178571428571 
5 34 50 0.0363636363636 
12 86 0 0.0 
19 106 52 0.0 
11 70 61 0.0 
20 102 66 0.0 
9 58 0 0.0 
7 36 80 0.0229885057471 
6 28 318 0.0246913580247 
8 40 47 0.0 
6 52 0 0.0 
5 33 176 0.00552486187845 
9 46 92 0.00990099009901 
42 277 0 0.0238095238095 
16 105 136 0.0 
22 126 39 0.0 
9 65 110 0.0168067226891 
6 41 40 0.0 
14 90 50 0.0 
11 65 0 0.0909090909091 
12 63 0 0.0 
21 134 96 0.00854700854701 
12 63 48 0.0 
13 66 45 0.0 
8 44 107 0.0 
14 89 95 0.0183486238532 
14 88 129 0.0 
10 53 54 0.0 
9 61 57 0.030303030303 
5 37 53 0.0 
14 93 0 0.0 
5 27 108 0.0442477876106 
18 107 58 0.0657894736842 
10 51 45 0.0 
7 36 167 0.0 
8 47 119 0.0 
11 58 130 0.00709219858156 
15 93 38 0.0 
6 43 68 0.0 
23 124 115 0.0 
6 38 59 0.0153846153846 
16 96 0 0.0 
12 70 46 0.0344827586207 
8 51 21 0.0 
13 87 0 0.153846153846 
18 120 80 0.0 
10 67 136 0.013698630137 
15 79 62 0.012987012987 
13 67 60 0.013698630137 
15 85 0 0.0 
6 43 34 0.05 
8 58 64 0.0 
26 133 41 0.0 
43 256 132 0.0 
6 35 49 0.0 
7 37 0 0.0 
17 114 56 0.0 
12 79 15 0.0 
14 78 44 0.0 
5 48 51 0.0 
7 48 40 0.063829787234 
8 53 338 0.0 
23 117 133 0.025641025641 
4 26 87 0.0 
6 41 57 0.0 
9 45 76 0.0117647058824 
6 50 156 0.0 
6 48 37 0.0 
27 152 24 0.0 
9 48 132 0.00709219858156 
13 73 90 0.0291262135922 
8 45 64 0.0 
15 90 44 0.0 
7 48 107 0.0175438596491 
10 67 48 0.0 
4 28 133 0.0 
13 74 37 0.0 
5 37 90 0.0105263157895 
15 95 83 0.0 
6 31 52 0.0344827586207 
16 96 36 0.0 
20 132 0 0.0 
14 74 170 0.0054347826087 
8 42 35 0.0 
10 57 0 0.0 
8 60 66 0.0 
8 47 0 0.0 
9 42 82 0.0 
10 64 62 0.0138888888889 
11 73 40 0.0 
28 157 0 0.107142857143 
12 65 133 0.0 
10 55 116 0.0 
6 38 55 0.0 
9 49 0 0.0 
5 37 45 0.02 
7 39 70 0.0 
10 74 59 0.0 
5 27 38 0.0 
5 22 34 0.0 
11 68 0 0.0 
16 88 0 0.0 
7 41 51 0.0 
12 76 49 0.0 
19 113 48 0.0 
12 79 0 0.0 
3 18 46 0.0 
20 108 50 0.0142857142857 
8 57 232 0.00833333333333 
14 80 97 0.0900900900901 
9 48 40 0.0 
19 104 0 0.0 
4 17 39 0.0 
11 76 70 0.0123456790123 
19 111 47 0.0 
4 31 82 0.0 
2 13 123 0.0 
5 32 223 0.0263157894737 
15 106 0 0.0 
10 52 52 0.0 
7 39 65 0.0 
3 19 156 0.0251572327044 
10 58 113 0.0 
15 84 101 0.0172413793103 
4 23 203 0.0144927536232 
18 96 4 0.0 
6 29 212 0.0 
28 134 121 0.0201342281879 
6 37 56 0.0322580645161 
14 64 0 0.0 
3 16 41 0.0 
21 105 99 0.00833333333333 
16 83 43 0.0 
11 45 186 0.0456852791878 
7 41 22 0.0 
4 33 45 0.0 
3 21 59 0.0 
5 26 66 0.0 
14 80 304 0.0188679245283 
14 81 99 0.0 
6 47 86 0.0 
7 36 68 0.0 
9 53 211 0.0136363636364 
8 39 80 0.0 
10 60 148 0.0126582278481 
7 37 37 0.0 
16 83 232 0.0 
6 36 97 0.0873786407767 
4 21 37 0.0 
3 28 148 0.0 
17 116 14 0.0 
6 37 56 0.0322580645161 
10 58 102 0.0178571428571 
4 23 45 0.0 
28 154 89 0.0 
7 43 197 0.0343137254902 
18 85 175 0.0 
5 30 41 0.0 
18 98 153 0.0 
22 150 16 0.0 
6 33 230 0.021186440678 
12 53 52 0.015625 
22 117 198 0.0227272727273 
20 98 133 0.0392156862745 
12 76 16 0.0 
4 36 39 0.0 
10 65 203 0.0093896713615 
3 25 311 0.0031847133758 
5 37 70 0.0 
8 62 61 0.0 
5 40 50 0.0363636363636 
3 18 137 0.0 
9 40 60 0.0 
14 98 64 0.0 
4 26 175 0.0223463687151 
9 45 63 0.0 
13 75 108 0.0495867768595 
17 86 22 0.0 
7 40 131 0.00724637681159 
15 98 117 0.0 
12 80 154 0.0120481927711 
6 45 64 0.0 
5 35 196 0.00995024875622 
5 28 60 0.0 
12 61 253 0.00377358490566 
11 62 37 0.0 
2 18 125 0.0 
11 66 131 0.0 
11 68 107 0.0677966101695 
7 42 68 0.0133333333333 
5 35 81 0.0348837209302 
3 15 206 0.0382775119617 
7 53 191 0.00505050505051 
12 51 44 0.0 
9 61 140 0.0 
6 39 298 0.0 
6 36 97 0.0873786407767 
11 64 369 0.0131578947368 
25 141 56 0.0123456790123 
8 56 227 0.00851063829787 
3 18 41 0.0 
15 72 33 0.0 
13 77 50 0.0 
14 85 57 0.0281690140845 
21 123 215 0.0127118644068 
5 29 93 0.0 
5 32 96 0.019801980198 
4 24 155 0.0 
4 25 23 0.0 
19 93 221 0.0 
13 71 88 0.0 
9 54 154 0.0 
2 14 66 0.0 
7 45 267 0.0 
4 26 28 0.0 
6 41 132 0.0 
15 93 3 0.0 
12 65 24 0.0 
7 45 43 0.0 
30 155 0 0.0333333333333 
10 62 203 0.0234741784038 
12 56 419 0.0232018561485 
5 30 162 0.0 
9 46 40 0.0 
8 40 91 0.0 
39 217 217 0.0 
13 61 311 0.0216049382716 
29 144 144 0.0 
3 23 194 0.010152284264 
9 43 132 0.0 
22 102 151 0.0115606936416 
5 30 232 0.0042194092827 
10 66 109 0.0252100840336 
6 44 246 0.0119047619048 
7 33 151 0.0 
6 37 56 0.0322580645161 
5 35 137 0.00704225352113 
15 71 252 0.00749063670412 
9 60 79 0.0 
6 37 56 0.0322580645161 
24 137 130 0.038961038961 
12 50 52 0.0 
12 57 88 0.02 
16 106 50 0.0 
10 79 232 0.0123966942149 
10 51 138 0.0135135135135 
6 36 97 0.0873786407767 
20 112 60 0.0 
12 64 236 0.00806451612903 
9 45 374 0.00261096605744 
2 18 102 0.0 
7 51 200 0.0 
8 39 18 0.0 
9 52 38 0.0212765957447 
18 97 13 0.0322580645161 
10 41 0 0.0 
6 40 81 0.0229885057471 
8 35 265 0.00732600732601 
7 59 218 0.00444444444444 
4 26 126 0.00769230769231 
10 83 124 0.0223880597015 
26 129 347 0.0 
11 55 88 0.0 
10 49 35 0.0 
22 123 46 0.0 
12 60 75 0.0 
12 70 19 0.0 
8 48 32 0.0 
12 67 156 0.0178571428571 
14 98 140 0.00649350649351 
5 29 15 0.0 
9 47 181 0.0 
8 55 13 0.0 
22 130 160 0.00549450549451 
8 42 195 0.0197044334975 
14 75 145 0.0125786163522 
6 33 55 0.0 
5 39 85 0.0222222222222 
7 35 99 0.0 
15 82 131 0.0 
7 37 30 0.0 
9 43 199 0.0144230769231 
20 108 54 0.0 
7 40 111 0.0 
18 118 34 0.0 
16 96 51 0.0149253731343 
17 82 0 0.0 
5 27 169 0.0 
8 54 169 0.0 
20 113 360 0.0105263157895 
13 92 491 0.0337301587302 
8 58 546 0.00541516245487 
4 23 188 0.015625 
28 176 3 0.0 
20 105 29 0.0 
5 32 69 0.0 
13 70 639 0.00153374233129 
14 74 65 0.0 
6 30 225 0.017316017316 
13 69 112 0.008 
15 86 64 0.0 
10 68 91 0.029702970297 
13 79 65 0.0 
20 100 131 0.0198675496689 
22 111 36 0.0 
11 65 202 0.0093896713615 
14 84 298 0.00320512820513 
13 89 64 0.0 
16 104 2 0.0 
3 16 49 0.0 
6 37 56 0.0322580645161 
4 23 21 0.0 
8 54 52 0.0166666666667 
4 21 84 0.0 
14 72 53 0.0298507462687 
6 36 160 0.0 
9 50 31 0.0 
7 43 55 0.0161290322581 
10 58 496 0.0296442687747 
6 40 44 0.0 
8 46 87 0.0 
4 23 70 0.0135135135135 
11 58 221 0.0 
16 98 0 0.0 
7 37 43 0.0 
6 28 47 0.0188679245283 
4 32 193 0.00507614213198 
3 15 136 0.0 
11 70 214 0.0177777777778 
3 17 145 0.0 
20 131 98 0.0 
3 23 306 0.0129449838188 
5 31 83 0.0 
7 32 43 0.0 
11 57 40 0.0 
7 47 145 0.0263157894737 
3 17 40 0.0 
14 70 52 0.0 
18 91 150 0.00595238095238 
3 29 37 0.0 
8 48 51 0.0 
10 55 129 0.0 
20 131 53 0.0 
13 67 102 0.0 
8 46 43 0.0 
4 36 11 0.0 
21 112 74 0.0105263157895 
5 29 343 0.014367816092 
10 71 0 0.0 
19 94 176 0.0102564102564 
12 59 0 0.0 
7 34 32 0.0 
1 10 271 0.00367647058824 
4 19 78 0.0365853658537 
7 27 120 0.0 
2 17 40 0.0 
47 293 80 0.0 
10 70 81 0.0 
5 41 39 0.0 
34 196 0 0.0 
22 120 421 0.0 
22 107 346 0.00815217391304 
13 79 219 0.00862068965517 
7 35 20 0.0 
3 28 17 0.0 
8 40 49 0.0350877192982 
16 99 124 0.0 
5 35 168 0.0 
15 81 262 0.0108303249097 
14 75 105 0.0 
10 66 279 0.00692041522491 
9 51 0 0.0 
11 58 1010 0.0137120470127 
6 38 66 0.0138888888889 
3 19 159 0.0123456790123 
13 82 149 0.0 
11 51 66 0.012987012987 
8 50 144 0.0197368421053 
9 49 38 0.0 
20 92 326 0.0028901734104 
12 71 43 0.0 
5 43 91 0.0 
24 134 118 0.0140845070423 
32 158 574 0.0 
3 15 87 0.0222222222222 
7 54 271 0.00359712230216 
8 54 144 0.0 
19 105 16 0.0 
18 107 13 0.0322580645161 
2 18 35 0.0 
8 44 20 0.0 
10 53 498 0.0 
18 108 104 0.0 
8 53 861 0.0207134637514 
9 57 181 0.0157894736842 
11 81 252 0.0 
7 44 74 0.0 
7 45 25 0.0625 
11 75 134 0.0 
25 125 86 0.00900900900901 
9 69 18 0.0 
12 83 106 0.0 
5 29 95 0.0 
16 97 61 0.012987012987 
24 142 109 0.00751879699248 
3 18 60 0.0 
28 140 439 0.00642398286938 
5 34 103 0.00925925925926 
12 75 3 0.0666666666667 
5 33 37 0.047619047619 
5 40 251 0.0 
6 30 181 0.0 
19 104 154 0.0115606936416 
10 44 142 0.0 
19 94 163 0.010989010989 
32 176 331 0.0137741046832 
7 32 58 0.0307692307692 
5 36 155 0.01875 
6 36 164 0.0235294117647 
13 78 500 0.00194931773879 
25 159 283 0.0357142857143 
16 86 0 0.0 
6 34 77 0.0 
3 18 81 0.0238095238095 
8 40 71 0.0 
8 43 13 0.0 
2 20 15 0.0 
9 57 76 0.0117647058824 
12 60 86 0.0 
4 28 27 0.0 
7 39 117 0.00806451612903 
12 76 1964 0.0141700404858 
6 51 15 0.0 
6 42 46 0.0192307692308 
11 59 83 0.0 
5 45 60 0.0307692307692 
11 69 72 0.0120481927711 
4 24 87 0.010989010989 
5 32 148 0.0261437908497 
13 91 75 0.0113636363636 
6 48 443 0.0155902004454 
15 79 784 0.0337922403004 
11 60 68 0.0 
17 90 67 0.0119047619048 
12 72 167 0.0279329608939 
1 7 6 0.0 
5 36 151 0.0128205128205 
4 16 141 0.00689655172414 
5 35 24 0.0 
11 65 21 0.0 
8 48 33 0.0 
7 38 104 0.0 
8 50 32 0.025 
11 88 31 0.0 
29 159 512 0.00554528650647 
16 95 322 0.00591715976331 
11 52 320 0.0271903323263 
5 28 56 0.0 
7 46 92 0.0 
5 35 80 0.0235294117647 
11 67 31 0.0 
15 72 128 0.00699300699301 
17 116 48 0.0 
13 59 551 0.0124113475177 
10 61 77 0.0 
11 70 39 0.04 
8 57 56 0.046875 
18 104 59 0.0 
9 57 72 0.0 
9 54 185 0.0 
17 76 77 0.0 
17 106 48 0.0 
4 23 164 0.0119047619048 
9 34 44 0.0754716981132 
7 38 75 0.0 
14 79 467 0.002079002079 
10 68 91 0.029702970297 
2 14 113 0.0 
18 103 14 0.0625 
10 59 17 0.0 
5 33 285 0.0172413793103 
1 9 9 0.0 
4 23 53 0.0175438596491 
11 55 14 0.0 
17 84 264 0.0142348754448 
13 72 60 0.0547945205479 
13 48 60 0.013698630137 
15 77 504 0.0019267822736 
7 33 40 0.0425531914894 
13 69 228 0.0124481327801 
5 22 170 0.00571428571429 
9 49 159 0.0178571428571 
9 40 62 0.0 
14 77 83 0.0 
13 75 123 0.00735294117647 
7 44 102 0.0183486238532 
6 36 150 0.0128205128205 
5 29 104 0.045871559633 
11 52 388 0.0200501253133 
12 75 89 0.00990099009901 
9 43 0 0.0 
8 56 132 0.0428571428571 
7 32 73 0.0 
8 40 74 0.0 
5 32 84 0.0 
6 38 23 0.0 
7 53 130 0.036496350365 
17 72 32 0.0 
8 48 58 0.0 
13 62 242 0.0156862745098 
11 65 147 0.0316455696203 
9 47 40 0.0 
3 29 128 0.0 
10 61 39 0.0 
20 89 250 0.00740740740741 
13 71 149 0.0432098765432 
20 121 130 0.0 
5 28 409 0.0217391304348 
2 19 38 0.0 
12 65 323 0.00298507462687 
5 29 19 0.0 
7 41 128 0.0 
7 46 267 0.021897810219 
6 39 177 0.00546448087432 
13 59 304 0.0 
15 69 161 0.0113636363636 
9 53 143 0.0 
11 65 235 0.00813008130081 
11 58 106 0.0 
2 15 69 0.0 
16 82 133 0.00671140939597 
17 91 383 0.005 
19 96 357 0.0159574468085 
15 92 321 0.00297619047619 
14 70 119 0.015037593985 
7 36 193 0.015 
10 58 150 0.025 
12 71 0 0.0 
25 150 169 0.00515463917526 
6 36 97 0.0873786407767 
4 22 217 0.0 
6 40 81 0.0229885057471 
6 37 56 0.0322580645161 
2 7 25 0.0 
3 22 114 0.00854700854701 
5 31 80 0.0 
9 70 440 0.011135857461 
4 29 115 0.0 
6 41 33 0.0 
13 78 55 0.0 
6 38 175 0.0276243093923 
11 57 40 0.0 
7 39 118 0.04 
6 33 97 0.0 
29 148 82 0.00900900900901 
9 56 66 0.0 
6 30 56 0.0 
12 62 224 0.0 
7 27 447 0.00660792951542 
10 41 281 0.0103092783505 
4 32 34 0.0 
5 34 134 0.00719424460432 
11 42 97 0.00925925925926 
2 16 35 0.0 
4 42 35 0.0 
15 95 201 0.00925925925926 
7 40 26 0.0 
16 87 194 0.0 
7 41 22 0.0 
18 102 76 0.0 
2 18 276 0.0107913669065 
13 60 117 0.00769230769231 
6 37 56 0.0322580645161 
13 57 390 0.00992555831266 
8 47 88 0.0208333333333 
12 66 101 0.0 
18 89 98 0.0 
20 92 287 0.0 
12 61 210 0.0135135135135 
9 51 27 0.0 
5 37 286 0.0171821305842 
8 54 142 0.00666666666667 
10 51 100 0.0181818181818 
6 33 20 0.0 
5 34 164 0.0 
6 39 58 0.0 
16 86 161 0.0 
13 69 89 0.0196078431373 
9 49 95 0.0480769230769 
8 34 53 0.016393442623 
12 70 186 0.00505050505051 
6 33 144 0.0 
10 59 272 0.0106382978723 
15 71 274 0.0 
14 69 71 0.0235294117647 
16 69 157 0.00578034682081 
4 19 84 0.0 
36 185 69 0.0 
11 69 357 0.00271739130435 
6 32 160 0.0 
14 105 59 0.0 
15 78 250 0.00377358490566 
6 42 47 0.0 
6 38 26 0.125 
4 32 40 0.0 
19 128 136 0.00645161290323 
30 173 45 0.0133333333333 
9 51 535 0.00367647058824 
6 43 53 0.0 
12 62 257 0.0185873605948 
10 60 65 0.0133333333333 
10 69 13 0.0 
5 36 86 0.010989010989 
2 9 33 0.0571428571429 
19 101 13 0.03125 
19 95 283 0.0 
9 51 28 0.0 
15 84 243 0.0077519379845 
19 96 11 0.0 
5 29 43 0.0 
5 30 214 0.00456621004566 
17 87 13 0.0 
17 95 40 0.0 
3 25 45 0.0 
10 59 98 0.0 
11 65 222 0.00858369098712 
9 64 176 0.00540540540541 
4 32 108 0.0 
5 27 59 0.0 
3 19 44 0.0 
14 74 65 0.0 
4 17 156 0.00625 
26 130 29 0.0 
3 27 60 0.0 
11 49 64 0.0 
6 60 156 0.0 
12 61 164 0.0113636363636 
6 40 220 0.0 
9 56 164 0.0173410404624 
9 54 16 0.0 
11 58 137 0.027027027027 
20 146 85 0.0 
9 45 44 0.0 
13 62 238 0.0119521912351 
4 26 39 0.0 
5 34 106 0.00900900900901 
4 29 71 0.0 
11 69 150 0.0124223602484 
19 123 210 0.0174672489083 
7 29 232 0.00418410041841 
6 37 56 0.0322580645161 
11 63 110 0.0 
3 26 54 0.0175438596491 
12 55 48 0.0 
15 76 49 0.03125 
11 58 98 0.0183486238532 
20 130 72 0.0 
9 49 82 0.0 
5 27 87 0.0217391304348 
7 50 209 0.00925925925926 
9 49 89 0.0 
13 70 168 0.0 
11 76 41 0.0576923076923 
15 84 123 0.101449275362 
16 66 348 0.00274725274725 
15 80 43 0.0 
4 27 192 0.00510204081633 
13 67 95 0.0 
19 132 61 0.0 
13 69 427 0.0 
8 52 116 0.0 
8 37 84 0.0 
4 30 20 0.0 
3 17 76 0.0 
5 28 36 0.0 
11 56 187 0.00505050505051 
5 35 17 0.0 
12 62 308 0.003125 
8 49 56 0.0 
5 34 32 0.0 
4 19 39 0.0 
18 87 28 0.0 
11 50 311 0.0124223602484 
5 23 250 0.0117647058824 
11 55 209 0.0181818181818 
15 96 52 0.0298507462687 
11 57 181 0.0 
7 35 56 0.0 
18 102 43 0.0 
9 63 208 0.00921658986175 
12 72 179 0.00523560209424 
19 101 145 0.0 
7 50 206 0.0140845070423 
15 75 311 0.00306748466258 
10 61 108 0.0 
12 69 155 0.0059880239521 
8 50 399 0.002457002457 
5 47 196 0.00497512437811 
10 62 26 0.0 
11 54 5 0.0 
9 63 308 0.00630914826498 
11 54 95 0.0283018867925 
4 21 58 0.0 
6 44 29 0.0 
6 34 254 0.0307692307692 
3 25 69 0.0 
15 81 221 0.00847457627119 
9 46 79 0.0113636363636 
8 43 234 0.00826446280992 
4 31 71 0.0 
13 77 0 0.153846153846 
6 45 50 0.0 
10 65 83 0.0 
13 83 0 0.0 
14 83 124 0.0 
7 38 38 0.0222222222222 
9 51 121 0.0 
7 51 15 0.0 
15 107 106 0.0 
8 50 30 0.0 
6 42 105 0.0 
14 73 22 0.0 
16 93 38 0.0185185185185 
15 82 93 0.00925925925926 
10 60 163 0.0173410404624 
15 82 53 0.0 
14 86 194 0.00480769230769 
10 70 135 0.0206896551724 
5 28 59 0.0 
14 66 216 0.0304347826087 
5 29 29 0.0 
7 47 25 0.0 
9 57 34 0.0 
5 19 126 0.0381679389313 
23 131 192 0.0093023255814 
13 56 120 0.0 
3 26 72 0.0 
16 83 43 0.0 
21 102 82 0.0 
8 37 383 0.0179028132992 
18 112 27 0.0222222222222 
15 73 62 0.0 
18 91 292 0.0258064516129 
19 89 54 0.0 
7 32 103 0.00909090909091 
15 87 44 0.0 
7 43 81 0.0 
11 59 368 0.0 
9 61 14 0.0 
25 148 59 0.0 
5 40 71 0.0263157894737 
6 29 121 0.0 
8 44 143 0.0 
5 40 71 0.0263157894737 
8 39 33 0.0731707317073 
14 87 129 0.0 
14 80 33 0.0 
5 25 127 0.0 
11 60 55 0.030303030303 
4 25 31 0.0 
13 57 112 0.0 
3 18 59 0.0161290322581 
10 51 40 0.02 
4 35 23 0.0 
6 33 23 0.0 
8 48 88 0.03125 
8 45 234 0.0 
12 62 72 0.0 
11 74 176 0.0 
12 62 42 0.0 
8 58 51 0.0 
4 18 37 0.0243902439024 
18 96 304 0.0155279503106 
16 76 159 0.0 
13 61 94 0.0 
3 28 38 0.0 
16 85 96 0.00892857142857 
6 29 26 0.0 
8 35 152 0.0 
8 46 41 0.0 
8 53 26 0.0294117647059 
17 83 111 0.0234375 
12 83 190 0.00990099009901 
2 20 40 0.047619047619 
10 62 48 0.0 
6 37 56 0.0322580645161 
8 44 82 0.0444444444444 
9 54 30 0.0 
4 27 121 0.0 
15 84 16 0.0 
9 54 250 0.015444015444 
11 55 19 0.0 
3 20 48 0.0 
6 37 56 0.0322580645161 
8 61 256 0.00757575757576 
8 41 54 0.0483870967742 
5 40 71 0.0263157894737 
8 55 281 0.0207612456747 
16 71 351 0.00544959128065 
5 39 21 0.0 
14 76 288 0.0397350993377 
12 73 88 0.0 
13 68 61 0.0 
16 77 36 0.0 
4 31 102 0.0188679245283 
9 56 594 0.00331674958541 
3 25 93 0.0 
4 34 28 0.0625 
14 77 257 0.00369003690037 
12 74 26 0.0 
9 59 96 0.0190476190476 
6 42 83 0.0 
6 43 34 0.0 
8 52 1019 0.000973709834469 
18 81 86 0.00961538461538 
9 53 253 0.0152671755725 
10 65 201 0.00473933649289 
4 42 125 0.0 
20 97 0 0.0 
7 49 88 0.0 
9 47 38 0.0 
6 37 56 0.0322580645161 
4 35 49 0.0 
16 93 39 0.0 
7 31 109 0.00862068965517 
25 116 247 0.0 
6 39 37 0.0 
14 82 6 0.0 
8 52 49 0.0 
10 65 40 0.0 
24 127 371 0.00759493670886 
14 75 211 0.0222222222222 
13 55 285 0.0201342281879 
12 76 48 0.0 
9 44 39 0.0208333333333 
6 29 289 0.0271186440678 
7 40 292 0.0301003344482 
18 97 9 0.0 
9 52 101 0.0 
4 32 31 0.0 
9 46 78 0.0114942528736 
12 72 300 0.0448717948718 
4 28 119 0.0243902439024 
4 41 20 0.0 
3 29 26 0.0 
8 50 40 0.0 
12 80 7 0.0526315789474 
6 38 132 0.00724637681159 
12 70 0 0.0 
12 52 52 0.0625 
7 41 112 0.0 
7 42 43 0.0 
10 66 331 0.0410557184751 
9 40 381 0.00769230769231 
4 29 232 0.0127118644068 
24 125 92 0.00862068965517 
18 93 118 0.0 
19 138 124 0.0 
19 89 110 0.0 
9 53 50 0.0169491525424 
9 49 35 0.0 
15 82 44 0.0 
12 53 85 0.0 
11 47 594 0.0115702479339 
6 43 17 0.0 
8 46 16 0.0 
4 23 76 0.0 
4 28 46 0.02 
3 28 61 0.0 
9 44 184 0.00518134715026 
5 39 36 0.0 
12 49 138 0.02 
12 65 126 0.0144927536232 
11 55 15 0.0 
3 18 92 0.0105263157895 
14 100 62 0.0526315789474 
12 67 1557 0.0114722753346 
30 152 239 0.0148698884758 
3 25 29 0.0 
12 71 149 0.0 
13 51 24 0.0 
8 41 105 0.0 
25 130 96 0.0 
4 30 66 0.0142857142857 
13 72 50 0.0 
5 26 222 0.0132158590308 
15 74 83 0.0102040816327 
8 68 208 0.00462962962963 
6 45 44 0.0 
17 87 92 0.0 
7 42 105 0.0 
9 62 95 0.0384615384615 
10 56 138 0.0 
3 14 123 0.015873015873 
7 54 122 0.0 
10 68 80 0.0 
3 22 68 0.0140845070423 
26 123 328 0.0112994350282 
9 43 170 0.0 
8 49 61 0.0 
33 163 18 0.0 
5 34 394 0.00501253132832 
6 38 107 0.00884955752212 
5 37 56 0.0 
17 97 52 0.0 
4 34 161 0.0 
9 41 123 0.0 
10 49 163 0.00578034682081 
10 69 102 0.0178571428571 
14 88 76 0.0111111111111 
4 19 336 0.0176470588235 
4 29 35 0.0 
11 72 92 0.0291262135922 
8 44 88 0.0 
6 37 56 0.0322580645161 
4 26 31 0.0285714285714 
9 40 339 0.0114942528736 
6 23 181 0.00534759358289 
6 43 128 0.0 
16 67 117 0.0300751879699 
17 98 74 0.010989010989 
7 26 232 0.00836820083682 
5 26 34 0.0 
7 38 42 0.0 
3 33 67 0.0 
5 39 54 0.0169491525424 
5 33 49 0.0 
4 27 176 0.0111111111111 
14 90 16 0.0 
7 32 62 0.0289855072464 
3 21 68 0.0 
5 34 135 0.00714285714286 
14 80 162 0.0113636363636 
8 51 185 0.0 
2 13 144 0.0 
3 18 158 0.0186335403727 
21 108 0 0.0 
7 41 47 0.0 
9 63 86 0.0 
7 59 959 0.00103519668737 
16 79 96 0.0357142857143 
11 70 26 0.0 
13 75 63 0.0 
6 38 156 0.0 
5 37 71 0.0 
14 85 8 0.0 
9 57 18 0.0 
2 14 47 0.0 
6 40 81 0.0229885057471 
7 38 81 0.0 
3 25 254 0.00778210116732 
5 42 127 0.00757575757576 
7 50 51 0.0 
3 14 340 0.166180758017 
7 36 75 0.0 
14 85 5 0.0 
14 93 450 0.0 
12 73 224 0.00847457627119 
7 42 113 0.00833333333333 
10 70 107 0.136752136752 
8 57 156 0.0 
8 41 151 0.0188679245283 
13 77 178 0.0104712041885 
7 27 131 0.0217391304348 
11 62 44 0.0 
6 42 26 0.125 
10 47 194 0.00490196078431 
14 83 18 0.0 
16 78 239 0.0196078431373 
9 63 283 0.0171232876712 
3 17 85 0.0227272727273 
13 90 223 0.0 
23 100 15 0.0 
5 34 47 0.0 
40 210 45 0.0 
4 19 80 0.0 
12 69 41 0.0 
14 72 162 0.0 
8 42 26 0.0 
3 24 154 0.0254777070064 
4 31 57 0.0 
4 19 269 0.010989010989 
9 67 37 0.0 
3 20 48 0.0 
3 25 56 0.0 
7 43 47 0.0 
9 66 137 0.0 
4 14 100 0.00961538461538 
16 84 148 0.0 
3 13 24 0.0 
15 66 32 0.0 
3 23 149 0.0131578947368 
43 202 202 0.0 
7 49 21 0.0714285714286 
16 82 165 0.0497237569061 
8 44 93 0.0 
13 75 25 0.0 
15 84 14 0.0 
4 25 39 0.0 
19 95 276 0.0203389830508 
7 53 133 0.0214285714286 
8 46 389 0.00251889168766 
3 25 104 0.0 
12 56 154 0.0 
4 19 310 0.0031847133758 
8 37 146 0.0 
9 55 253 0.00381679389313 
8 68 428 0.00688073394495 
5 36 95 0.02 
17 89 612 0.00476947535771 
15 89 37 0.0 
4 18 33 0.0 
6 53 100 0.0 
4 25 200 0.00490196078431 
10 53 19 0.0344827586207 
8 47 62 0.0428571428571 
7 40 3 0.0 
10 68 76 0.0 
13 84 149 0.00617283950617 
25 135 270 0.00338983050847 
7 33 153 0.00625 
13 78 124 0.0 
10 59 125 0.0 
4 35 33 0.0 
17 101 0 0.0 
18 117 95 0.0 
11 69 26 0.0540540540541 
5 35 170 0.0114285714286 
11 83 197 0.00961538461538 
5 32 38 0.0232558139535 
6 38 236 0.0 
13 68 184 0.00507614213198 
10 61 100 0.0 
7 41 9 0.0 
3 18 65 0.0 
6 32 16 0.0 
5 28 78 0.0120481927711 
3 17 37 0.0 
12 70 94 0.00943396226415 
6 35 66 0.0 
7 42 257 0.00378787878788 
9 39 308 0.00630914826498 
5 35 87 0.0108695652174 
3 29 102 0.0285714285714 
7 42 105 0.0178571428571 
5 36 74 0.0253164556962 
10 60 169 0.00558659217877 
6 38 136 0.00704225352113 
14 69 174 0.0 
12 53 117 0.0 
24 123 157 0.0386740331492 
12 58 241 0.0118577075099 
7 39 116 0.0243902439024 
5 33 40 0.0 
8 47 104 0.0 
11 57 232 0.0 
12 74 26 0.0 
6 29 878 0.0 
8 40 12 0.05 
9 57 314 0.0030959752322 
6 44 43 0.0 
8 36 58 0.0151515151515 
14 88 97 0.0 
8 55 46 0.0 
12 71 153 0.0484848484848 
4 30 63 0.0 
10 64 0 0.0 
7 44 577 0.013698630137 
9 58 0 0.0 
9 54 94 0.0 
7 49 86 0.010752688172 
6 44 241 0.0890688259109 
4 19 0 0.25 
12 66 129 0.0141843971631 
13 81 145 0.0 
10 66 0 0.0 
19 98 54 0.027397260274 
7 49 23 0.0333333333333 
10 65 191 0.0298507462687 
7 52 26 0.0 
8 57 338 0.0549132947977 
19 100 378 0.0 
13 61 158 0.00584795321637 
10 53 34 0.0 
3 27 134 0.021897810219 
2 22 147 0.0134228187919 
20 96 0 0.0 
4 19 68 0.0 
9 64 150 0.0188679245283 
7 48 88 0.0 
5 31 42 0.0 
11 76 0 0.0 
5 29 37 0.0 
5 34 141 0.0 
12 57 0 0.0 
5 36 124 0.0 
10 53 63 0.0 
8 51 19 0.0 
36 277 0 0.0 
7 61 66 0.013698630137 
9 57 75 0.0 
3 16 0 0.0 
17 103 7 0.0 
8 50 39 0.0212765957447 
3 24 232 0.0 
3 20 71 0.027027027027 
7 43 114 0.0 
19 118 0 0.0 
8 56 0 0.0 
3 27 69 0.0138888888889 
9 50 0 0.222222222222 
6 43 77 0.0602409638554 
11 61 271 0.00354609929078 
3 19 56 0.0 
8 39 37 0.0222222222222 
3 30 31 0.0 
5 31 84 0.0224719101124 
6 48 0 0.0 
3 19 0 0.0 
6 39 82 0.0 
7 42 105 0.0267857142857 
3 34 68 0.0 
3 20 114 0.017094017094 
5 35 0 0.0 
8 53 0 0.0 
6 55 0 0.0 
12 79 198 0.00952380952381 
8 54 13 0.0 
15 79 127 0.0 
8 52 59 0.0 
2 18 46 0.0 
6 33 0 0.0 
14 78 107 0.0 
4 25 0 0.0 
12 75 209 0.0316742081448 
10 55 51 0.0 
6 41 69 0.0266666666667 
6 45 258 0.00757575757576 
15 80 0 0.0 
9 64 0 0.0 
5 30 0 0.2 
13 73 16 0.0 
3 27 0 0.0 
9 59 0 0.111111111111 
7 35 0 0.0 
9 49 0 0.0 
9 44 200 0.0765550239234 
5 32 23 0.0 
8 58 658 0.316816816817 
9 68 147 0.025641025641 
5 26 109 0.0 
7 34 0 0.142857142857 
12 75 127 0.0143884892086 
8 49 110 0.00847457627119 
2 11 35 0.0540540540541 
6 38 427 0.0115473441109 
5 24 81 0.0 
6 38 123 0.031007751938 
25 159 23 0.0 
20 132 0 0.0 
21 116 164 0.0 
8 60 197 0.0243902439024 
5 45 68 0.027397260274 
6 41 32 0.0 
14 97 0 0.0714285714286 
5 34 0 0.0 
14 120 42 0.0 
19 95 211 0.0130434782609 
8 57 133 0.0 
5 40 37 0.0238095238095 
4 32 325 0.0334346504559 
1 10 92 0.0215053763441 
4 26 76 0.0 
6 46 63 0.0 
3 28 69 0.0138888888889 
12 61 26 0.0 
3 28 25 0.0 
4 30 90 0.0106382978723 
4 26 105 0.0 
8 43 103 0.018018018018 
3 24 92 0.0 
3 17 0 0.0 
4 39 80 0.0 
10 78 6 0.0 
3 25 130 0.0225563909774 
17 109 42 0.0338983050847 
4 22 48 0.0 
10 67 271 0.0 
19 122 0 0.0526315789474 
6 29 0 0.166666666667 
8 58 23 0.0 
3 27 60 0.0 
9 53 0 0.0 
13 67 32 0.0 
7 40 34 0.0 
4 26 29 0.0 
6 40 63 0.0 
12 62 0 0.0 
18 88 38 0.0 
25 134 0 0.0 
11 78 0 0.0 
3 17 24 0.0 
11 66 102 0.0 
8 51 0 0.0 
29 155 0 0.0 
16 104 0 0.0 
19 107 0 0.157894736842 
7 41 107 0.0 
2 14 0 0.0 
23 127 10 0.0606060606061 
14 113 0 0.0 
10 56 85 0.0736842105263 
11 63 0 0.0 
6 32 145 0.0198675496689 
4 27 23 0.0 
5 41 49 0.0 
5 37 71 0.0 
9 55 56 0.0 
11 65 5 0.0 
3 14 96 0.020202020202 
21 119 3616 0.0214462469068 
6 41 147 0.00653594771242 
7 40 101 0.0277777777778 
10 66 0 0.0 
4 27 11 0.0 
7 45 0 0.0 
4 39 0 0.0 
7 47 123 0.0153846153846 
10 53 100 0.0818181818182 
11 85 298 0.0226537216828 
15 92 44 0.0 
8 44 71 0.0 
8 47 0 0.0 
14 85 112 0.0 
4 15 24 0.0 
9 49 0 0.111111111111 
3 21 43 0.108695652174 
15 107 119 0.0597014925373 
5 30 122 0.0472440944882 
6 35 21 0.0 
4 33 159 0.0 
8 43 103 0.018018018018 
5 28 145 0.00666666666667 
12 83 19 0.0 
4 25 71 0.0666666666667 
11 72 149 0.01875 
15 78 13 0.0 
8 54 412 0.0190476190476 
9 51 53 0.0 
9 61 416 0.0164705882353 
2 16 103 0.0 
13 88 21 0.0 
8 40 0 0.0 
9 48 0 0.0 
15 100 0 0.0 
7 44 0 0.0 
9 40 113 0.00819672131148 
8 71 74 0.0 
4 34 74 0.0 
6 47 0 0.0 
6 38 0 0.0 
10 63 92 0.0 
4 20 0 0.0 
8 51 44 0.0 
9 36 0 0.0 
17 94 129 0.0 
10 68 0 0.0 
3 19 98 0.049504950495 
6 58 80 0.0 
3 19 104 0.0 
20 110 140 0.00625 
6 37 140 0.013698630137 
8 42 85 0.0215053763441 
7 55 88 0.0 
7 36 12 0.0 
8 44 146 0.012987012987 
14 72 123 0.0 
12 66 7 0.0526315789474 
8 41 60 0.117647058824 
16 96 207 0.00896860986547 
11 76 59 0.0 
7 37 65 0.0 
4 24 117 0.0330578512397 
4 45 123 0.0157480314961 
8 42 85 0.0215053763441 
10 44 225 0.0 
14 89 0 0.0 
19 112 58 0.0649350649351 
9 49 187 0.0459183673469 
14 61 73 0.0114942528736 
7 50 72 0.0 
8 47 0 0.0 
4 47 44 0.0 
6 30 0 0.0 
13 83 0 0.0 
15 83 0 0.0 
4 30 386 0.0 
9 54 79 0.0 
15 89 220 0.0127659574468 
9 63 104 0.0442477876106 
12 60 80 0.0108695652174 
39 258 0 0.0 
6 35 162 0.0119047619048 
5 40 33 0.0 
12 91 0 0.0 
7 35 0 0.0 
24 155 11 0.0 
17 98 451 0.0683760683761 
10 52 109 0.0336134453782 
15 102 189 0.00980392156863 
4 24 108 0.00892857142857 
10 58 33 0.0 
5 29 57 0.0161290322581 
8 52 190 0.020202020202 
6 46 0 0.0 
9 59 62 0.0 
7 50 0 0.0 
12 73 89 0.0 
7 41 69 0.0 
11 76 0 0.0 
3 18 0 0.0 
4 22 114 0.00847457627119 
12 62 210 0.0720720720721 
4 20 0 0.0 
5 39 53 0.0 
13 79 446 0.0261437908497 
6 38 0 0.0 
16 97 95 0.027027027027 
16 107 133 0.0 
14 77 41 0.0 
6 38 365 0.0 
10 79 0 0.1 
9 60 96 0.12380952381 
7 33 45 0.0 
26 155 230 0.0 
8 43 103 0.018018018018 
3 27 84 0.0 
8 54 0 0.125 
8 52 159 0.0059880239521 
5 33 70 0.0 
13 67 75 0.0113636363636 
5 41 153 0.0379746835443 
9 55 180 0.0899470899471 
9 58 94 0.155339805825 
7 31 43 0.0 
7 43 37 0.0 
10 85 0 0.0 
28 166 0 0.0 
10 66 58 0.0147058823529 
11 53 46 0.0 
14 106 20 0.0294117647059 
15 93 18 0.0 
6 47 192 0.020202020202 
4 33 126 0.0 
8 43 103 0.018018018018 
7 43 74 0.0 
5 34 0 0.0 
7 38 0 0.0 
10 66 130 0.00714285714286 
13 82 123 0.0220588235294 
9 61 94 0.0 
7 35 265 0.0257352941176 
5 51 81 0.0116279069767 
22 129 5 0.0 
17 107 0 0.0 
5 39 85 0.0333333333333 
41 287 0 0.0 
8 42 85 0.0215053763441 
14 66 28 0.0 
6 37 87 0.0 
7 43 129 0.0220588235294 
12 81 118 0.0230769230769 
8 58 371 0.0105540897098 
11 64 0 0.0 
3 22 56 0.0847457627119 
15 78 92 0.0 
4 29 52 0.0 
7 45 0 0.0 
15 88 0 0.0666666666667 
12 64 14 0.0 
8 49 99 0.00934579439252 
13 88 0 0.0 
5 42 55 0.0 
6 46 0 0.0 
19 114 173 0.0260416666667 
7 37 95 0.156862745098 
5 37 112 0.034188034188 
3 24 159 0.0 
6 42 0 0.0 
43 259 0 0.0 
7 41 90 0.0103092783505 
7 48 44 0.0 
12 64 0 0.0 
7 59 126 0.0 
5 31 98 0.0194174757282 
6 31 220 0.0 
5 31 65 0.0142857142857 
13 88 0 0.0769230769231 
4 25 0 0.0 
8 63 83 0.010989010989 
6 39 38 0.0 
7 39 171 0.0 
7 48 46 0.0 
5 35 70 0.0133333333333 
6 37 50 0.0 
15 79 99 0.0614035087719 
3 20 24 0.0 
3 26 62 0.0 
6 46 28 0.0 
4 29 21 0.0 
3 19 41 0.0 
5 39 101 0.0 
6 34 0 0.0 
3 21 0 0.0 
6 44 88 0.0 
7 36 30 0.0 
10 66 0 0.0 
5 41 34 0.0 
2 13 52 0.0 
9 48 77 0.0 
13 75 113 0.031746031746 
4 40 117 0.0413223140496 
13 69 0 0.0 
12 71 0 0.0 
9 53 123 0.030303030303 
3 32 18 0.0 
6 33 77 0.0120481927711 
16 104 28 0.0909090909091 
19 89 14 0.0 
17 99 82 0.0 
24 114 292 0.0126582278481 
7 35 160 0.0239520958084 
18 108 166 0.0489130434783 
12 61 22 0.0 
9 60 0 0.0 
14 73 187 0.0 
10 58 0 0.0 
4 30 30 0.0 
3 19 27 0.0 
12 72 93 0.0190476190476 
6 53 74 0.0 
9 58 68 0.0 
10 55 73 0.0120481927711 
9 57 81 0.0 
7 65 0 0.0 
13 63 0 0.0769230769231 
11 74 103 0.0175438596491 
14 81 160 0.0229885057471 
4 25 49 0.0377358490566 
7 39 61 0.0 
9 57 142 0.00662251655629 
5 38 72 0.0 
8 62 0 0.0 
17 80 68 0.0823529411765 
2 17 98 0.0 
7 39 99 0.0 
3 22 365 0.0 
16 80 85 0.0 
6 36 35 0.0 
4 19 0 0.0 
12 75 0 0.0 
7 45 0 0.0 
5 25 76 0.0 
14 86 121 0.0148148148148 
3 17 29 0.0 
6 40 91 0.0 
10 49 74 0.0 
7 35 12 0.105263157895 
39 198 0 0.0512820512821 
10 65 0 0.0 
27 159 0 0.037037037037 
10 54 166 0.0113636363636 
4 40 27 0.0 
3 18 159 0.00617283950617 
7 37 108 0.0 
3 15 70 0.0 
3 14 0 0.0 
7 38 20 0.0 
9 45 169 0.0393258426966 
21 148 0 0.0 
4 26 21 0.0 
5 31 59 0.0 
11 69 120 0.00763358778626 
32 152 47 0.0 
2 20 63 0.0 
17 115 0 0.0588235294118 
13 89 174 0.0160427807487 
8 43 103 0.018018018018 
9 67 133 0.0211267605634 
5 33 164 0.0 
5 37 69 0.0135135135135 
5 27 102 0.0 
6 38 138 0.00694444444444 
13 76 0 0.0 
8 50 46 0.0 
4 35 73 0.0 
8 42 85 0.0215053763441 
8 40 0 0.0 
7 32 0 0.0 
8 41 0 0.0 
6 42 0 0.0 
5 45 35 0.05 
13 95 0 0.0 
2 22 93 0.0 
20 129 126 0.0 
3 22 0 0.0 
5 33 119 0.0 
12 75 138 0.0133333333333 
7 51 0 0.0 
2 17 80 0.0 
9 56 0 0.111111111111 
16 94 33 0.0 
10 59 60 0.0 
14 83 108 0.016393442623 
7 46 97 0.00961538461538 
40 256 0 0.0 
4 25 104 0.0185185185185 
5 36 67 0.0 
5 49 0 0.0 
12 77 0 0.0 
15 89 97 0.0 
9 53 156 0.00606060606061 
3 24 110 0.0442477876106 
13 74 0 0.0 
18 103 164 0.0 
5 42 70 0.0 
15 83 94 0.00917431192661 
3 28 69 0.0 
7 48 48 0.0 
23 150 343 0.00819672131148 
7 49 41 0.0 
17 103 211 0.0 
3 28 80 0.0 
8 35 95 0.00970873786408 
6 35 77 0.0602409638554 
6 47 114 0.0 
27 142 0 0.111111111111 
4 24 56 0.0 
9 53 236 0.0 
10 70 34 0.0 
16 98 125 0.0 
29 152 307 0.0 
3 32 158 0.0248447204969 
5 44 0 0.0 
7 36 126 0.0300751879699 
11 65 88 0.020202020202 
6 29 97 0.0 
7 39 18 0.0 
6 41 0 0.0 
27 144 0 0.0 
5 33 62 0.0 
23 117 431 0.00440528634361 
10 50 87 0.0309278350515 
5 52 159 0.00609756097561 
19 126 45 0.0 
12 63 51 0.015873015873 
20 130 0 0.05 
7 35 87 0.148936170213 
24 111 243 0.0224719101124 
10 55 170 0.0388888888889 
10 53 11 0.0 
15 88 144 0.0 
12 75 0 0.0 
10 49 170 0.0944444444444 
13 86 37 0.0 
2 18 165 0.0 
4 24 0 0.0 
6 37 124 0.0307692307692 
8 50 23 0.0 
8 41 100 0.0 
13 79 33 0.0 
10 56 0 0.0 
8 43 103 0.018018018018 
8 57 70 0.0128205128205 
5 32 84 0.0112359550562 
10 68 0 0.0 
17 98 29 0.0434782608696 
17 109 109 0.00793650793651 
6 49 217 0.00448430493274 
15 102 1161 0.000850340136054 
15 88 0 0.0666666666667 
5 33 96 0.0 
4 34 130 0.0 
6 33 49 0.0363636363636 
8 59 37 0.0 
6 47 232 0.00420168067227 
7 37 189 0.0357142857143 
5 32 63 0.0 
15 113 4 0.0 
11 53 0 0.0 
11 61 97 0.0185185185185 
6 45 0 0.0 
5 33 72 0.0 
4 30 7 0.0 
7 33 91 0.0102040816327 
7 37 47 0.0185185185185 
9 57 67 0.0 
14 77 63 0.0 
17 116 163 0.0111111111111 
5 36 84 0.0337078651685 
10 65 31 0.0 
9 51 361 0.0108108108108 
7 41 105 0.0 
7 57 84 0.0 
3 19 105 0.0 
13 83 34 0.0 
27 161 47 0.0135135135135 
8 42 21 0.0 
13 93 0 0.0 
11 70 145 0.0192307692308 
14 70 459 0.00422832980973 
4 30 45 0.0 
16 72 220 0.0 
4 28 0 0.0 
4 19 125 0.0077519379845 
7 49 10 0.0 
6 36 328 0.0299401197605 
4 32 35 0.0 
11 62 47 0.0 
6 39 84 0.0222222222222 
8 64 253 0.0306513409962 
7 43 35 0.0 
7 49 47 0.0 
9 44 86 0.0 
11 72 44 0.0 
6 28 63 0.0144927536232 
12 74 187 0.0150753768844 
10 63 78 0.0 
8 51 26 0.0 
9 35 50 0.0 
3 20 72 0.0266666666667 
6 36 71 0.025974025974 
10 78 0 0.0 
9 55 164 0.0 
6 39 40 0.0434782608696 
3 18 52 0.0 
11 61 125 0.102941176471 
8 61 31 0.0 
15 80 0 0.0 
12 77 125 0.021897810219 
4 27 53 0.0 
17 98 0 0.0588235294118 
12 77 0 0.0 
4 24 166 0.0117647058824 
11 75 57 0.0 
9 42 91 0.08 
4 31 166 0.00588235294118 
16 87 56 0.0 
2 19 0 0.0 
9 58 171 0.0 
10 66 0 0.0 
6 64 0 0.0 
4 27 17 0.0 
9 52 0 0.0 
15 96 90 0.0 
12 64 87 0.0 
10 54 75 0.0 
4 23 74 0.0 
2 15 156 0.0316455696203 
15 107 255 0.0037037037037 
10 49 0 0.0 
7 44 79 0.0 
17 120 101 0.0 
7 34 86 0.0 
10 72 0 0.1 
13 67 52 0.0 
14 69 0 0.0714285714286 
3 22 154 0.00636942675159 
3 30 48 0.0 
7 49 0 0.0 
3 24 209 0.0 
4 20 340 0.0 
10 54 325 0.0358208955224 
11 64 158 0.0236686390533 
6 37 147 0.0653594771242 
5 30 0 0.0 
8 40 148 0.0192307692308 
5 22 55 0.05 
4 28 167 0.0116959064327 
6 39 62 0.0 
7 48 0 0.0 
7 54 83 0.0 
9 81 593 0.0132890365449 
7 47 0 0.0 
5 29 38 0.046511627907 
9 60 0 0.0 
7 48 22 0.0 
8 54 99 0.00934579439252 
4 33 22 0.0 
11 67 151 0.0246913580247 
28 174 41 0.0 
17 86 93 0.00909090909091 
18 90 214 0.0129310344828 
16 99 0 0.0 
8 45 0 0.0 
6 41 0 0.0 
12 69 16 0.0 
4 28 74 0.0384615384615 
4 27 0 0.0 
18 98 0 0.0 
10 57 0 0.0 
11 74 38 0.0 
6 35 0 0.0 
7 43 0 0.0 
11 84 204 0.0 
12 63 208 0.0 
8 38 156 0.0426829268293 
14 75 0 0.0 
7 48 0 0.142857142857 
16 81 53 0.0 
8 70 160 0.0119047619048 
6 54 0 0.0 
7 44 65 0.0 
2 14 82 0.0 
4 37 177 0.0165745856354 
3 22 109 0.0446428571429 
5 32 727 0.0204918032787 
16 85 134 0.0 
17 87 67 0.0 
8 59 75 0.0 
13 88 86 0.0 
4 30 103 0.0 
9 53 0 0.222222222222 
4 22 73 0.0 
4 31 0 0.0 
5 43 67 0.0 
9 41 42 0.0 
19 97 253 0.0 
4 28 88 0.0217391304348 
7 50 100 0.0 
7 39 53 0.116666666667 
4 26 74 0.0 
5 39 50 0.0 
12 82 69 0.0 
10 49 0 0.0 
3 23 41 0.0 
9 61 63 0.0 
8 35 0 0.125 
4 20 235 0.00836820083682 
9 52 0 0.0 
5 26 25 0.0 
10 52 46 0.0 
8 54 223 0.017316017316 
7 56 0 0.0 
5 31 85 0.0333333333333 
3 21 145 0.0135135135135 
3 19 0 0.0 
4 44 51 0.0 
7 67 61 0.0 
8 41 49 0.0 
15 91 0 0.0 
6 35 145 0.0 
3 20 249 0.00396825396825 
8 55 240 0.0604838709677 
5 27 125 0.0538461538462 
9 44 94 0.0194174757282 
12 61 19 0.0 
8 64 0 0.125 
5 29 0 0.0 
8 50 71 0.0759493670886 
16 106 0 0.0 
9 53 0 0.0 
11 77 0 0.0 
7 32 42 0.0 
2 12 0 0.0 
9 66 32 0.0 
7 38 45 0.0 
19 86 42 0.0 
3 21 0 0.0 
8 54 240 0.00806451612903 
4 51 57 0.016393442623 
8 39 91 0.0 
5 34 153 0.0632911392405 
11 73 97 0.0 
5 23 0 0.0 
10 43 13 0.0 
8 39 49 0.0 
6 43 144 0.0933333333333 
9 69 0 0.0 
6 45 70 0.0 
6 29 78 0.0 
3 31 67 0.0 
17 86 28 0.0 
9 69 0 0.111111111111 
9 65 158 0.0 
9 67 284 0.0 
5 36 67 0.0 
9 59 0 0.0 
17 100 0 0.0588235294118 
3 30 81 0.0 
6 31 0 0.0 
11 78 124 0.0 
4 24 0 0.0 
4 19 84 0.0227272727273 
8 64 128 0.00735294117647 
18 88 104 0.0 
7 51 111 0.0 
13 66 195 0.0625 
7 40 106 0.0 
6 39 93 0.010101010101 
3 18 95 0.0 
1 4 33 0.0 
4 27 45 0.0 
6 40 0 0.0 
22 127 0 0.0909090909091 
10 68 0 0.0 
11 67 0 0.0 
6 34 92 0.0 
4 26 0 0.0 
12 68 83 0.0105263157895 
4 30 54 0.0 
12 86 105 0.00854700854701 
5 22 117 0.00819672131148 
12 83 10 0.0 
9 54 293 0.00662251655629 
5 26 67 0.0 
3 19 0 0.0 
7 42 59 0.0 
4 39 21 0.0 
12 53 0 0.166666666667 
5 38 0 0.0 
17 111 0 0.0 
4 26 392 0.0151515151515 
7 39 49 0.0 
12 59 150 0.0123456790123 
9 31 0 0.0 
7 47 104 0.036036036036 
3 21 95 0.0 
55 296 0 0.0727272727273 
10 53 172 0.032967032967 
5 27 77 0.0121951219512 
4 29 189 0.124352331606 
8 53 70 0.0 
5 42 22 0.0 
10 52 132 0.00704225352113 
15 88 40 0.0 
10 80 161 0.0 
17 91 0 0.0 
9 49 115 0.0 
9 52 0 0.0 
7 38 89 0.0104166666667 
6 29 52 0.0 
8 63 517 0.0209523809524 
6 34 75 0.0493827160494 
3 15 92 0.0 
16 97 176 0.0 
9 61 166 0.0171428571429 
8 35 0 0.0 
7 38 109 0.0172413793103 
42 283 0 0.0 
2 15 82 0.0 
21 124 0 0.0952380952381 
6 36 157 0.00613496932515 
15 85 0 0.0 
13 72 124 0.00729927007299 
4 26 45 0.0 
10 91 0 0.0 
10 73 63 0.0 
11 63 67 0.0 
12 89 115 0.0157480314961 
3 23 82 0.0117647058824 
14 100 0 0.0 
23 135 9 0.03125 
6 37 101 0.0 
6 37 23 0.0 
14 66 38 0.0 
11 64 136 0.0 
4 21 0 0.0 
26 178 0 0.0 
13 77 0 0.0 
6 37 519 0.0 
11 62 37 0.0 
10 65 45 0.0 
4 18 55 0.0677966101695 
11 53 237 0.0201612903226 
9 47 62 0.0140845070423 
6 43 0 0.0 
5 31 93 0.030612244898 
5 35 139 0.0486111111111 
5 34 174 0.0 
20 138 207 0.0 
8 50 109 0.0 
20 106 0 0.0 
28 189 0 0.0357142857143 
18 86 228 0.0121951219512 
3 21 347 0.0114285714286 
4 28 118 0.0573770491803 
6 48 223 0.00873362445415 
7 45 17 0.0 
5 42 291 0.0304054054054 
15 69 84 0.0 
13 89 20 0.0 
15 71 129 0.0 
4 24 15 0.0 
21 119 0 0.0 
9 63 35 0.0 
13 75 205 0.0045871559633 
3 22 59 0.0 
8 61 88 0.0 
8 46 159 0.0119760479042 
17 83 0 0.0 
12 62 0 0.0833333333333 
15 74 0 0.0 
7 42 180 0.0320855614973 
7 58 0 0.142857142857 
6 37 57 0.0 
11 68 0 0.0 
4 40 45 0.0 
4 33 133 0.00729927007299 
5 47 13 0.0 
4 36 168 0.0348837209302 
7 49 99 0.0 
10 45 26 0.0 
12 72 0 0.0 
6 31 40 0.0 
4 31 73 0.012987012987 
6 36 96 0.0 
13 85 204 0.00921658986175 
4 32 0 0.0 
28 161 0 0.0 
11 79 0 0.0 
8 42 85 0.0215053763441 
15 102 263 0.0107913669065 
14 98 203 0.0414746543779 
30 195 0 0.0 
11 76 44 0.0181818181818 
7 34 100 0.00934579439252 
5 35 48 0.0 
8 40 0 0.0 
54 290 0 0.12962962963 
6 43 233 0.0 
13 69 17 0.0 
12 70 37 0.0 
16 86 61 0.025974025974 
10 72 133 0.027972027972 
25 116 8 0.0 
10 56 23 0.0 
12 63 24 0.0 
15 109 249 0.0 
6 40 0 0.333333333333 
3 21 296 0.0100334448161 
9 57 0 0.0 
7 46 0 0.0 
10 60 121 0.00763358778626 
14 73 0 0.0 
6 39 49 0.0 
10 67 121 0.0 
24 129 0 0.0 
14 79 0 0.0714285714286 
10 63 24 0.0 
26 154 0 0.0 
12 73 110 0.00819672131148 
4 26 273 0.028880866426 
12 59 0 0.0 
2 18 66 0.0 
17 115 0 0.0 
47 277 0 0.0425531914894 
10 61 0 0.0 
3 24 117 0.025 
10 51 111 0.0 
5 46 79 0.0 
10 63 0 0.0 
6 47 0 0.0 
4 24 43 0.0 
5 43 0 0.0 
5 26 48 0.0 
10 66 181 0.0157068062827 
8 45 0 0.0 
10 58 75 0.0 
2 12 172 0.0229885057471 
23 128 250 0.003663003663 
11 65 117 0.0 
10 71 197 0.0048309178744 
7 49 99 0.0188679245283 
7 37 65 0.0138888888889 
8 53 311 0.0219435736677 
7 39 0 0.0 
3 25 32 0.0 
3 25 42 0.0 
14 91 0 0.142857142857 
11 56 74 0.0 
5 27 43 0.0416666666667 
14 72 149 0.0 
17 105 0 0.0 
11 86 76 0.0804597701149 
9 63 90 0.010101010101 
9 58 0 0.0 
3 28 157 0.00625 
8 42 85 0.0215053763441 
9 60 50 0.0 
6 33 96 0.0 
7 49 150 0.0 
3 20 0 0.0 
14 94 98 0.0178571428571 
18 93 0 0.0 
8 37 25 0.0606060606061 
9 53 71 0.0 
15 91 225 0.0 
9 46 157 0.0 
11 67 43 0.0 
13 75 0 0.0769230769231 
10 70 159 0.0 
3 20 0 0.0 
7 49 0 0.0 
6 40 275 0.0142348754448 
13 81 0 0.0 
7 47 70 0.012987012987 
3 15 17 0.0 
9 52 116 0.0 
15 84 30 0.0 
10 47 97 0.00934579439252 
11 73 146 0.0254777070064 
10 82 0 0.0 
7 53 66 0.0 
4 27 99 0.0 
15 73 40 0.0 
23 163 0 0.0434782608696 
14 81 0 0.0 
30 174 218 0.0 
8 43 103 0.018018018018 
17 99 78 0.0210526315789 
12 65 56 0.0294117647059 
5 37 0 0.0 
5 23 5 0.0 
3 26 0 0.0 
12 64 10 0.0 
8 47 65 0.027397260274 
8 43 0 0.0 
13 69 0 0.0 
6 32 206 0.0 
16 85 0 0.0 
1 16 9 0.0 
8 37 0 0.0 
2 11 0 0.0 
6 35 0 0.0 
8 51 6 0.0 
6 27 2 0.0 
2 11 0 0.0 
20 87 4 0.0 
3 20 0 0.0 
7 33 8 0.0 
18 107 0 0.0 
24 123 0 0.0416666666667 
4 21 0 0.25 
3 17 0 0.0 
11 46 3 0.0 
4 24 0 0.0 
9 52 7 0.0 
0 1 0 0 
6 34 2 0.0 
9 37 0 0.0 
3 15 0 0.0 
13 69 3 0.0 
2 8 0 0.0 
11 75 2 0.0 
7 46 6 0.0 
12 53 5 0.235294117647 
7 34 1 0.0 
7 40 0 0.0 
12 75 0 0.0 
9 49 1 0.0 
15 70 5 0.0 
8 39 7 0.0 
10 54 3 0.0 
5 21 3 0.0 
1 8 0 0.0 
6 34 0 0.0 
12 69 80 0.0 
10 54 7 0.0 
3 13 12 0.0 
12 61 0 0.0 
7 34 8 0.0 
12 72 9 0.0 
9 51 15 0.0416666666667 
6 32 3 0.0 
9 40 0 0.0 
13 67 0 0.0 
2 12 4 0.0 
4 18 1 0.0 
7 35 8 0.0 
2 18 64 0.0 
4 20 0 0.0 
1 7 20 0.0 
7 47 6 0.0 
12 70 11 0.0 
7 39 0 0.0 
2 6 24 0.0769230769231 
10 48 109 0.0 
11 45 6 0.0 
7 31 3 0.0 
5 25 0 0.0 
7 42 2 0.0 
4 23 43 0.0 
14 85 15 0.0 
9 46 3 0.0 
7 35 0 0.0 
6 33 4 0.0 
13 62 9 0.0 
9 62 0 0.0 
12 61 8 0.0 
11 52 0 0.0 
8 44 4 0.0 
8 38 2 0.0 
7 41 1 0.0 
2 13 0 0.0 
5 30 8 0.0 
11 56 79 0.0888888888889 
16 89 3 0.0 
2 8 0 0.0 
1 6 0 0.0 
12 55 0 0.0 
4 21 5 0.0 
7 35 306 0.00319488817891 
3 11 0 0.0 
12 62 4 0.0 
2 13 0 0.0 
5 26 6 0.0 
4 20 0 0.0 
5 27 35 0.0 
8 55 6 0.0 
17 81 0 0.0 
3 17 0 0.0 
2 9 0 0.0 
5 31 7 0.0 
14 69 5 0.0 
1 10 12 0.0 
5 34 2 0.0 
8 40 2 0.0 
5 25 0 0.0 
12 53 0 0.0 
7 44 0 0.0 
3 35 0 0.0 
7 40 0 0.0 
5 25 5 0.0 
5 24 2 0.0 
13 64 0 0.0 
14 70 0 0.0 
3 13 0 0.0 
7 35 0 0.0 
9 40 2 0.0 
5 23 0 0.0 
3 14 0 0.0 
9 49 5 0.0714285714286 
3 17 0 0.0 
4 20 0 0.0 
7 33 0 0.0 
6 29 5 0.0 
4 15 186 0.0 
8 39 0 0.125 
1 8 0 0.0 
7 43 5 0.0 
5 21 0 0.0 
6 37 6 0.0 
8 52 4 0.0 
8 52 5 0.0 
2 9 0 0.0 
8 47 41 0.0 
8 47 9 0.0 
3 18 0 0.0 
3 21 0 0.0 
15 65 7 0.0 
6 32 6 0.0 
4 21 5 0.0 
6 33 30 0.0 
11 62 1 0.0 
10 59 2 0.0 
6 22 5 0.0 
7 30 0 0.0 
7 40 9 0.0 
11 63 5 0.0 
9 53 5 0.0 
3 17 0 0.0 
5 26 6 0.0 
1 8 0 0.0 
8 33 50 0.0 
2 9 0 0.0 
4 18 0 0.0 
9 48 5 0.0 
8 51 1 0.0 
8 45 9 0.0 
7 39 0 0.0 
6 30 0 0.0 
10 54 5 0.0 
1 5 21 0.0 
2 10 0 0.0 
3 15 0 0.0 
7 41 5 0.0 
10 54 7 0.0 
8 41 3 0.0 
16 68 0 0.0 
8 39 2 0.0 
7 34 0 0.0 
2 17 5 0.0 
10 59 2 0.0 
6 41 5 0.0 
4 21 94 0.0 
16 75 5 0.0 
5 30 6 0.0 
8 49 1 0.0 
10 48 1 0.0 
6 28 49 0.0181818181818 
2 13 120 0.0 
9 46 0 0.0 
9 42 5 0.0 
12 63 12 0.0 
0 8 0 0 
14 65 5 0.0 
10 55 4 0.0 
2 12 0 0.0 
11 56 0 0.0 
15 71 5 0.0 
7 34 5 0.0 
6 39 0 0.0 
13 71 3 0.0 
6 25 2 0.0 
7 35 5 0.0 
6 32 24 0.0 
7 43 2 0.0 
11 65 17 0.0 
4 23 0 0.0 
8 40 0 0.0 
4 36 0 0.0 
3 15 5 0.0 
4 21 23 0.0 
17 97 0 0.0 
13 68 5 0.0 
12 68 1 0.0 
16 63 4 0.0 
6 46 2 0.0 
1 7 0 0.0 
7 35 5 0.0 
6 32 0 0.0 
7 35 0 0.0 
3 15 0 0.0 
2 10 0 0.0 
5 28 0 0.0 
2 12 0 0.0 
10 49 6 0.0 
4 16 0 0.0 
10 47 6 0.0 
7 34 12 0.0 
8 41 3 0.0 
3 16 0 0.0 
1 4 0 0.0 
10 65 0 0.0 
11 61 2 0.0 
9 44 10 0.0526315789474 
5 29 0 0.0 
16 83 2 0.0 
2 9 28 0.0 
8 37 0 0.0 
1 4 0 0.0 
3 27 0 0.0 
13 58 7 0.0 
1 5 0 0.0 
9 51 6 0.0 
15 82 9 0.0 
2 10 0 0.0 
19 84 0 0.0 
10 51 20 0.0 
8 40 10 0.0555555555556 
13 73 3 0.0 
6 37 4 0.0 
2 14 0 0.0 
14 66 24 0.0263157894737 
7 34 1 0.0 
7 43 2 0.0 
4 17 12 0.0 
10 50 42 0.0 
1 4 0 0.0 
8 47 1 0.0 
5 23 0 0.0 
13 62 4 0.0 
6 22 0 0.0 
3 24 0 0.0 
4 18 0 0.0 
5 27 0 0.0 
6 36 9 0.0 
7 41 74 0.0246913580247 
6 34 0 0.0 
18 113 229 0.0 
10 53 3 0.0 
8 42 5 0.0 
4 22 0 0.0 
16 74 3 0.0 
3 12 0 0.0 
16 91 35 0.0 
4 15 0 0.0 
11 57 4 0.0 
3 21 9 0.0 
6 26 0 0.0 
7 34 0 0.0 
13 74 0 0.0 
8 52 7 0.0 
16 77 2 0.0 
25 130 6 0.0322580645161 
4 21 13 0.0588235294118 
4 21 0 0.0 
2 14 0 0.0 
9 54 0 0.0 
8 44 11 0.0 
5 24 23 0.0 
5 23 0 0.0 
3 17 15 0.0 
7 47 2 0.0 
12 75 14 0.0 
2 13 0 0.0 
7 47 7 0.0 
12 73 9 0.0 
14 75 0 0.0 
0 1 0 0 
0 5 16 0.0 
5 20 8 0.0 
16 84 4 0.05 
8 44 5 0.0 
9 58 4 0.0 
6 32 2 0.0 
12 77 0 0.0 
8 38 0 0.0 
9 49 7 0.0 
5 43 4 0.0 
12 66 3 0.0 
3 24 0 0.0 
14 71 4 0.0 
4 18 0 0.0 
5 23 0 0.0 
6 29 2 0.0 
10 58 5 0.0 
6 36 7 0.0769230769231 
1 3 0 0.0 
11 58 2 0.0 
2 9 0 0.0 
15 88 0 0.0 
5 25 0 0.0 
6 22 4 0.1 
10 53 2 0.0 
10 55 3 0.0 
6 34 0 0.0 
7 33 0 0.0 
8 46 0 0.0 
16 87 0 0.0 
4 26 22 0.0 
15 78 0 0.0 
5 17 0 0.0 
14 65 0 0.0 
12 67 2 0.0 
2 9 0 0.0 
7 34 1 0.0 
6 34 3 0.0 
8 44 5 0.0 
7 38 12 0.0 
5 25 0 0.0 
3 11 0 0.0 
5 33 5 0.0 
9 60 1 0.0 
9 48 0 0.0 
9 42 0 0.0 
10 50 5 0.0 
6 24 5 0.0 
10 54 0 0.0 
6 35 0 0.0 
10 46 0 0.0 
11 53 7 0.0 
10 51 10 0.0 
10 58 3 0.0 
10 41 3 0.0 
5 28 11 0.0 
3 19 125 0.0 
14 65 13 0.0 
8 40 1 0.0 
2 9 143 0.0275862068966 
12 72 0 0.0 
5 25 0 0.0 
5 24 0 0.0 
7 30 8 0.0 
13 65 6 0.0 
12 74 0 0.0 
10 55 1 0.0 
11 64 8 0.0 
13 56 3 0.0 
7 47 9 0.0 
4 30 0 0.0 
19 87 1 0.0 
7 35 0 0.0 
9 42 0 0.0 
15 73 7 0.0 
5 25 0 0.0 
6 34 77 0.0 
9 46 8 0.235294117647 
7 39 2 0.0 
3 16 0 0.0 
8 25 0 0.0 
7 41 5 0.0 
10 40 7 0.0 
3 15 0 0.0 
4 20 4 0.0 
6 32 3 0.0 
8 43 2 0.0 
16 70 7 0.0 
11 42 12 0.0 
14 70 6 0.0 
6 28 5 0.0 
15 79 3 0.0 
5 25 0 0.0 
7 41 3 0.0 
12 68 6 0.0 
8 44 4 0.0 
5 35 0 0.0 
5 22 3 0.0 
10 65 4 0.0 
15 78 2 0.0 
8 40 5 0.0 
11 60 12 0.0 
19 94 4 0.0 
13 69 0 0.0 
9 53 2 0.0 
9 47 5 0.0 
28 131 5 0.0 
7 37 4 0.0 
4 23 4 0.0 
13 57 0 0.0 
10 38 7 0.0 
5 34 14 0.0 
14 69 0 0.0 
5 27 44 0.0 
2 14 0 0.0 
11 49 10 0.0 
14 58 6 0.0 
1 11 0 0.0 
9 52 5 0.0 
7 49 8 0.0 
2 15 0 0.0 
12 55 6 0.0 
15 75 6 0.0 
5 27 4 0.0 
7 35 1 0.0 
8 37 0 0.0 
8 50 18 0.0 
1 4 0 0.0 
5 34 0 0.0 
9 53 6 0.0 
17 73 12 0.0 
12 68 6 0.0 
1 9 0 0.0 
9 45 0 0.0 
7 31 0 0.0 
2 9 0 0.0 
9 55 2 0.0 
9 45 0 0.0 
3 19 21 0.0 
7 35 8 0.0 
11 58 0 0.0 
20 99 24 0.0 
5 28 8 0.0 
1 6 0 0.0 
6 31 7 0.0 
9 52 39 0.0208333333333 
6 29 0 0.0 
9 47 0 0.0 
12 54 0 0.0 
11 70 0 0.0 
8 37 2 0.0 
7 33 6 0.0 
1 8 4 0.0 
6 42 3 0.0 
13 69 4 0.0 
16 90 0 0.0 
6 33 0 0.0 
11 44 0 0.0 
9 53 1 0.0 
11 54 0 0.0 
4 16 0 0.0 
5 27 4 0.0 
6 29 7 0.0 
8 44 49 0.0 
8 51 5 0.0 
2 15 5 0.0 
1 4 0 0.0 
9 48 5 0.0 
7 38 0 0.0 
8 39 4 0.0833333333333 
1 6 10 0.0 
3 18 0 0.0 
5 17 0 0.0 
3 16 0 0.0 
5 26 0 0.0 
14 80 63 0.0 
5 29 0 0.0 
8 47 3 0.0 
9 42 4 0.0 
9 38 3 0.0 
6 32 2 0.0 
13 62 8 0.0 
7 33 3 0.0 
5 34 3 0.0 
9 47 5 0.0714285714286 
6 32 2 0.0 
14 65 0 0.0 
19 73 0 0.0 
1 9 0 0.0 
14 68 1 0.0 
7 44 137 0.0 
7 40 4 0.0 
5 20 6 0.0 
1 8 0 0.0 
5 27 0 0.0 
2 17 7 0.0 
5 22 0 0.0 
8 51 5 0.0 
6 33 7 0.0 
6 29 0 0.0 
8 49 0 0.0 
10 47 18 0.0 
15 63 5 0.0 
7 45 0 0.0 
2 10 0 0.0 
5 30 5 0.0 
9 39 0 0.0 
7 42 4 0.0 
16 70 0 0.0 
5 24 2 0.0 
3 21 0 0.0 
2 13 0 0.0 
14 77 8 0.0 
17 94 9 0.0 
10 55 0 0.0 
10 54 2 0.0 
11 51 0 0.0 
16 73 3 0.0 
8 35 56 0.0 
9 46 0 0.0 
6 31 3 0.0 
8 51 0 0.0 
6 41 4 0.0 
6 31 4 0.0 
5 23 0 0.0 
9 46 6 0.0 
3 18 8 0.0 
8 41 8 0.0 
10 46 0 0.0 
9 58 5 0.0 
6 31 8 0.0 
18 86 0 0.0 
14 72 1 0.0 
11 48 3 0.0 
2 11 13 0.0 
5 42 5 0.0 
8 40 4 0.0 
8 41 0 0.0 
13 87 1 0.0 
10 41 3 0.0 
4 27 0 0.0 
6 34 6 0.0 
7 37 3 0.0 
9 59 6 0.0 
10 54 9 0.0 
14 59 0 0.0 
5 21 0 0.0 
6 22 0 0.0 
5 40 8 0.0 
12 61 9 0.0 
16 97 42 0.0 
1 5 0 0.0 
13 63 5 0.0 
6 26 21 0.0 
12 80 0 0.0 
6 31 0 0.0 
7 34 2 0.0 
1 8 0 0.0 
13 65 1 0.0 
6 37 7 0.0 
9 45 1 0.0 
7 32 1 0.0 
8 33 0 0.0 
2 8 15 0.0 
6 37 15 0.0 
2 11 25 0.0 
11 63 8 0.0 
3 19 39 0.0 
5 29 0 0.0 
0 9 1 0.0 
2 9 0 0.0 
3 10 0 0.0 
13 66 5 0.0 
2 10 0 0.0 
6 28 0 0.0 
16 92 2 0.0 
4 28 38 0.0238095238095 
5 24 0 0.0 
11 71 51 0.0 
23 120 34 0.0 
8 45 6 0.0 
9 50 2 0.0 
4 18 0 0.0 
2 8 0 0.0 
5 30 2 0.0 
7 43 8 0.0 
2 14 0 0.0 
2 11 11 0.0 
7 38 7 0.0 
8 39 2 0.0 
16 86 13 0.0 
8 36 2 0.0 
2 13 0 0.0 
9 57 1 0.0 
5 52 0 0.0 
1 7 0 0.0 
17 96 5 0.0 
7 33 3 0.0 
6 30 4 0.0 
6 33 0 0.0 
26 132 7 0.0 
9 41 4 0.0 
1 6 0 0.0 
5 34 0 0.0 
10 74 5 0.0 
6 46 0 0.0 
12 55 3 0.0 
3 23 0 0.0 
9 45 4 0.0 
1 9 5 0.0 
6 32 2 0.0 
2 8 226 0.0131578947368 
6 30 4 0.0 
21 76 10 0.258064516129 
15 70 3 0.0 
8 37 0 0.0 
1 7 0 0.0 
11 68 6 0.0 
11 55 35 0.0 
4 22 2 0.0 
6 35 3 0.0 
8 43 0 0.0 
8 37 6 0.0 
2 15 0 0.0 
12 61 2 0.0 
11 66 36 0.0425531914894 
4 26 0 0.0 
7 28 9 0.125 
8 45 82 0.0 
5 34 0 0.0 
6 22 15 0.142857142857 
9 42 10 0.0 
4 17 43 0.0 
5 25 10 0.0 
3 21 0 0.0 
16 73 0 0.0 
9 39 11 0.0 
5 18 0 0.0 
7 35 0 0.0 
3 19 0 0.0 
7 30 3 0.0 
8 43 8 0.0 
6 40 7 0.0 
4 25 0 0.0 
7 45 3 0.0 
8 45 13 0.0 
14 74 3 0.0 
7 42 11 0.0 
2 14 0 0.0 
4 21 0 0.0 
5 29 0 0.0 
2 8 0 0.0 
9 36 1 0.0 
13 48 0 0.153846153846 
5 24 0 0.0 
2 7 0 0.0 
6 35 0 0.0 
11 58 6 0.0 
4 26 3 0.0 
9 41 2 0.0 
18 81 1 0.0526315789474 
7 38 9 0.0 
8 39 2 0.0 
14 72 4 0.0 
0 1 0 0 
4 21 0 0.25 
9 46 2 0.0 
10 59 9 0.0 
2 20 0 0.0 
8 45 3 0.0 
10 52 8 0.0 
11 55 0 0.0 
11 52 22 0.0 
4 20 7 0.0 
7 43 2 0.0 
25 131 0 0.04 
9 47 0 0.0 
11 52 6 0.0 
12 52 1 0.0 
14 66 7 0.0 
7 30 0 0.0 
9 50 2 0.0 
20 98 0 0.0 
15 84 4 0.0 
7 38 3 0.0 
7 42 2 0.0 
3 12 0 0.0 
13 61 1 0.0 
6 38 5 0.0 
15 93 0 0.0 
18 78 8 0.0 
9 40 0 0.0 
2 14 0 0.0 
50 270 0 0.02 
3 13 0 0.0 
9 46 0 0.0 
13 54 3 0.0 
8 43 2 0.0 
14 72 0 0.0 
4 22 0 0.0 
8 43 2 0.0 
15 72 4 0.0 
16 92 38 0.0 
8 46 5 0.0 
7 45 8 0.0 
10 57 2 0.0 
14 77 3 0.0 
4 21 0 0.0 
13 70 0 0.0 
10 53 5 0.0 
4 23 5 0.0 
17 112 8 0.0 
11 53 1 0.0 
8 41 10 0.0 
3 11 0 0.0 
4 29 0 0.0 
6 33 8 0.0 
7 45 8 0.0 
7 39 133 0.0 
7 34 4 0.0 
4 20 0 0.0 
6 32 4 0.0 
5 33 9 0.0 
1 6 0 0.0 
9 42 2 0.0 
21 103 10 0.0 
3 16 0 0.0 
5 31 11 0.0 
5 34 5 0.0 
7 35 1 0.0 
11 42 9 0.0 
11 61 4 0.0 
11 53 3 0.0 
6 40 3 0.0 
6 26 1 0.0 
27 167 3 0.0 
8 42 0 0.0 
1 7 0 0.0 
10 49 8 0.0 
2 7 0 0.0 
3 16 0 0.0 
7 32 67 0.0 
9 44 2 0.0 
11 54 0 0.0909090909091 
6 31 15 0.0 
4 20 8 0.0 
8 44 10 0.0 
12 57 1 0.0 
0 1 0 0 
2 9 0 0.0 
6 31 1 0.0 
12 63 3 0.0 
2 13 0 0.0 
6 35 0 0.0 
5 25 5 0.0 
18 84 0 0.0 
3 12 0 0.0 
8 44 0 0.0 
0 1 0 0 
5 22 5 0.0 
4 26 0 0.0 
9 47 115 0.0322580645161 
3 18 13 0.0 
0 1 0 0 
6 41 11 0.0 
3 17 0 0.0 
9 43 19 0.0 
7 29 1 0.0 
16 89 5 0.0 
10 52 32 0.0 
8 37 0 0.0 
2 10 23 0.0 
6 29 3 0.0 
6 31 0 0.0 
5 18 0 0.0 
24 127 2 0.0 
6 33 6 0.0 
5 22 3 0.0 
4 23 14 0.0 
11 59 8 0.0 
9 47 54 0.0 
2 10 0 0.0 
10 52 0 0.0 
8 38 0 0.125 
6 38 0 0.0 
7 32 5 0.0 
6 34 6 0.0 
15 79 33 0.0 
6 31 0 0.0 
7 36 3 0.0 
10 56 0 0.0 
5 37 0 0.0 
14 74 4 0.0 
8 53 9 0.0 
4 26 0 0.0 
4 20 0 0.0 
9 49 0 0.0 
8 44 11 0.0 
11 61 7 0.0 
10 55 0 0.0 
13 71 4 0.0 
5 26 8 0.0 
6 28 523 0.0113421550095 
3 19 0 0.0 
12 57 5 0.0 
6 30 3 0.0 
12 57 6 0.0 
6 30 6 0.0 
10 68 0 0.0 
4 20 0 0.0 
6 28 2 0.125 
11 51 3 0.0 
2 16 14 0.0 
12 61 11 0.0 
7 38 0 0.0 
9 47 7 0.0 
3 16 0 0.0 
13 60 33 0.0217391304348 
15 83 3 0.0 
8 51 1 0.0 
9 53 8 0.0 
9 38 2 0.0 
10 58 0 0.0 
11 56 5 0.0 
2 11 19 0.0 
2 13 0 0.0 
2 13 0 0.0 
0 2 0 0 
10 69 4 0.0 
7 42 0 0.0 
10 53 4 0.0 
7 35 2 0.0 
5 15 0 0.0 
2 13 0 0.0 
2 14 0 0.0 
17 74 5 0.0 
14 66 7 0.0 
6 34 1 0.0 
9 55 2 0.0 
10 52 5 0.0 
6 29 0 0.0 
6 22 0 0.0 
7 36 5 0.0 
6 39 0 0.0 
6 35 6 0.0 
7 41 0 0.0 
8 41 46 0.0 
2 21 0 0.0 
7 26 0 0.0 
4 13 29 0.0 
4 18 4 0.0 
9 46 7 0.0 
9 48 9 0.0555555555556 
8 50 0 0.0 
6 30 58 0.0 
5 30 0 0.0 
5 28 6 0.0 
7 37 8 0.0 
6 28 0 0.0 
4 16 0 0.0 
17 97 6 0.0 
4 17 0 0.0 
7 35 7 0.0 
5 19 0 0.0 
13 65 5 0.0 
4 24 0 0.0 
8 37 67 0.0 
10 48 7 0.0 
13 70 0 0.0 
8 40 2 0.0 
1 8 0 0.0 
3 21 4 0.0 
11 48 8 0.0 
5 23 0 0.0 
6 37 3 0.0 
7 40 122 0.0 
12 50 0 0.0 
2 12 0 0.0 
10 53 0 0.0 
5 18 7 0.0 
6 33 40 0.0 
9 38 4 0.0 
12 56 0 0.0 
2 12 0 0.0 
9 52 8 0.0 
5 22 0 0.0 
15 69 3 0.0 
1 8 0 0.0 
9 40 1 0.0 
7 46 0 0.142857142857 
4 28 41 0.0 
8 54 3 0.0 
2 13 0 0.0 
5 26 0 0.0 
5 25 6 0.0 
13 72 8 0.0 
11 54 0 0.0 
11 56 3 0.0 
6 39 7 0.0 
3 12 8 0.0 
11 58 5 0.0 
10 56 41 0.0 
6 42 0 0.0 
3 18 0 0.0 
6 31 0 0.0 
6 23 0 0.333333333333 
8 50 6 0.0 
18 98 0 0.0 
13 66 0 0.0 
7 42 5 0.0 
3 17 0 0.0 
7 37 7 0.0 
11 52 0 0.0 
8 40 2 0.0 
19 85 0 0.0526315789474 
10 52 4 0.0 
2 8 0 0.0 
1 9 0 0.0 
2 8 0 0.0 
7 37 3 0.0 
12 50 0 0.0 
7 42 1 0.0 
11 52 5 0.0625 
4 17 0 0.0 
3 12 17 0.0 
8 51 10 0.0 
9 42 15 0.0 
10 62 0 0.0 
4 29 23 0.0 
14 80 25 0.0 
6 33 0 0.0 
3 12 0 0.0 
3 19 40 0.0 
10 56 0 0.0 
25 114 0 0.0 
7 48 5 0.0 
2 9 0 0.0 
2 8 0 0.0 
8 47 7 0.0 
3 14 0 0.0 
13 67 9 0.0 
2 14 0 0.0 
12 64 13 0.0 
9 48 17 0.0 
7 42 37 0.0 
8 38 0 0.0 
10 64 0 0.0 
13 73 4 0.0 
6 33 64 0.0 
3 15 0 0.0 
14 68 20 0.0588235294118 
5 34 2 0.0 
4 31 0 0.0 
2 8 0 0.0 
13 68 5 0.0 
11 54 5 0.0 
9 46 3 0.0 
7 33 3 0.0 
7 30 143 0.0 
1 12 4 0.0 
6 30 3 0.0 
7 34 6 0.0 
2 13 91 0.0 
10 60 3 0.0 
4 28 0 0.0 
8 39 0 0.0 
8 42 5 0.0 
4 20 9 0.0 
29 150 4 0.0 
10 47 4 0.0 
3 23 0 0.0 
11 54 0 0.0 
6 32 2 0.0 
9 51 6 0.0 
13 83 10 0.0 
4 24 74 0.0 
6 28 0 0.0 
12 57 6 0.0 
6 33 0 0.0 
10 58 14 0.0 
6 31 1 0.0 
5 38 27 0.0 
7 43 140 0.00680272108844 
3 19 56 0.0 
5 45 59 0.0 
4 21 31 0.0 
9 47 27 0.0 
13 80 74 0.0 
8 45 218 0.0265486725664 
10 43 29 0.0512820512821 
24 121 26 0.0 
7 52 98 0.0 
11 60 21 0.0 
13 69 39 0.0576923076923 
6 32 145 0.046357615894 
3 23 63 0.0757575757576 
5 28 0 0.0 
5 39 76 0.0 
2 12 16 0.0 
9 49 13 0.0909090909091 
7 32 86 0.010752688172 
6 35 64 0.128571428571 
7 47 88 0.0 
2 9 27 0.0 
4 21 66 0.0142857142857 
7 37 12 0.0 
5 35 41 0.0 
6 49 126 0.0 
9 46 45 0.0925925925926 
2 10 110 0.00892857142857 
3 17 88 0.032967032967 
3 24 60 0.0 
14 75 0 0.142857142857 
9 50 133 0.0 
13 72 98 0.0 
13 75 340 0.0198300283286 
10 65 428 0.00228310502283 
7 40 2 0.0 
7 41 26 0.030303030303 
4 32 204 0.0625 
5 28 37 0.0 
6 35 65 0.0 
3 19 9 0.0 
3 21 49 0.0 
8 38 3 0.0909090909091 
7 41 137 0.00694444444444 
3 18 69 0.0138888888889 
3 21 116 0.0420168067227 
9 41 41 0.04 
14 70 68 0.0 
6 32 0 0.333333333333 
2 10 26 0.0 
3 16 44 0.0425531914894 
4 16 48 0.0576923076923 
4 15 29 0.121212121212 
5 27 36 0.0243902439024 
7 37 86 0.118279569892 
10 46 30 0.0 
7 36 6 0.0 
6 37 49 0.0727272727273 
2 8 0 0.0 
5 26 41 0.0434782608696 
20 122 212 0.0646551724138 
6 27 0 0.0 
5 25 96 0.0 
5 33 76 0.0246913580247 
2 8 32 0.0 
5 22 65 0.0285714285714 
11 74 285 0.0777027027027 
27 125 11 0.0 
6 35 52 0.0862068965517 
3 17 27 0.0666666666667 
8 48 100 0.00925925925926 
3 21 52 0.0363636363636 
15 84 91 0.0283018867925 
7 32 49 0.0 
12 69 0 0.0 
1 14 32 0.030303030303 
3 25 31 0.0 
9 49 83 0.0 
6 29 40 0.0 
11 55 58 0.275362318841 
5 34 61 0.0 
5 21 0 0.0 
5 22 0 0.2 
9 43 45 0.037037037037 
9 47 88 0.020618556701 
2 17 45 0.0 
3 16 158 0.0621118012422 
2 11 44 0.0434782608696 
3 17 30 0.030303030303 
2 13 33 0.0 
8 56 131 0.0 
2 10 19 0.0 
3 14 59 0.0645161290323 
5 28 50 0.0181818181818 
4 27 0 0.0 
5 37 73 0.0512820512821 
12 59 103 0.0173913043478 
15 74 52 0.044776119403 
3 23 6 0.0 
5 32 160 0.00606060606061 
2 17 43 0.0 
12 81 0 0.0 
5 31 26 0.0 
6 52 110 0.0 
3 16 25 0.0 
3 27 73 0.0131578947368 
3 18 24 0.0 
3 23 24 0.037037037037 
7 30 32 0.0 
5 34 39 0.0 
5 35 57 0.0 
3 15 41 0.0 
14 87 0 0.0 
14 67 52 0.0151515151515 
5 31 34 0.0 
13 69 0 0.0 
8 59 19 0.0740740740741 
11 57 151 0.0 
5 25 56 0.0491803278689 
5 47 23 0.0 
10 55 18 0.0 
9 48 27 0.0 
4 22 59 0.047619047619 
5 36 141 0.013698630137 
4 26 81 0.0235294117647 
12 64 46 0.0 
8 49 54 0.0 
9 58 29 0.0263157894737 
7 42 60 0.044776119403 
4 28 17 0.0 
10 44 56 0.287878787879 
3 23 0 0.0 
2 14 58 0.0 
16 73 0 0.0 
8 35 30 0.0526315789474 
4 23 91 0.0526315789474 
3 29 99 0.0294117647059 
5 38 23 0.0 
3 15 19 0.0454545454545 
5 21 18 0.217391304348 
6 40 70 0.0394736842105 
10 47 112 0.0409836065574 
3 22 32 0.0 
13 69 111 0.00806451612903 
11 56 69 0.0 
9 42 6 0.133333333333 
15 75 2 0.0 
18 85 0 0.111111111111 
6 33 55 0.0 
10 53 52 0.0 
6 31 26 0.0 
3 20 53 0.0 
5 29 22 0.037037037037 
10 47 53 0.301587301587 
2 20 44 0.0 
3 19 44 0.0 
3 18 71 0.0 
2 16 28 0.0 
3 20 0 0.0 
1 10 0 0.0 
8 45 37 0.0222222222222 
15 79 23 0.0 
17 102 126 0.013986013986 
5 35 43 0.0625 
8 41 37 0.0 
4 16 17 0.0952380952381 
7 40 235 0.00413223140496 
26 130 0 0.0 
4 21 122 0.0396825396825 
9 48 32 0.0 
4 25 49 0.0188679245283 
8 52 104 0.0 
5 27 55 0.0 
5 30 113 0.0508474576271 
3 15 60 0.031746031746 
10 46 0 0.2 
3 17 18 0.0952380952381 
8 40 50 0.0172413793103 
4 27 58 0.0645161290323 
3 21 27 0.0 
5 28 44 0.0 
7 39 112 0.0 
21 149 0 0.047619047619 
21 118 48 0.0289855072464 
12 102 43 0.0 
10 62 224 0.0213675213675 
5 26 42 0.0 
5 27 97 0.0392156862745 
7 29 86 0.0430107526882 
2 18 7 0.0 
7 46 0 0.0 
4 31 24 0.0 
3 17 26 0.0 
4 17 38 0.047619047619 
6 28 59 0.0615384615385 
30 157 0 0.0 
13 77 0 0.0 
7 45 72 0.0126582278481 
10 56 3 0.0 
4 26 70 0.0 
10 49 19 0.0344827586207 
8 56 161 0.00591715976331 
5 19 58 0.047619047619 
12 51 55 0.283582089552 
7 34 61 0.0441176470588 
5 26 61 0.030303030303 
4 26 37 0.0487804878049 
9 54 305 0.0191082802548 
7 42 182 0.00529100529101 
11 57 107 0.0254237288136 
9 49 42 0.078431372549 
7 37 32 0.0512820512821 
4 15 96 0.14 
8 59 121 0.0077519379845 
7 47 0 0.0 
3 15 41 0.0454545454545 
7 34 0 0.0 
6 35 120 0.0555555555556 
7 39 434 0.0725623582766 
7 45 41 0.0 
3 22 0 0.0 
3 28 68 0.0845070422535 
3 19 64 0.0 
5 26 116 0.0 
5 26 34 0.0 
2 14 42 0.0 
7 36 41 0.0 
7 50 19 0.0 
7 43 38 0.0 
5 39 0 0.0 
6 45 43 0.0204081632653 
8 40 188 0.0 
17 83 45 0.0483870967742 
11 50 413 0.0731132075472 
10 51 114 0.0564516129032 
8 49 0 0.0 
7 44 0 0.0 
4 33 41 0.0 
10 51 0 0.1 
7 36 29 0.0 
9 56 100 0.0 
7 33 18 0.08 
6 35 32 0.105263157895 
4 22 57 0.0327868852459 
12 65 27 0.025641025641 
2 9 32 0.0294117647059 
6 30 19 0.08 
14 82 0 0.0 
5 36 31 0.0 
9 47 23 0.0 
9 50 38 0.0 
5 28 21 0.0 
5 29 89 0.0 
3 20 25 0.0357142857143 
7 32 107 0.0614035087719 
5 17 108 0.0 
2 13 36 0.105263157895 
5 34 19 0.0416666666667 
3 18 35 0.0 
16 92 2 0.166666666667 
5 31 103 0.0 
8 49 11 0.0526315789474 
3 25 15 0.0555555555556 
2 8 57 0.0677966101695 
4 32 34 0.0 
6 31 17 0.0869565217391 
11 68 87 0.0 
15 78 0 0.0666666666667 
9 33 71 0.0 
8 57 0 0.0 
7 38 31 0.0 
4 15 50 0.037037037037 
14 74 0 0.0714285714286 
4 31 88 0.0 
7 60 0 0.0 
6 45 77 0.0120481927711 
21 98 28 0.102040816327 
11 56 20 0.0322580645161 
18 97 1 0.0 
1 8 49 0.0 
4 27 53 0.0701754385965 
3 17 34 0.0 
3 17 20 0.0 
2 7 23 0.04 
6 40 102 0.0 
9 53 98 0.0 
10 44 52 0.274193548387 
6 32 38 0.0 
9 43 0 0.111111111111 
8 61 66 0.0135135135135 
16 92 0 0.0 
4 32 158 0.0123456790123 
5 31 29 0.0 
12 60 52 0.15625 
9 37 87 0.0729166666667 
4 22 39 0.0 
7 40 35 0.0952380952381 
2 19 67 0.0 
14 95 87 0.019801980198 
7 43 35 0.0 
8 41 0 0.0 
9 51 0 0.222222222222 
4 29 5 0.0 
11 78 0 0.0 
4 27 39 0.0697674418605 
4 21 17 0.0 
5 29 0 0.0 
9 52 96 0.0 
9 58 230 0.0 
5 34 71 0.0 
15 90 0 0.0 
14 75 142 0.0 
6 32 57 0.0 
13 74 14 0.0 
4 25 51 0.0 
10 52 157 0.0 
8 50 41 0.0 
2 12 84 0.0232558139535 
5 27 58 0.0 
2 8 60 0.0322580645161 
4 44 42 0.0 
9 66 95 0.00961538461538 
20 112 0 0.0 
3 18 89 0.0434782608696 
4 20 27 0.0 
7 39 46 0.0 
2 10 17 0.0 
12 70 6 0.0555555555556 
5 33 23 0.0 
17 82 0 0.0588235294118 
7 42 78 0.0117647058824 
8 47 106 0.0701754385965 
12 59 0 0.166666666667 
6 33 14 0.05 
4 28 22 0.0 
11 54 49 0.0 
4 23 67 0.0704225352113 
6 34 42 0.0 
9 62 0 0.0 
6 27 26 0.0 
8 47 58 0.0 
3 16 103 0.0566037735849 
3 20 72 0.0 
14 74 54 0.0 
6 43 75 0.037037037037 
1 4 20 0.0 
7 43 70 0.0 
5 33 91 0.03125 
5 29 43 0.0 
13 66 4 0.0588235294118 
4 15 70 0.0675675675676 
3 19 36 0.0512820512821 
8 53 50 0.0 
4 22 104 0.0 
9 39 140 0.0738255033557 
5 26 50 0.0363636363636 
5 20 34 0.0769230769231 
7 49 90 0.0515463917526 
9 44 35 0.0681818181818 
7 36 67 0.0 
2 8 12 0.0714285714286 
8 41 65 0.013698630137 
6 31 7 0.0769230769231 
7 33 45 0.0576923076923 
7 51 0 0.0 
6 34 8 0.0 
12 58 6 0.166666666667 
9 58 51 0.0333333333333 
5 34 126 0.0 
3 19 41 0.0681818181818 
9 51 14 0.0 
5 23 30 0.0 
11 65 56 0.0 
3 18 271 0.0036496350365 
5 18 27 0.1875 
7 49 106 0.0 
4 29 95 0.131313131313 
13 61 0 0.0 
4 28 29 0.0 
9 41 42 0.0 
11 73 237 0.0161290322581 
5 40 75 0.0 
21 113 0 0.0952380952381 
5 22 37 0.0952380952381 
5 28 38 0.0 
10 58 97 0.018691588785 
5 29 52 0.0175438596491 
3 20 48 0.0 
8 56 11 0.0 
11 69 44 0.0 
9 49 40 0.0 
6 32 0 0.0 
9 51 0 0.0 
5 21 129 0.0 
9 43 62 0.0 
9 58 138 0.0 
4 25 72 0.157894736842 
3 14 106 0.0642201834862 
4 26 20 0.0 
5 29 56 0.0 
10 54 57 0.0 
8 43 77 0.0235294117647 
4 31 43 0.0 
6 39 48 0.0185185185185 
3 19 11 0.0 
7 46 79 0.0813953488372 
4 25 6 0.0 
4 39 55 0.0169491525424 
3 16 23 0.0 
3 22 95 0.0 
11 69 7 0.0 
3 19 98 0.029702970297 
11 66 36 0.0 
6 40 115 0.0495867768595 
5 31 138 0.020979020979 
7 31 33 0.025 
2 8 55 0.0526315789474 
4 30 40 0.0 
4 17 0 0.0 
2 14 24 0.0384615384615 
5 28 18 0.0 
3 25 93 0.0625 
3 24 36 0.0 
10 55 0 0.0 
9 45 53 0.0483870967742 
9 57 299 0.0324675324675 
3 18 10 0.0769230769231 
10 39 85 0.0 
6 34 148 0.0714285714286 
13 74 0 0.0 
2 7 41 0.046511627907 
2 11 92 0.0212765957447 
6 43 92 0.0 
7 44 0 0.0 
8 42 16 0.0 
14 74 156 0.0 
6 36 39 0.0 
35 226 0 0.0 
5 40 17 0.0 
9 50 23 0.0 
4 27 17 0.0 
9 47 12 0.0 
9 52 110 0.0 
6 40 26 0.0 
8 46 16 0.0 
7 45 48 0.0 
13 76 449 0.0 
4 29 77 0.0 
3 29 38 0.0 
2 9 22 0.0 
10 48 37 0.0 
6 40 199 0.00975609756098 
2 16 42 0.0454545454545 
7 41 43 0.0 
5 28 42 0.0 
4 16 67 0.12676056338 
8 49 0 0.0 
9 54 74 0.0120481927711 
7 43 63 0.0 
3 19 32 0.0 
6 35 14 0.05 
8 51 0 0.0 
2 21 31 0.0 
3 20 72 0.0133333333333 
13 68 0 0.0769230769231 
9 55 89 0.0 
13 63 21 0.0 
6 36 57 0.0952380952381 
6 24 51 0.0 
12 46 22 0.117647058824 
11 59 0 0.0909090909091 
7 39 15 0.0 
2 9 32 0.0588235294118 
6 41 38 0.0227272727273 
16 83 0 0.0 
2 10 46 0.0 
6 34 0 0.333333333333 
4 30 29 0.030303030303 
7 48 35 0.0238095238095 
9 37 41 0.06 
3 16 72 0.0266666666667 
6 26 0 0.0 
3 20 108 0.0810810810811 
7 50 50 0.0 
2 7 54 0.0 
7 42 47 0.0 
8 51 35 0.0 
16 103 23 0.0 
6 28 107 0.0442477876106 
13 69 56 0.0289855072464 
6 32 86 0.0869565217391 
2 16 121 0.0325203252033 
4 27 164 0.0 
5 34 6 0.0 
6 44 111 0.00854700854701 
6 56 45 0.0588235294118 
6 35 39 0.0 
13 81 41 0.0 
12 68 0 0.0 
5 22 113 0.00847457627119 
3 27 59 0.0 
8 45 0 0.0 
15 66 51 0.0 
14 71 0 0.0714285714286 
4 16 94 0.102040816327 
6 37 35 0.0487804878049 
3 21 46 0.122448979592 
3 26 37 0.0 
6 34 69 0.0 
10 53 65 0.0266666666667 
11 80 94 0.104761904762 
5 27 62 0.0298507462687 
9 42 89 0.0204081632653 
8 42 45 0.132075471698 
14 78 33 0.0 
7 32 92 0.020202020202 
15 55 110 0.0 
3 19 41 0.0 
3 19 250 0.00395256916996 
8 39 60 0.0441176470588 
3 19 14 0.0588235294118 
6 37 0 0.0 
11 50 55 0.30303030303 
3 25 86 0.0 
5 41 99 0.00961538461538 
2 11 24 0.0 
4 26 30 0.0 
2 20 44 0.0 
12 56 167 0.0558659217877 
2 9 7 0.111111111111 
17 84 77 0.0 
7 41 51 0.0689655172414 
11 51 58 0.289855072464 
5 28 93 0.0204081632653 
9 50 30 0.025641025641 
4 21 27 0.0645161290323 
2 20 47 0.0408163265306 
31 189 205 0.0550847457627 
5 30 53 0.0 
4 21 90 0.063829787234 
3 22 18 0.0952380952381 
4 30 29 0.0909090909091 
7 35 96 0.0194174757282 
4 26 0 0.0 
4 27 53 0.0350877192982 
4 18 36 0.025 
2 11 46 0.0 
11 49 0 0.181818181818 
8 43 0 0.0 
5 29 70 0.0 
6 39 31 0.027027027027 
14 76 49 0.0 
12 72 0 0.0833333333333 
3 21 13 0.0 
3 19 116 0.0 
9 47 2 0.181818181818 
6 40 37 0.0 
9 57 65 0.0 
5 34 18 0.173913043478 
15 94 106 0.0495867768595 
35 179 453 0.0225409836066 
8 55 30 0.0263157894737 
29 131 110 0.0143884892086 
5 27 27 0.0625 
10 54 47 0.0526315789474 
13 63 8 0.047619047619 
7 42 52 0.0 
4 20 47 0.0196078431373 
4 28 73 0.0779220779221 
4 17 28 0.0 
7 29 7 0.214285714286 
3 21 26 0.0689655172414 
5 30 53 0.0344827586207 
16 82 41 0.0 
7 40 80 0.0114942528736 
14 103 0 0.0714285714286 
4 19 46 0.0 
2 14 37 0.0 
6 24 25 0.0 
4 21 38 0.0952380952381 
6 34 43 0.0408163265306 
6 38 77 0.10843373494 
5 20 11 0.0625 
5 32 171 0.0 
4 29 82 0.0581395348837 
5 30 15 0.0 
19 87 61 0.0 
5 27 69 0.027027027027 
5 38 43 0.0833333333333 
3 20 42 0.0 
8 57 37 0.0 
6 34 11 0.0 
4 20 10 0.357142857143 
3 10 11 0.0 
6 43 86 0.0108695652174 
9 62 0 0.0 
7 37 3 0.1 
4 24 55 0.0338983050847 
8 36 46 0.0185185185185 
5 29 64 0.0289855072464 
3 14 26 0.172413793103 
3 14 87 0.0555555555556 
5 27 39 0.0454545454545 
5 29 18 0.0 
8 37 28 0.111111111111 
2 13 64 0.0 
5 25 37 0.0238095238095 
2 17 37 0.0 
11 74 80 0.0 
11 78 174 0.0108108108108 
2 16 43 0.0 
20 98 0 0.0 
4 23 72 0.0263157894737 
4 20 84 0.0 
8 40 27 0.114285714286 
9 62 9 0.111111111111 
9 48 61 0.0 
3 23 30 0.0 
25 125 0 0.0 
14 71 8 0.0 
7 45 0 0.142857142857 
8 49 0 0.0 
8 32 79 0.0459770114943 
5 26 12 0.0 
4 21 24 0.0357142857143 
3 20 231 0.0 
3 19 22 0.0 
7 44 34 0.0 
3 15 23 0.0384615384615 
11 49 20 0.0 
13 79 70 0.0 
4 28 56 0.0 
2 14 23 0.04 
10 52 120 0.0153846153846 
3 16 41 0.0 
2 20 46 0.0 
5 33 43 0.0 
7 40 73 0.0375 
6 39 84 0.0111111111111 
19 110 132 0.0264900662252 
3 16 13 0.0 
12 62 0 0.0 
10 51 82 0.0326086956522 
2 8 38 0.025 
10 57 0 0.0 
6 38 48 0.0 
7 42 122 0.0387596899225 
7 41 36 0.0 
2 12 30 0.03125 
5 29 167 0.0 
11 70 406 0.0695443645084 
4 24 99 0.0 
7 41 63 0.0 
11 81 17 0.0357142857143 
5 23 60 0.0153846153846 
3 16 30 0.0 
15 101 168 0.0 
4 30 275 0.010752688172 
10 55 17 0.0 
14 67 110 0.0241935483871 
8 42 45 0.0 
3 20 131 0.044776119403 
17 84 74 0.120879120879 
3 23 213 0.0324074074074 
11 58 0 0.0909090909091 
8 49 0 0.125 
6 32 38 0.0 
7 49 24 0.0322580645161 
10 45 72 0.0 
10 47 50 0.266666666667 
7 36 0 0.0 
2 9 63 0.0153846153846 
2 5 0 0.0 
8 48 77 0.0 
4 25 42 0.0217391304348 
3 23 77 0.0125 
5 31 38 0.0 
1 19 0 0.0 
2 12 22 0.0 
3 15 51 0.0 
6 37 33 0.0 
11 65 0 0.0 
9 51 45 0.0185185185185 
7 51 33 0.0 
8 41 48 0.0714285714286 
2 18 64 0.0 
9 74 61 0.0571428571429 
7 45 255 0.030534351145 
3 20 24 0.0 
4 22 81 0.0 
8 41 124 0.0 
5 35 61 0.0 
8 49 35 0.0 
11 69 15 0.0384615384615 
1 4 0 0.0 
14 80 25 0.025641025641 
3 18 76 0.0253164556962 
20 129 10 0.0 
8 49 37 0.0444444444444 
8 42 62 0.0 
4 25 53 0.0 
8 51 16 0.0416666666667 
10 55 0 0.0 
16 86 12 0.0 
8 44 122 0.0615384615385 
6 33 0 0.0 
10 56 23 0.0 
9 52 0 0.0 
6 30 107 0.0 
12 65 122 0.0 
7 40 33 0.0 
6 36 0 0.0 
10 69 9 0.0526315789474 
7 43 137 0.0347222222222 
5 30 198 0.0 
4 27 13 0.0588235294118 
9 58 0 0.0 
4 24 33 0.027027027027 
6 36 0 0.0 
7 41 0 0.142857142857 
8 47 0 0.0 
8 44 32 0.025 
3 20 36 0.0512820512821 
4 28 16 0.0 
6 49 49 0.0 
7 49 26 0.0 
4 15 66 0.0571428571429 
5 29 49 0.0 
6 34 60 0.0151515151515 
4 21 113 0.042735042735 
4 24 25 0.0 
9 59 60 0.0 
4 18 48 0.0 
7 48 128 0.0592592592593 
11 81 89 0.04 
12 60 16 0.107142857143 
12 65 0 0.0833333333333 
5 26 118 0.0 
2 8 28 0.133333333333 
5 28 53 0.155172413793 
3 20 79 0.0243902439024 
10 50 44 0.0 
3 32 272 0.04 
5 42 53 0.0344827586207 
4 26 73 0.0 
3 20 49 0.0 
7 41 31 0.0 
3 17 38 0.0487804878049 
8 38 6 0.0714285714286 
6 39 84 0.0888888888889 
2 9 52 0.0185185185185 
8 49 37 0.111111111111 
11 49 57 0.279411764706 
10 61 81 0.043956043956 
10 67 92 0.0196078431373 
7 39 12 0.0 
11 47 100 0.018018018018 
4 24 23 0.0740740740741 
8 45 26 0.0588235294118 
5 28 22 0.0 
5 25 20 0.0 
11 66 0 0.0909090909091 
5 38 172 0.0395480225989 
4 20 54 0.0172413793103 
7 41 48 0.0 
4 24 32 0.0 
5 25 51 0.0 
10 67 0 0.0 
5 36 67 0.0555555555556 
7 42 34 0.0 
5 25 0 0.0 
2 18 113 0.0 
5 28 90 0.0315789473684 
9 63 39 0.0 
10 64 177 0.0 
10 58 11 0.190476190476 
3 27 81 0.0119047619048 
8 64 73 0.0123456790123 
3 19 23 0.0 
13 82 70 0.0 
3 27 22 0.0 
10 53 58 0.0 
10 76 0 0.0 
12 69 134 0.0 
3 16 52 0.0 
4 26 0 0.25 
9 53 51 0.1 
10 48 29 0.0512820512821 
3 15 0 0.0 
5 17 41 0.0869565217391 
10 49 53 0.0 
7 42 76 0.0120481927711 
1 7 59 0.0166666666667 
8 45 27 0.0 
6 37 0 0.166666666667 
2 8 11 0.0769230769231 
3 17 55 0.051724137931 
3 30 59 0.0 
3 27 81 0.0 
9 50 164 0.00578034682081 
11 79 0 0.0 
2 15 77 0.0 
11 64 64 0.0 
8 39 182 0.0842105263158 
4 18 60 0.0 
6 37 670 0.0384615384615 
8 40 63 0.0704225352113 
5 31 20 0.08 
21 102 40 0.0 
4 25 31 0.0 
16 93 139 0.00645161290323 
6 36 44 0.18 
8 44 30 0.0526315789474 
6 29 16 0.0 
5 24 31 0.0 
13 97 109 0.00819672131148 
4 27 23 0.0 
2 9 21 0.0869565217391 
6 27 56 0.112903225806 
4 19 54 0.137931034483 
12 58 99 0.036036036036 
4 30 9 0.0 
7 30 20 0.037037037037 
2 9 22 0.0416666666667 
6 37 62 0.0294117647059 
9 71 14 0.0 
3 14 46 0.0816326530612 
54 265 0 0.037037037037 
6 35 32 0.0 
7 44 157 0.0 
7 57 59 0.0454545454545 
3 14 37 0.025 
11 68 4 0.0 
2 13 30 0.125 
17 114 0 0.0 
3 53 0 0.0 
6 32 91 0.0309278350515 
10 61 0 0.0 
6 44 11 0.0 
3 22 74 0.025974025974 
12 62 38 0.0 
4 20 36 0.0 
5 39 39 0.0 
18 89 0 0.0 
11 56 46 0.0526315789474 
3 18 69 0.0 
4 22 136 0.0357142857143 
17 88 0 0.0 
8 52 0 0.0 
3 24 29 0.03125 
6 38 3 0.0 
9 63 58 0.0 
4 15 40 0.136363636364 
6 34 33 0.0 
11 52 18 0.0344827586207 
12 81 0 0.0 
20 132 0 0.0 
10 45 92 0.0196078431373 
17 102 468 0.00824742268041 
6 46 22 0.0 
9 54 0 0.111111111111 
19 90 23 0.0 
5 34 55 0.0166666666667 
9 45 0 0.0 
11 52 30 0.0 
8 40 5 0.0 
13 78 26 0.0 
4 29 43 0.0 
3 19 18 0.047619047619 
3 13 51 0.037037037037 
18 95 59 0.0 
14 103 0 0.0714285714286 
12 66 38 0.06 
14 72 75 0.0 
7 32 2 0.0 
4 18 68 0.0972222222222 
13 76 49 0.0645161290323 
5 24 80 0.0 
2 16 24 0.0384615384615 
4 17 68 0.0277777777778 
6 32 49 0.0181818181818 
13 73 22 0.171428571429 
9 46 52 0.0327868852459 
4 18 52 0.0714285714286 
6 39 5 0.0 
9 53 78 0.0114942528736 
9 52 36 0.0222222222222 
5 25 40 0.0666666666667 
19 105 0 0.0 
2 12 44 0.0434782608696 
5 43 124 0.046511627907 
9 59 46 0.0 
2 9 24 0.0769230769231 
12 61 38 0.02 
5 28 46 0.0 
7 40 15 0.0909090909091 
4 20 253 0.0155642023346 
12 58 5 0.117647058824 
6 28 29 0.0857142857143 
7 36 35 0.119047619048 
13 72 11 0.125 
2 14 19 0.0 
5 30 40 0.0 
4 30 158 0.0617283950617 
14 87 0 0.0714285714286 
2 18 64 0.151515151515 
8 39 15 0.0434782608696 
2 11 23 0.04 
13 65 24 0.0 
9 44 18 0.0 
5 29 50 0.0 
3 12 40 0.0 
15 87 50 0.0 
7 48 21 0.0 
9 56 137 0.0205479452055 
5 42 66 0.0845070422535 
6 34 100 0.122641509434 
9 45 29 0.0 
13 82 53 0.0151515151515 
5 41 208 0.0281690140845 
9 60 68 0.012987012987 
4 22 80 0.0119047619048 
6 34 44 0.0 
4 18 24 0.0 
10 60 149 0.0188679245283 
31 181 138 0.100591715976 
4 26 87 0.0989010989011 
6 34 64 0.0142857142857 
19 91 44 0.031746031746 
4 25 30 0.0 
17 88 19 0.0 
14 76 57 0.0 
4 16 44 0.0833333333333 
4 30 83 0.149425287356 
2 8 24 0.0769230769231 
17 109 201 0.0045871559633 
3 21 30 0.0 
16 76 0 0.0 
5 30 89 0.031914893617 
8 35 0 0.0 
5 43 68 0.013698630137 
5 31 55 0.0666666666667 
15 84 0 0.0 
5 24 369 0.00267379679144 
3 19 26 0.0 
11 70 0 0.0 
4 18 64 0.0 
2 15 73 0.0133333333333 
2 15 86 0.0 
24 123 0 0.0 
8 53 289 0.0 
5 23 71 0.0 
5 28 94 0.0606060606061 
14 74 19 0.0 
9 46 11 0.05 
14 64 98 0.0 
10 53 0 0.1 
2 12 22 0.0 
11 58 43 0.0185185185185 
6 34 40 0.0217391304348 
3 16 53 0.0357142857143 
3 19 215 0.045871559633 
10 54 109 0.0 
11 48 56 0.283582089552 
4 24 49 0.0 
4 14 18 0.0909090909091 
3 15 1198 0.00249791840133 
13 91 0 0.0 
7 46 0 0.428571428571 
3 17 94 0.0412371134021 
5 27 0 0.0 
2 8 0 0.0 
21 119 0 0.047619047619 
11 61 80 0.010989010989 
2 7 27 0.0689655172414 
12 74 229 0.0331950207469 
10 61 69 0.0759493670886 
12 73 49 0.0983606557377 
8 46 13 0.0952380952381 
7 34 55 0.0161290322581 
7 41 79 0.0232558139535 
10 48 262 0.00735294117647 
9 64 75 0.0 
4 27 50 0.0 
7 35 12 0.0 
13 62 18 0.0322580645161 
9 48 114 0.0569105691057 
7 47 111 0.0 
8 48 80 0.0 
7 41 35 0.0 
8 32 36 0.0 
7 39 18 0.0 
7 34 30 0.0 
9 52 55 0.0625 
11 74 0 0.0909090909091 
4 21 54 0.0 
8 33 59 0.044776119403 
