10 0 0 0.0 0 
18 57 309 0.0 0 
14 177 961 0.0 0 
10 76 380 0.0232558139535 0 
12 48 290 0.0 0 
16 0 0 0.0 0 
3 38 205 0.0 0 
10 0 0 0.0 0 
12 0 0 0.333333333333 0 
27 91 513 0.0 0 
6 134 700 0.0 0 
5 54 291 0.0 0 
32 0 0 0.0 0 
14 57 287 0.0281690140845 0 
25 85 439 0.0 0 
15 43 226 0.0 0 
15 0 0 0.0 0 
8 80 427 0.0 0 
54 0 0 0.0185185185185 0 
5 38 208 0.0 0 
7 113 558 0.0 0 
15 0 0 0.0666666666667 0 
7 43 265 0.04 0 
16 99 535 0.0 0 
7 105 574 0.00892857142857 0 
10 29 167 0.0 0 
11 71 377 0.0487804878049 0 
16 44 242 0.0 0 
8 64 357 0.0138888888889 0 
15 113 610 0.0 0 
9 36 207 0.0 0 
25 152 767 0.0 0 
7 83 454 0.0 0 
4 106 660 0.0 0 
18 57 304 0.0 0 
10 49 246 0.0 0 
6 37 212 0.046511627907 0 
11 30 219 0.0 0 
13 117 661 0.0 0 
6 126 715 0.0 0 
15 583 3420 0.00501672240803 0 
21 43 219 0.0625 0 
8 0 0 0.0 0 
21 71 352 0.0 0 
13 139 735 0.0 0 
18 62 324 0.0 0 
8 57 306 0.0 0 
13 54 302 0.0597014925373 0 
2 173 884 0.0 0 
12 47 267 0.0 0 
7 0 0 0.0 0 
9 79 439 0.0 0 
12 100 530 0.0 0 
12 102 515 0.0263157894737 0 
12 0 0 0.0833333333333 0 
7 74 377 0.0 0 
24 84 397 0.0 0 
13 183 985 0.00510204081633 0 
7 0 0 0.0 0 
9 310 1462 0.012539184953 0 
7 48 237 0.0 0 
4 234 1313 0.0 0 
33 53 238 0.0 0 
4 195 1124 0.0150753768844 0 
7 0 0 0.0 0 
15 96 483 0.018018018018 0 
8 50 297 0.0 0 
8 77 442 0.0235294117647 0 
6 40 224 0.0217391304348 0 
6 77 420 0.0 0 
16 52 261 0.0 0 
6 88 521 0.0 0 
23 0 0 0.0 0 
11 77 428 0.0113636363636 0 
15 58 296 0.027397260274 0 
22 123 631 0.00689655172414 0 
8 61 316 0.0 0 
20 43 252 0.0 0 
7 97 598 0.0 0 
7 52 297 0.0 0 
6 0 0 0.0 0 
8 100 519 0.0 0 
7 0 0 0.0 0 
6 115 570 0.0 0 
8 48 242 0.0 0 
13 52 338 0.0 0 
7 58 281 0.0 0 
8 1846 10141 0.00701186623517 0 
7 97 556 0.0 0 
1 43 221 0.0 0 
42 0 0 0.0 0 
18 0 0 0.0555555555556 0 
9 163 911 0.0 0 
22 49 228 0.0 0 
14 130 714 0.00694444444444 0 
7 0 0 0.0 0 
8 0 0 0.0 0 
21 0 0 0.0 0 
11 116 576 0.0 0 
20 55 271 0.0 0 
12 0 0 0.0 0 
21 118 596 0.00719424460432 0 
10 149 793 0.0 0 
9 0 0 0.0 0 
9 36 205 0.0 0 
4 214 1119 0.0 0 
8 61 309 0.0144927536232 0 
10 286 1536 0.0135135135135 0 
10 137 677 0.0 0 
21 65 338 0.0 0 
7 65 345 0.0138888888889 0 
21 407 2090 0.0 0 
10 53 259 0.0 0 
14 47 264 0.0 0 
7 110 587 0.0 0 
22 178 986 0.015 0 
12 78 440 0.0 0 
5 0 0 0.0 0 
9 0 0 0.0 0 
12 0 0 0.0 0 
13 29 162 0.0238095238095 0 
15 0 0 0.0 0 
13 41 222 0.0 0 
35 104 533 0.00719424460432 0 
6 74 408 0.0 0 
5 49 274 0.0 0 
6 40 246 0.0 0 
17 71 388 0.0 0 
17 47 262 0.015625 0 
5 103 584 0.0 0 
11 52 313 0.0 0 
7 94 533 0.0 0 
12 78 404 0.0 0 
4 100 480 0.0384615384615 0 
9 65 303 0.0 0 
18 0 0 0.0 0 
3 55 284 0.0 0 
14 0 0 0.0 0 
11 75 406 0.0 0 
6 92 503 0.0102040816327 0 
14 77 442 0.0 0 
19 109 580 0.0 0 
8 93 504 0.0 0 
3 103 549 0.0 0 
22 64 345 0.0116279069767 0 
49 195 1101 0.00819672131148 0 
13 0 0 0.0769230769231 0 
16 61 345 0.0 0 
8 627 3697 0.0110236220472 0 
23 0 0 0.0 0 
8 0 0 0.0 0 
6 52 306 0.0172413793103 0 
26 0 0 0.0384615384615 0 
6 47 243 0.0 0 
8 38 204 0.0 0 
5 63 327 0.0 0 
21 81 448 0.00980392156863 0 
5 63 308 0.0 0 
6 382 2111 0.00257731958763 0 
17 0 0 0.0588235294118 0 
6 68 384 0.0 0 
23 132 706 0.00645161290323 0 
3 145 767 0.0 0 
14 50 260 0.03125 0 
17 60 293 0.0 0 
8 45 228 0.0 0 
8 0 0 0.0 0 
13 448 2472 0.00216919739696 0 
9 0 0 0.0 0 
9 267 1280 0.0108695652174 0 
18 57 342 0.0 0 
28 61 307 0.0 0 
9 154 784 0.0306748466258 0 
8 0 0 0.0 0 
12 85 457 0.0 0 
8 95 529 0.0 0 
12 52 293 0.0 0 
15 88 470 0.00970873786408 0 
6 65 327 0.0 0 
7 200 1097 0.0386473429952 0 
11 111 594 0.00819672131148 0 
7 96 486 0.0 0 
11 52 303 0.0 0 
14 60 351 0.0 0 
7 44 237 0.0196078431373 0 
14 60 315 0.0 0 
28 40 223 0.0 0 
10 170 853 0.0 0 
12 0 0 0.25 0 
2 39 210 0.0 0 
17 0 0 0.0588235294118 0 
17 60 344 0.0 0 
8 73 393 0.0 0 
6 116 599 0.016393442623 0 
3 39 224 0.0 0 
4 46 237 0.0 0 
7 65 364 0.0 0 
14 60 311 0.0 0 
29 43 214 0.0 0 
10 0 0 0.0 0 
12 68 344 0.0 0 
14 134 770 0.0135135135135 0 
3 442 2509 0.00224719101124 0 
8 0 0 0.0 0 
9 90 489 0.010101010101 0 
8 68 364 0.0 0 
8 102 538 0.0 0 
6 89 472 0.0 0 
13 39 209 0.0 0 
14 84 423 0.0102040816327 0 
9 60 310 0.0 0 
15 74 390 0.0 0 
6 96 504 0.0 0 
13 46 268 0.0 0 
8 86 475 0.0 0 
4 61 334 0.0 0 
9 235 1268 0.0 0 
4 89 454 0.0 0 
18 420 2065 0.00684931506849 0 
15 47 246 0.0 0 
14 157 872 0.0 0 
16 55 326 0.0 0 
14 38 214 0.0 0 
14 168 808 0.021978021978 0 
9 181 915 0.0105263157895 0 
6 64 340 0.0 0 
4 93 493 0.0 0 
21 0 0 0.0 0 
9 56 332 0.0153846153846 0 
9 0 0 0.222222222222 0 
3 0 0 0.0 0 
11 0 0 0.0 0 
15 72 401 0.0 0 
7 0 0 0.142857142857 0 
4 126 592 0.0 0 
47 0 0 0.0425531914894 0 
13 95 506 0.0 0 
15 0 0 0.0 0 
8 69 316 0.0 0 
3 43 214 0.0 0 
17 108 573 0.024 0 
16 114 656 0.0 0 
6 64 334 0.0 0 
13 76 387 0.0 0 
15 73 446 0.0 0 
14 71 326 0.0235294117647 0 
18 0 0 0.0 0 
11 68 375 0.0126582278481 0 
11 47 270 0.0 0 
10 57 305 0.0 0 
12 41 222 0.0 0 
12 92 520 0.0 0 
16 60 328 0.0 0 
8 106 547 0.00877192982456 0 
24 67 354 0.0 0 
9 86 507 0.0 0 
12 54 301 0.0 0 
23 167 962 0.0 0 
12 85 460 0.0 0 
7 0 0 0.0 0 
13 154 747 0.0 0 
11 70 358 0.0 0 
10 0 0 0.0 0 
9 105 565 0.0 0 
5 89 445 0.0212765957447 0 
12 39 186 0.0196078431373 0 
7 54 289 0.0 0 
19 702 3650 0.0166435506241 0 
14 54 302 0.0441176470588 0 
8 108 551 0.051724137931 0 
16 125 690 0.0141843971631 0 
8 155 808 0.0 0 
28 0 0 0.0714285714286 0 
10 0 0 0.0 0 
12 118 680 0.0 0 
17 84 457 0.0 0 
5 41 224 0.0217391304348 0 
2 54 278 0.0 0 
8 75 390 0.0 0 
17 41 215 0.0 0 
21 69 373 0.0 0 
4 96 518 0.0 0 
16 49 274 0.0 0 
23 117 602 0.0 0 
29 64 340 0.0 0 
13 70 455 0.0 0 
34 43 255 0.0 0 
8 292 1628 0.00666666666667 0 
4 39 214 0.0 0 
11 0 0 0.0 0 
10 0 0 0.0 0 
13 0 0 0.0 0 
9 0 0 0.0 0 
52 103 631 0.0 0 
8 45 246 0.0 0 
15 129 688 0.0 0 
22 42 242 0.0 0 
12 77 415 0.0 0 
6 40 194 0.0 0 
17 38 203 0.0181818181818 0 
4 51 248 0.0 0 
15 62 334 0.0 0 
10 0 0 0.0 0 
13 0 0 0.0 0 
17 59 361 0.0131578947368 0 
11 46 256 0.0350877192982 0 
34 0 0 0.0 0 
13 56 299 0.0289855072464 0 
21 44 235 0.0 0 
21 0 0 0.0 0 
3 44 243 0.0212765957447 0 
13 91 487 0.00961538461538 0 
14 63 380 0.0 0 
6 73 404 0.0 0 
14 0 0 0.0714285714286 0 
10 101 594 0.036036036036 0 
28 84 430 0.0 0 
46 89 515 0.0888888888889 0 
22 54 305 0.0 0 
13 252 1404 0.0 0 
12 40 214 0.0 0 
15 0 0 0.0 0 
9 526 2695 0.00560747663551 0 
17 0 0 0.0588235294118 0 
16 61 334 0.0 0 
20 0 0 0.0 0 
10 0 0 0.0 0 
11 0 0 0.0 0 
9 48 244 0.0175438596491 0 
35 0 0 0.0 0 
28 0 0 0.0357142857143 0 
27 95 467 0.00819672131148 0 
10 210 1121 0.0 0 
10 337 1785 0.0115273775216 0 
29 0 0 0.0689655172414 0 
31 85 459 0.0 0 
8 0 0 0.125 0 
6 37 212 0.046511627907 0 
16 0 0 0.0 0 
12 71 390 0.0240963855422 0 
28 56 281 0.0238095238095 0 
6 756 4412 0.00131233595801 0 
28 508 3065 0.0167910447761 0 
14 80 493 0.0 0 
4 39 207 0.046511627907 0 
3 0 0 0.0 0 
15 220 1203 0.00425531914894 0 
9 162 899 0.0 0 
17 58 292 0.0133333333333 0 
45 0 0 0.0222222222222 0 
20 303 1612 0.0030959752322 0 
10 38 215 0.0 0 
5 0 0 0.0 0 
6 0 0 0.166666666667 0 
13 0 0 0.153846153846 0 
11 0 0 0.0 0 
9 0 0 0.0 0 
7 103 524 0.0 0 
9 67 348 0.0 0 
2 46 255 0.0 0 
13 65 363 0.0 0 
9 117 627 0.0 0 
8 146 749 0.00649350649351 0 
10 87 487 0.0 0 
6 119 664 0.016 0 
3 75 392 0.0 0 
7 100 507 0.0 0 
28 126 683 0.012987012987 0 
6 65 380 0.0 0 
5 0 0 0.0 0 
21 32 155 0.0 0 
17 98 468 0.0 0 
24 90 445 0.0175438596491 0 
9 0 0 0.0 0 
7 0 0 0.142857142857 0 
11 73 420 0.0 0 
10 64 343 0.0135135135135 0 
9 51 296 0.05 0 
8 89 490 0.0 0 
13 70 338 0.0 0 
5 69 392 0.0 0 
16 39 197 0.0 0 
12 79 399 0.010989010989 0 
15 224 1232 0.0 0 
17 57 318 0.0405405405405 0 
18 189 987 0.00966183574879 0 
13 101 546 0.0 0 
17 70 367 0.0 0 
18 76 415 0.0 0 
4 51 276 0.0 0 
11 59 319 0.0 0 
22 263 1398 0.0 0 
5 54 341 0.0 0 
16 0 0 0.0 0 
3 57 295 0.0166666666667 0 
8 86 491 0.0 0 
14 63 350 0.0 0 
15 52 274 0.0149253731343 0 
13 61 322 0.0135135135135 0 
7 177 891 0.0108695652174 0 
17 152 732 0.00591715976331 0 
8 74 364 0.0243902439024 0 
14 42 219 0.0 0 
10 0 0 0.0 0 
6 210 1053 0.00462962962963 0 
4 39 205 0.0232558139535 0 
11 100 511 0.0 0 
47 98 588 0.0 0 
2 65 353 0.0 0 
13 52 277 0.0 0 
14 100 577 0.0 0 
16 88 484 0.0 0 
7 0 0 0.0 0 
4 0 0 0.0 0 
10 37 213 0.0212765957447 0 
10 40 221 0.0 0 
7 0 0 0.0 0 
5 75 387 0.0 0 
33 0 0 0.0 0 
6 54 297 0.0 0 
9 72 417 0.0 0 
8 51 261 0.0 0 
16 66 365 0.0121951219512 0 
5 50 241 0.0727272727273 0 
12 76 306 0.0113636363636 0 
13 43 215 0.0 0 
12 49 244 0.0 0 
7 106 581 0.0 0 
12 1090 6028 0.005444646098 0 
13 41 203 0.0 0 
14 41 212 0.0 0 
5 131 728 0.0 0 
5 55 280 0.0 0 
20 71 386 0.0 0 
12 80 365 0.0 0 
9 248 1198 0.0350194552529 0 
7 54 286 0.0 0 
17 60 288 0.038961038961 0 
17 75 374 0.0326086956522 0 
8 185 917 0.020725388601 0 
13 483 2685 0.0 0 
2 80 421 0.0243902439024 0 
9 255 1396 0.0227272727273 0 
18 58 331 0.0 0 
11 103 523 0.0350877192982 0 
11 51 302 0.0161290322581 0 
12 49 254 0.016393442623 0 
16 49 241 0.0 0 
12 54 284 0.0 0 
4 74 414 0.0 0 
11 42 277 0.0 0 
17 49 292 0.0 0 
6 0 0 0.0 0 
10 77 403 0.0344827586207 0 
9 52 287 0.016393442623 0 
3 60 313 0.015873015873 0 
6 37 212 0.046511627907 0 
18 0 0 0.0 0 
19 180 960 0.0 0 
14 105 578 0.0 0 
5 98 534 0.0 0 
13 58 320 0.0140845070423 0 
12 49 271 0.0 0 
17 0 0 0.117647058824 0 
11 207 1111 0.045871559633 0 
11 0 0 0.0 0 
5 80 424 0.0 0 
15 41 231 0.0 0 
12 0 0 0.0 0 
11 111 567 0.0409836065574 0 
16 20 108 0.0 0 
11 85 454 0.0 0 
16 156 907 0.0 0 
28 116 613 0.0277777777778 0 
6 30 203 0.0 0 
8 114 601 0.0 0 
10 0 0 0.0 0 
11 0 0 0.0909090909091 0 
4 0 0 0.25 0 
7 56 296 0.0 0 
12 43 221 0.0 0 
17 101 533 0.0169491525424 0 
6 54 278 0.0333333333333 0 
12 0 0 0.0 0 
20 57 260 0.0 0 
12 65 330 0.0 0 
20 70 342 0.0 0 
9 0 0 0.0 0 
8 86 448 0.0212765957447 0 
6 329 1786 0.0238805970149 0 
9 52 258 0.0 0 
6 0 0 0.0 0 
5 187 990 0.00520833333333 0 
10 99 496 0.00917431192661 0 
44 0 0 0.0227272727273 0 
17 141 758 0.0 0 
23 42 228 0.0 0 
10 117 627 0.0157480314961 0 
7 44 238 0.0 0 
15 54 266 0.0 0 
11 0 0 0.0909090909091 0 
12 0 0 0.0 0 
22 106 576 0.0078125 0 
13 50 250 0.0 0 
14 47 259 0.0 0 
9 110 632 0.0 0 
15 101 471 0.0172413793103 0 
15 132 811 0.0 0 
11 56 288 0.0 0 
10 62 289 0.0277777777778 0 
5 57 301 0.0 0 
14 0 0 0.0 0 
5 117 684 0.0409836065574 0 
19 62 273 0.0617283950617 0 
11 48 270 0.0 0 
7 176 919 0.0 0 
9 121 685 0.0 0 
12 138 771 0.00666666666667 0 
16 39 188 0.0 0 
6 72 467 0.0 0 
25 122 631 0.0 0 
7 64 365 0.0140845070423 0 
17 0 0 0.0 0 
13 49 288 0.0322580645161 0 
10 23 112 0.0 0 
14 0 0 0.142857142857 0 
19 83 440 0.0 0 
11 146 741 0.0127388535032 0 
16 66 369 0.0121951219512 0 
14 63 320 0.012987012987 0 
15 0 0 0.0 0 
6 37 212 0.046511627907 0 
9 66 332 0.0 0 
27 43 229 0.0 0 
45 143 788 0.0 0 
7 52 282 0.0 0 
8 0 0 0.0 0 
19 60 352 0.0 0 
12 16 107 0.0 0 
15 46 241 0.0 0 
6 55 298 0.0 0 
8 42 225 0.06 0 
8 350 2041 0.0 0 
24 143 719 0.0239520958084 0 
4 90 493 0.0 0 
7 60 336 0.0 0 
9 80 442 0.0112359550562 0 
6 168 888 0.0 0 
7 39 224 0.0 0 
29 26 123 0.0 0 
10 138 722 0.00675675675676 0 
14 96 477 0.0272727272727 0 
9 66 355 0.0 0 
16 46 250 0.0 0 
8 114 589 0.016393442623 0 
11 52 297 0.0 0 
4 138 760 0.0 0 
14 40 208 0.0 0 
5 98 479 0.00970873786408 0 
16 90 537 0.0 0 
6 55 265 0.0327868852459 0 
17 38 229 0.0 0 
20 0 0 0.0 0 
15 178 894 0.00518134715026 0 
11 39 250 0.0 0 
10 0 0 0.0 0 
8 71 382 0.0 0 
9 0 0 0.0 0 
10 90 398 0.0 0 
11 66 350 0.012987012987 0 
12 45 225 0.0 0 
30 0 0 0.1 0 
13 135 834 0.0 0 
11 124 626 0.0 0 
6 59 319 0.0 0 
9 0 0 0.0 0 
6 47 251 0.0188679245283 0 
8 75 418 0.0 0 
11 65 400 0.0 0 
5 41 212 0.0 0 
6 36 203 0.0 0 
11 0 0 0.0 0 
16 0 0 0.0 0 
7 55 297 0.0 0 
13 51 286 0.0 0 
20 50 302 0.0 0 
12 0 0 0.0 0 
3 48 223 0.0 0 
21 53 263 0.0135135135135 0 
9 245 1244 0.00787401574803 0 
15 109 729 0.0806451612903 0 
9 43 227 0.0 0 
20 0 0 0.0 0 
4 41 225 0.0 0 
12 74 419 0.0116279069767 0 
20 49 268 0.0 0 
4 86 423 0.0 0 
2 132 742 0.0 0 
5 239 1338 0.0245901639344 0 
15 0 0 0.0 0 
11 59 253 0.0 0 
8 69 366 0.0 0 
3 161 736 0.0243902439024 0 
11 117 592 0.0 0 
16 109 589 0.016 0 
4 210 1071 0.0140186915888 0 
20 5 18 0.0 0 
7 222 1101 0.0 0 
30 130 635 0.01875 0 
6 63 334 0.0289855072464 0 
16 0 0 0.0 0 
4 43 243 0.0 0 
25 104 598 0.0077519379845 0 
17 45 231 0.0 0 
11 198 954 0.0430622009569 0 
8 24 104 0.0 0 
4 49 246 0.0 0 
3 62 315 0.0 0 
5 70 330 0.0 0 
16 332 1994 0.0172413793103 0 
15 103 524 0.0 0 
7 92 462 0.0 0 
8 72 341 0.0 0 
10 220 1238 0.0130434782609 0 
9 83 424 0.0 0 
11 157 825 0.0119047619048 0 
8 41 211 0.0 0 
18 247 1301 0.0 0 
6 105 545 0.0810810810811 0 
4 40 205 0.0 0 
3 152 769 0.0 0 
18 17 86 0.0 0 
6 63 334 0.0289855072464 0 
10 108 478 0.0169491525424 0 
5 48 249 0.0 0 
30 96 459 0.0 0 
8 205 1151 0.0328638497653 0 
20 183 976 0.0 0 
6 44 222 0.0 0 
20 166 810 0.0 0 
22 17 95 0.0 0 
6 240 1275 0.020325203252 0 
13 56 278 0.0144927536232 0 
23 207 1001 0.0217391304348 0 
22 138 633 0.0375 0 
13 20 87 0.0 0 
4 40 241 0.0 0 
10 214 1046 0.00892857142857 0 
3 324 1684 0.00305810397554 0 
6 74 395 0.0 0 
9 64 332 0.0 0 
5 54 323 0.0338983050847 0 
3 147 737 0.0 0 
10 66 345 0.0 0 
16 65 408 0.0 0 
5 187 920 0.0208333333333 0 
10 67 351 0.0 0 
15 120 579 0.0444444444444 0 
18 22 114 0.0 0 
8 139 742 0.00680272108844 0 
16 123 661 0.0 0 
13 160 860 0.0115606936416 0 
6 69 381 0.0 0 
6 204 1076 0.00952380952381 0 
5 65 328 0.0 0 
13 264 1388 0.00361010830325 0 
11 39 197 0.0 0 
2 135 664 0.0 0 
11 139 779 0.0 0 
12 114 622 0.0634920634921 0 
7 71 349 0.0128205128205 0 
5 85 399 0.0333333333333 0 
3 219 1095 0.036036036036 0 
9 200 1003 0.00478468899522 0 
13 50 233 0.0 0 
10 147 713 0.0 0 
7 312 1637 0.0 0 
6 105 545 0.0810810810811 0 
11 386 1952 0.0125944584383 0 
26 59 289 0.0117647058824 0 
9 234 1210 0.0082304526749 0 
4 43 206 0.0 0 
16 35 168 0.0 0 
14 54 289 0.0 0 
15 61 306 0.0263157894737 0 
22 229 1222 0.0119521912351 0 
6 98 502 0.0 0 
6 98 506 0.0192307692308 0 
4 163 886 0.0 0 
5 24 141 0.0 0 
20 239 1255 0.0 0 
14 93 519 0.0 0 
10 166 1005 0.0 0 
2 70 372 0.0 0 
7 285 1530 0.0 0 
4 30 172 0.0 0 
7 143 670 0.0 0 
17 4 20 0.0 0 
13 27 126 0.0 0 
8 45 246 0.0 0 
31 0 0 0.0322580645161 0 
11 211 1072 0.0225225225225 0 
14 447 2314 0.0216919739696 0 
6 171 881 0.0 0 
10 43 218 0.0 0 
9 96 495 0.0 0 
42 229 1248 0.0 0 
14 334 1632 0.0201149425287 0 
30 150 766 0.0 0 
3 205 1014 0.00961538461538 0 
9 138 701 0.0 0 
24 160 897 0.0108695652174 0 
5 246 1246 0.00398406374502 0 
11 120 630 0.0229007633588 0 
6 265 1362 0.0110701107011 0 
8 159 808 0.0 0 
6 63 334 0.0289855072464 0 
5 147 767 0.00657894736842 0 
16 266 1308 0.00709219858156 0 
10 83 442 0.0 0 
6 63 334 0.0289855072464 0 
25 136 680 0.0372670807453 0 
12 55 272 0.0 0 
12 92 434 0.0192307692308 0 
17 52 263 0.0 0 
10 243 1268 0.0118577075099 0 
11 146 753 0.0127388535032 0 
6 105 545 0.0810810810811 0 
21 64 352 0.0 0 
12 252 1391 0.00757575757576 0 
10 392 1993 0.00248756218905 0 
3 106 546 0.0 0 
8 217 1147 0.0 0 
9 20 90 0.0 0 
10 41 233 0.0196078431373 0 
19 14 70 0.030303030303 0 
11 0 0 0.0 0 
6 91 490 0.020618556701 0 
9 282 1479 0.00687285223368 0 
7 227 1139 0.0042735042735 0 
4 133 703 0.00729927007299 0 
11 134 701 0.0206896551724 0 
28 369 1871 0.0 0 
12 92 436 0.0 0 
10 38 210 0.0 0 
23 49 232 0.0 0 
13 78 400 0.0 0 
12 20 99 0.0 0 
9 34 163 0.0 0 
14 164 893 0.0168539325843 0 
14 147 793 0.00621118012422 0 
5 16 89 0.0 0 
10 190 965 0.0 0 
9 14 80 0.0 0 
24 176 905 0.005 0 
9 213 1035 0.018018018018 0 
15 153 839 0.0119047619048 0 
7 58 315 0.0 0 
5 91 451 0.0208333333333 0 
7 106 507 0.0 0 
15 138 740 0.0 0 
8 32 155 0.0 0 
9 211 1059 0.0136363636364 0 
21 55 280 0.0 0 
7 116 588 0.0 0 
19 37 178 0.0 0 
17 55 285 0.0138888888889 0 
18 0 0 0.0 0 
5 179 1068 0.0 0 
11 179 972 0.0 0 
22 385 2062 0.00982800982801 0 
14 519 2631 0.031894934334 0 
8 568 3122 0.00520833333333 0 
4 195 1278 0.0150753768844 0 
31 5 25 0.0 0 
21 32 127 0.0 0 
6 74 386 0.0 0 
14 663 3488 0.00147710487445 0 
15 71 349 0.0 0 
7 241 1195 0.0161290322581 0 
14 118 564 0.00757575757576 0 
15 70 363 0.0 0 
10 100 538 0.0272727272727 0 
14 69 383 0.0 0 
21 138 719 0.0188679245283 0 
24 40 198 0.0 0 
12 220 1062 0.00862068965517 0 
15 313 1679 0.0030487804878 0 
15 68 353 0.0 0 
16 2 13 0.0 0 
4 52 287 0.0 0 
6 63 334 0.0289855072464 0 
4 23 113 0.0 0 
9 56 278 0.0153846153846 0 
4 89 449 0.0 0 
15 56 270 0.0281690140845 0 
6 170 881 0.0 0 
10 33 159 0.0 0 
7 58 276 0.0153846153846 0 
10 517 2747 0.0284629981025 0 
6 46 247 0.0 0 
8 93 470 0.0 0 
5 77 371 0.0121951219512 0 
12 231 1247 0.0 0 
17 0 0 0.0 0 
9 46 203 0.0 0 
7 50 248 0.0175438596491 0 
5 203 1050 0.00480769230769 0 
3 141 735 0.0 0 
13 226 1156 0.0167364016736 0 
3 153 752 0.0 0 
20 102 514 0.0 0 
3 323 1858 0.0122699386503 0 
6 90 480 0.0 0 
8 48 252 0.0 0 
12 42 210 0.0 0 
7 148 728 0.0258064516129 0 
4 47 222 0.0 0 
15 55 301 0.0 0 
19 160 866 0.00558659217877 0 
3 38 239 0.0 0 
9 56 276 0.0 0 
11 135 683 0.0 0 
23 55 312 0.0 0 
14 108 489 0.0 0 
9 45 225 0.0 0 
5 12 64 0.0 0 
23 78 379 0.00990099009901 0 
6 358 1765 0.0137362637363 0 
11 0 0 0.0 0 
21 189 1024 0.00952380952381 0 
13 0 0 0.0 0 
8 34 159 0.0 0 
1 284 1365 0.00350877192982 0 
4 82 395 0.0348837209302 0 
8 126 620 0.0 0 
3 43 206 0.0 0 
50 85 494 0.0 0 
11 87 493 0.0 0 
6 43 235 0.0 0 
36 0 0 0.0 0 
23 431 2310 0.0 0 
24 370 1885 0.00761421319797 0 
14 226 1236 0.00833333333333 0 
8 21 99 0.0 0 
3 19 102 0.0 0 
9 52 268 0.0327868852459 0 
17 132 739 0.0 0 
5 177 827 0.0 0 
16 271 1346 0.0104529616725 0 
14 109 546 0.0 0 
12 291 1492 0.00660066006601 0 
10 0 0 0.0 0 
12 1043 5348 0.0132701421801 0 
6 68 359 0.0135135135135 0 
4 167 829 0.0116959064327 0 
13 160 857 0.0 0 
12 71 319 0.0120481927711 0 
8 150 743 0.0189873417722 0 
10 41 197 0.0 0 
21 347 1794 0.00271739130435 0 
13 45 264 0.0 0 
5 93 504 0.0 0 
27 123 611 0.0133333333333 0 
35 601 3101 0.0 0 
4 92 466 0.0208333333333 0 
7 284 1365 0.00343642611684 0 
8 150 733 0.0 0 
20 16 76 0.0 0 
19 15 79 0.0294117647059 0 
3 37 189 0.0 0 
9 22 131 0.0 0 
11 526 2773 0.0 0 
19 108 571 0.0 0 
8 901 4618 0.019801980198 0 
9 188 1046 0.0152284263959 0 
11 260 1421 0.0 0 
8 79 439 0.0 0 
8 27 136 0.0571428571429 0 
12 139 747 0.0 0 
27 93 445 0.00833333333333 0 
10 20 105 0.0 0 
13 112 751 0.0 0 
5 99 509 0.0 0 
17 65 349 0.0121951219512 0 
25 117 617 0.00704225352113 0 
4 64 344 0.0 0 
30 460 2326 0.00612244897959 0 
5 110 566 0.00869565217391 0 
13 4 12 0.0588235294118 0 
5 39 199 0.0454545454545 0 
6 262 1388 0.0 0 
7 199 974 0.0 0 
21 160 783 0.0110497237569 0 
11 148 733 0.0 0 
21 174 889 0.0102564102564 0 
35 344 2070 0.0131926121372 0 
8 62 331 0.0285714285714 0 
5 160 822 0.0181818181818 0 
6 173 940 0.0223463687151 0 
15 537 2634 0.0018115942029 0 
27 303 1487 0.0333333333333 0 
17 0 0 0.0 0 
7 80 416 0.0 0 
3 89 504 0.0217391304348 0 
9 77 369 0.0 0 
8 14 72 0.0 0 
2 18 86 0.0 0 
9 79 395 0.0113636363636 0 
13 95 494 0.0 0 
4 28 158 0.0 0 
8 123 581 0.00763358778626 0 
12 2084 10938 0.013358778626 0 
7 16 111 0.0 0 
6 49 239 0.0181818181818 0 
12 93 451 0.0 0 
6 62 347 0.0294117647059 0 
13 77 382 0.0111111111111 0 
5 89 441 0.0106382978723 0 
5 154 774 0.0251572327044 0 
14 78 440 0.0108695652174 0 
7 469 2422 0.0147058823529 0 
16 817 4358 0.0324129651861 0 
12 73 346 0.0 0 
17 73 358 0.0111111111111 0 
15 177 871 0.0260416666667 0 
1 7 46 0.0 0 
6 160 856 0.0120481927711 0 
5 149 713 0.00649350649351 0 
5 26 153 0.0 0 
12 23 142 0.0 0 
9 34 179 0.0 0 
8 109 609 0.0 0 
11 34 188 0.0222222222222 0 
12 33 184 0.0 0 
32 540 2644 0.00524475524476 0 
17 337 1765 0.00564971751412 0 
12 337 1626 0.025787965616 0 
6 59 350 0.0 0 
8 99 541 0.0 0 
5 86 393 0.021978021978 0 
12 31 155 0.0 0 
16 135 668 0.00662251655629 0 
18 51 248 0.0 0 
13 587 2984 0.0116666666667 0 
11 83 440 0.0 0 
12 41 195 0.0377358490566 0 
9 60 307 0.0434782608696 0 
19 61 304 0.0 0 
11 77 398 0.0 0 
10 198 987 0.0 0 
18 80 360 0.0 0 
19 50 279 0.0 0 
4 173 825 0.0112994350282 0 
10 47 222 0.0701754385965 0 
7 78 416 0.0 0 
16 487 2406 0.00198807157058 0 
10 100 538 0.0272727272727 0 
2 119 596 0.0 0 
19 15 84 0.0588235294118 0 
11 18 103 0.0 0 
5 304 1510 0.0161812297735 0 
1 10 51 0.0 0 
4 57 254 0.016393442623 0 
12 16 88 0.0 0 
18 281 1456 0.0133779264214 0 
14 63 351 0.0519480519481 0 
14 64 329 0.0128205128205 0 
16 528 2848 0.00183823529412 0 
7 42 229 0.0408163265306 0 
15 245 1156 0.0115384615385 0 
6 184 916 0.00526315789474 0 
10 170 858 0.0166666666667 0 
10 64 323 0.0 0 
14 87 442 0.0 0 
14 129 662 0.00699300699301 0 
8 108 538 0.0172413793103 0 
9 158 808 0.0119760479042 0 
5 111 489 0.0431034482759 0 
11 413 2005 0.0188679245283 0 
13 91 505 0.00961538461538 0 
10 0 0 0.0 0 
9 142 751 0.0397350993377 0 
8 77 402 0.0 0 
9 79 415 0.0 0 
5 91 469 0.0 0 
7 24 119 0.0 0 
8 137 942 0.0344827586207 0 
18 34 153 0.0 0 
8 61 320 0.0 0 
14 249 1479 0.0152091254753 0 
12 155 682 0.0299401197605 0 
12 44 208 0.0 0 
3 139 830 0.0 0 
11 43 218 0.0 0 
22 265 1247 0.00696864111498 0 
14 159 781 0.0404624277457 0 
21 135 734 0.0 0 
6 441 2261 0.0201342281879 0 
2 40 208 0.0 0 
13 347 1856 0.00277777777778 0 
6 20 86 0.0 0 
7 135 679 0.0 0 
7 280 1436 0.0209059233449 0 
7 189 976 0.00510204081633 0 
13 319 1667 0.0 0 
16 167 826 0.0109289617486 0 
10 147 811 0.0 0 
12 248 1365 0.00769230769231 0 
12 111 563 0.0 0 
2 74 327 0.0 0 
17 138 753 0.00645161290323 0 
18 405 2115 0.00472813238771 0 
22 374 1877 0.0151515151515 0 
17 339 1820 0.00280898876404 0 
15 127 643 0.0140845070423 0 
8 201 1128 0.0143540669856 0 
11 157 876 0.0238095238095 0 
13 0 0 0.0 0 
27 180 889 0.0048309178744 0 
6 105 545 0.0810810810811 0 
5 236 1221 0.0 0 
6 91 490 0.020618556701 0 
6 63 334 0.0289855072464 0 
2 26 142 0.0 0 
3 130 654 0.00751879699248 0 
5 83 481 0.0 0 
11 470 2333 0.010395010395 0 
4 122 597 0.0 0 
7 35 179 0.0 0 
14 58 310 0.0 0 
6 188 953 0.0257731958763 0 
12 42 185 0.0 0 
8 123 649 0.0381679389313 0 
6 102 528 0.0 0 
30 85 421 0.00869565217391 0 
10 70 359 0.0 0 
7 61 293 0.0 0 
13 235 1226 0.0 0 
7 485 2370 0.00609756097561 0 
11 292 1453 0.00990099009901 0 
6 37 225 0.0 0 
6 142 721 0.00675675675676 0 
11 102 477 0.00884955752212 0 
2 37 175 0.0 0 
4 37 233 0.0 0 
15 211 1111 0.00884955752212 0 
8 27 137 0.0 0 
17 206 1153 0.0 0 
8 23 114 0.0 0 
19 81 418 0.0 0 
2 302 1513 0.00986842105263 0 
14 123 615 0.00729927007299 0 
6 63 334 0.0289855072464 0 
14 401 2043 0.00963855421687 0 
9 91 475 0.02 0 
13 107 541 0.0 0 
19 105 500 0.0 0 
20 307 1556 0.0 0 
12 218 1065 0.0130434782609 0 
10 28 171 0.0 0 
6 305 1632 0.016077170418 0 
8 149 890 0.00636942675159 0 
12 108 484 0.0166666666667 0 
6 22 131 0.0 0 
5 174 889 0.0 0 
6 62 331 0.0 0 
18 171 841 0.0 0 
14 92 485 0.0188679245283 0 
10 100 474 0.0454545454545 0 
9 56 272 0.0153846153846 0 
13 197 1064 0.0047619047619 0 
7 154 744 0.0 0 
10 281 1372 0.0103092783505 0 
16 285 1434 0.0 0 
15 74 357 0.0224719101124 0 
17 168 872 0.00540540540541 0 
4 88 452 0.0 0 
39 73 373 0.0 0 
12 376 2088 0.00257731958763 0 
7 172 848 0.0 0 
15 62 312 0.0 0 
19 267 1357 0.0034965034965 0 
7 51 266 0.0 0 
7 29 127 0.111111111111 0 
4 42 236 0.0 0 
20 142 747 0.00617283950617 0 
32 48 246 0.0125 0 
10 562 3040 0.0034965034965 0 
7 57 314 0.0 0 
13 270 1365 0.017667844523 0 
11 72 401 0.0120481927711 0 
11 14 76 0.0 0 
5 94 430 0.010101010101 0 
2 35 161 0.0540540540541 0 
21 14 68 0.0285714285714 0 
20 300 1479 0.0 0 
9 30 151 0.0 0 
16 250 1372 0.00751879699248 0 
21 12 70 0.0 0 
5 46 242 0.0 0 
5 227 1202 0.00431034482759 0 
18 15 121 0.0 0 
18 43 205 0.0 0 
3 49 246 0.0 0 
11 102 575 0.0 0 
12 231 1206 0.0082304526749 0 
10 193 956 0.00492610837438 0 
5 113 536 0.0 0 
5 63 320 0.0 0 
3 46 258 0.0 0 
16 69 344 0.0 0 
5 163 874 0.00595238095238 0 
27 31 161 0.0 0 
4 62 343 0.0 0 
12 67 360 0.0 0 
6 164 922 0.0 0 
14 176 853 0.0105263157895 0 
7 228 1217 0.0 0 
10 175 856 0.0162162162162 0 
10 17 85 0.0 0 
12 144 755 0.025641025641 0 
22 89 463 0.0 0 
10 47 248 0.0 0 
16 259 1242 0.0109090909091 0 
4 41 189 0.0 0 
6 112 575 0.00847457627119 0 
4 75 459 0.0 0 
11 154 787 0.0121212121212 0 
20 222 1134 0.0165289256198 0 
8 241 1088 0.00401606425703 0 
6 63 334 0.0289855072464 0 
12 116 583 0.0 0 
3 57 307 0.0166666666667 0 
13 51 259 0.0 0 
16 52 294 0.0294117647059 0 
11 104 498 0.0173913043478 0 
22 77 391 0.0 0 
9 88 457 0.0 0 
6 93 480 0.020202020202 0 
8 216 1123 0.00892857142857 0 
9 94 442 0.0 0 
14 175 917 0.0 0 
12 44 239 0.0535714285714 0 
15 127 586 0.0985915492958 0 
16 365 1874 0.00262467191601 0 
16 45 238 0.0 0 
4 200 979 0.00490196078431 0 
14 99 494 0.0 0 
20 68 365 0.0 0 
13 450 2427 0.0 0 
8 119 719 0.0 0 
9 92 446 0.0 0 
4 22 110 0.0 0 
4 81 365 0.0 0 
6 40 187 0.0 0 
12 200 1010 0.00471698113208 0 
6 18 94 0.0 0 
13 318 1671 0.00302114803625 0 
8 60 319 0.0 0 
5 34 168 0.0 0 
5 40 242 0.0 0 
20 31 144 0.0 0 
12 323 1809 0.0119402985075 0 
5 259 1321 0.0113636363636 0 
11 219 1154 0.0173913043478 0 
16 56 300 0.0277777777778 0 
12 189 1010 0.0 0 
8 59 281 0.0 0 
19 45 220 0.0 0 
9 221 1089 0.00869565217391 0 
12 188 913 0.005 0 
21 153 770 0.0 0 
8 221 1146 0.0131004366812 0 
16 320 1733 0.00297619047619 0 
12 115 690 0.0 0 
14 167 848 0.00552486187845 0 
9 427 2480 0.00229357798165 0 
5 199 1052 0.00490196078431 0 
11 27 130 0.0 0 
12 6 26 0.0 0 
9 326 1653 0.00597014925373 0 
12 99 530 0.027027027027 0 
5 59 291 0.0 0 
7 31 161 0.0 0 
8 265 1345 0.029304029304 0 
3 73 376 0.0 0 
15 237 1211 0.00793650793651 0 
10 85 442 0.0105263157895 0 
9 248 1224 0.00778210116732 0 
5 76 392 0.0 0 
14 0 0 0.142857142857 0 
7 53 303 0.0 0 
10 90 458 0.0 0 
15 0 0 0.0 0 
14 131 670 0.0 0 
8 43 229 0.0196078431373 0 
10 133 618 0.0 0 
8 17 77 0.0 0 
16 112 590 0.0 0 
8 33 197 0.0 0 
7 109 754 0.0 0 
14 23 165 0.0 0 
17 40 205 0.0175438596491 0 
16 100 498 0.00862068965517 0 
12 173 1048 0.0162162162162 0 
16 56 305 0.0 0 
15 204 1098 0.00456621004566 0 
10 148 781 0.0189873417722 0 
5 62 336 0.0 0 
15 230 1216 0.0285714285714 0 
5 31 158 0.0 0 
8 26 134 0.0 0 
10 36 181 0.0 0 
6 136 654 0.0352112676056 0 
25 197 1167 0.00900900900901 0 
14 126 658 0.0 0 
4 77 361 0.0 0 
17 46 220 0.0 0 
22 86 472 0.0 0 
9 408 2103 0.0167865707434 0 
19 28 159 0.0212765957447 0 
16 64 332 0.0 0 
19 308 1470 0.0244648318043 0 
20 57 328 0.0 0 
8 106 628 0.00877192982456 0 
15 47 264 0.0 0 
7 86 463 0.0 0 
13 379 2088 0.0 0 
10 15 89 0.0 0 
26 61 346 0.0 0 
5 79 465 0.0238095238095 0 
7 128 683 0.0 0 
9 153 773 0.0 0 
5 79 465 0.0238095238095 0 
9 34 170 0.0697674418605 0 
15 135 703 0.0 0 
15 38 200 0.0 0 
6 136 704 0.0 0 
12 58 290 0.0285714285714 0 
5 35 178 0.0 0 
13 117 608 0.0 0 
3 67 357 0.0142857142857 0 
11 43 192 0.0185185185185 0 
5 24 119 0.0 0 
7 24 101 0.0 0 
9 97 522 0.0283018867925 0 
9 245 1174 0.0 0 
13 75 374 0.0 0 
12 184 1061 0.0 0 
13 46 217 0.0 0 
9 56 278 0.0 0 
5 40 199 0.0222222222222 0 
19 321 1668 0.0147058823529 0 
17 167 904 0.0 0 
14 99 480 0.0 0 
3 40 234 0.0 0 
18 106 554 0.00806451612903 0 
7 29 143 0.0 0 
9 159 808 0.0 0 
9 43 210 0.0 0 
9 27 132 0.0277777777778 0 
18 116 595 0.0223880597015 0 
12 201 1047 0.0093896713615 0 
2 44 247 0.0434782608696 0 
11 53 279 0.0 0 
6 63 334 0.0289855072464 0 
9 87 430 0.0416666666667 0 
10 34 163 0.0 0 
5 125 619 0.0 0 
16 17 84 0.0 0 
10 264 1429 0.014598540146 0 
12 20 101 0.0 0 
5 52 273 0.0 0 
6 63 334 0.0289855072464 0 
9 264 1334 0.00732600732601 0 
9 58 299 0.044776119403 0 
5 79 465 0.0238095238095 0 
9 295 1599 0.0197368421053 0 
18 371 1864 0.00514138817481 0 
6 26 137 0.0 0 
16 312 1470 0.0365853658537 0 
14 92 500 0.0 0 
13 67 435 0.0 0 
17 38 168 0.0 0 
4 105 603 0.0183486238532 0 
11 624 3141 0.00314960629921 0 
3 99 512 0.0 0 
4 30 142 0.0588235294118 0 
15 270 1483 0.00350877192982 0 
13 28 151 0.0 0 
9 100 483 0.0183486238532 0 
6 87 465 0.0 0 
6 36 180 0.0 0 
8 1044 5389 0.000950570342205 0 
21 93 443 0.00877192982456 0 
9 264 1353 0.014652014652 0 
11 213 1118 0.00446428571429 0 
4 131 648 0.0 0 
22 0 0 0.0 0 
8 95 474 0.0 0 
10 40 223 0.0 0 
6 63 334 0.0289855072464 0 
5 52 301 0.0 0 
17 41 238 0.0 0 
8 116 571 0.00806451612903 0 
26 261 1332 0.0 0 
6 43 203 0.0 0 
15 7 36 0.0 0 
9 52 285 0.0 0 
11 42 226 0.0 0 
27 393 1977 0.00714285714286 0 
15 223 1054 0.0210084033613 0 
14 302 1524 0.0189873417722 0 
12 50 263 0.0 0 
10 42 226 0.0192307692308 0 
7 314 1490 0.0249221183801 0 
7 315 1704 0.027950310559 0 
18 9 51 0.0 0 
10 106 530 0.0 0 
5 33 187 0.0 0 
9 83 444 0.0108695652174 0 
13 319 1709 0.0421686746988 0 
4 127 662 0.0229007633588 0 
4 22 111 0.0 0 
4 28 162 0.0 0 
9 42 232 0.0 0 
13 8 43 0.047619047619 0 
6 141 772 0.00680272108844 0 
13 0 0 0.0 0 
13 55 260 0.0588235294118 0 
8 118 632 0.0 0 
7 46 227 0.0 0 
10 350 1927 0.0388888888889 0 
10 390 2282 0.0075 0 
4 243 1256 0.0121457489879 0 
25 97 461 0.00819672131148 0 
20 131 630 0.0 0 
20 130 686 0.0 0 
21 116 588 0.0 0 
9 52 279 0.016393442623 0 
10 39 158 0.0 0 
16 47 245 0.0 0 
14 91 442 0.0 0 
12 630 3045 0.0109034267913 0 
7 18 95 0.0 0 
9 17 102 0.0 0 
4 79 462 0.0 0 
5 49 260 0.0185185185185 0 
3 66 385 0.0 0 
10 195 1108 0.00487804878049 0 
6 39 195 0.0 0 
15 146 708 0.0186335403727 0 
12 135 675 0.0136054421769 0 
12 18 97 0.0 0 
3 97 524 0.01 0 
15 66 346 0.0493827160494 0 
13 1638 8666 0.0109024833434 0 
32 254 1261 0.013986013986 0 
3 30 176 0.0 0 
13 156 800 0.0 0 
14 25 124 0.0 0 
10 113 555 0.0 0 
28 103 512 0.0 0 
4 69 363 0.013698630137 0 
14 53 282 0.0 0 
5 236 1214 0.0124481327801 0 
16 88 444 0.00961538461538 0 
8 216 1167 0.00446428571429 0 
7 49 264 0.0 0 
18 96 475 0.0 0 
8 110 611 0.0 0 
10 103 479 0.0353982300885 0 
11 144 773 0.0 0 
3 133 660 0.0147058823529 0 
7 128 628 0.0 0 
11 89 451 0.0 0 
4 71 384 0.0133333333333 0 
27 344 1744 0.010781671159 0 
10 178 859 0.0 0 
9 67 342 0.0 0 
34 20 106 0.0 0 
5 411 2157 0.00480769230769 0 
7 112 564 0.00840336134454 0 
6 59 314 0.0 0 
18 54 282 0.0 0 
4 171 884 0.0 0 
10 131 665 0.0 0 
11 176 911 0.00534759358289 0 
10 110 527 0.0166666666667 0 
15 81 425 0.0104166666667 0 
5 355 1839 0.0166666666667 0 
5 37 204 0.0 0 
12 96 508 0.0277777777778 0 
9 92 469 0.0 0 
6 63 334 0.0289855072464 0 
4 34 195 0.0263157894737 0 
10 356 1733 0.0109289617486 0 
7 192 983 0.00502512562814 0 
7 137 661 0.0 0 
17 120 591 0.029197080292 0 
18 78 397 0.0104166666667 0 
8 237 1245 0.00816326530612 0 
6 35 183 0.0 0 
8 44 233 0.0 0 
4 74 413 0.0 0 
5 58 273 0.015873015873 0 
5 53 280 0.0 0 
5 186 911 0.0104712041885 0 
15 18 98 0.0 0 
7 65 372 0.0277777777778 0 
3 74 445 0.0 0 
5 140 760 0.00689655172414 0 
16 170 830 0.010752688172 0 
8 197 989 0.0 0 
2 163 864 0.0 0 
4 165 885 0.0177514792899 0 
22 0 0 0.0 0 
8 50 239 0.0 0 
10 90 506 0.0 0 
7 1013 5567 0.000980392156863 0 
17 100 498 0.034188034188 0 
12 28 168 0.0 0 
14 65 337 0.0 0 
6 164 859 0.0 0 
5 75 375 0.0 0 
15 8 52 0.0 0 
10 20 108 0.0 0 
2 50 267 0.0 0 
6 91 490 0.020618556701 0 
8 86 470 0.0 0 
3 268 1472 0.00738007380074 0 
5 136 670 0.00709219858156 0 
8 54 281 0.0 0 
3 341 2222 0.165697674419 0 
8 81 376 0.0 0 
15 5 25 0.0 0 
15 474 2466 0.0 0 
14 233 1259 0.0080971659919 0 
8 121 585 0.0077519379845 0 
10 117 557 0.125984251969 0 
9 165 950 0.0 0 
9 162 803 0.0175438596491 0 
14 188 955 0.00990099009901 0 
8 137 643 0.0206896551724 0 
12 48 269 0.0 0 
6 31 140 0.108108108108 0 
11 200 1015 0.00473933649289 0 
16 19 109 0.0 0 
18 255 1276 0.018315018315 0 
9 297 1497 0.016339869281 0 
3 91 454 0.0212765957447 0 
14 237 1283 0.0 0 
28 16 79 0.0 0 
6 50 267 0.0 0 
43 47 257 0.0 0 
5 85 433 0.0 0 
13 43 187 0.0 0 
15 170 897 0.0 0 
9 27 154 0.0 0 
3 162 803 0.0242424242424 0 
5 63 348 0.0 0 
5 279 1401 0.0105633802817 0 
10 40 207 0.0 0 
4 51 288 0.0 0 
3 60 306 0.0 0 
8 50 233 0.0 0 
9 145 854 0.0 0 
5 105 525 0.00909090909091 0 
18 158 804 0.0 0 
4 26 154 0.0 0 
17 34 175 0.0 0 
3 160 688 0.0122699386503 0 
45 213 1043 0.0 0 
8 23 95 0.0645161290323 0 
17 183 917 0.045 0 
9 99 452 0.0 0 
14 26 137 0.0 0 
16 15 85 0.0 0 
4 42 203 0.0 0 
21 292 1511 0.0191693290735 0 
8 143 678 0.0198675496689 0 
9 409 2062 0.00239234449761 0 
3 111 611 0.0 0 
13 163 767 0.0 0 
5 334 1683 0.00294985250737 0 
9 151 742 0.0 0 
10 265 1369 0.00363636363636 0 
9 461 2290 0.0063829787234 0 
5 101 530 0.0188679245283 0 
19 634 3162 0.00459418070444 0 
17 39 198 0.0 0 
4 35 186 0.0 0 
7 106 613 0.0 0 
4 212 1111 0.00462962962963 0 
10 23 187 0.030303030303 0 
9 66 359 0.04 0 
8 4 15 0.0 0 
10 80 385 0.0 0 
13 154 814 0.0059880239521 0 
26 291 1408 0.00315457413249 0 
7 162 909 0.00591715976331 0 
14 133 681 0.0 0 
11 132 736 0.0 0 
4 35 201 0.0 0 
18 0 0 0.0 0 
20 101 546 0.0 0 
12 28 141 0.05 0 
6 183 919 0.010582010582 0 
13 208 1098 0.00904977375566 0 
5 40 199 0.0222222222222 0 
7 245 1309 0.0 0 
14 195 976 0.00478468899522 0 
12 105 629 0.0 0 
8 10 52 0.0 0 
4 70 383 0.0 0 
7 17 94 0.0 0 
7 83 408 0.0111111111111 0 
3 42 209 0.0 0 
14 99 448 0.00884955752212 0 
7 70 398 0.0 0 
8 267 1380 0.00363636363636 0 
10 319 1636 0.00607902735562 0 
5 91 449 0.0104166666667 0 
4 107 544 0.027027027027 0 
8 109 589 0.017094017094 0 
6 79 426 0.0235294117647 0 
11 179 941 0.00526315789474 0 
7 143 809 0.00666666666667 0 
15 184 894 0.0 0 
13 123 639 0.0 0 
25 164 835 0.037037037037 0 
13 252 1328 0.011320754717 0 
7 125 621 0.0227272727273 0 
5 44 224 0.0 0 
9 108 558 0.0 0 
13 246 1253 0.0 0 
13 27 145 0.0 0 
7 925 4544 0.0 0 
9 13 55 0.0454545454545 0 
9 327 1693 0.00297619047619 0 
7 47 260 0.0 0 
10 63 328 0.013698630137 0 
15 102 543 0.0 0 
9 48 253 0.0 0 
13 161 795 0.0459770114943 0 
4 68 346 0.0 0 
10 0 0 0.0 0 
7 597 3208 0.0132450331126 0 
9 0 0 0.0 0 
10 99 508 0.0 0 
7 92 472 0.010101010101 0 
6 254 1328 0.0846153846154 0 
4 0 0 0.25 0 
12 137 687 0.0134228187919 0 
14 155 787 0.0 0 
11 0 0 0.0 0 
20 58 297 0.025641025641 0 
7 27 152 0.0294117647059 0 
10 205 1011 0.0279069767442 0 
8 28 156 0.0 0 
9 351 1775 0.0527777777778 0 
20 388 2190 0.0 0 
14 167 985 0.00552486187845 0 
11 36 203 0.0 0 
3 141 812 0.0208333333333 0 
2 158 842 0.0125 0 
21 0 0 0.0 0 
4 75 369 0.0 0 
9 156 921 0.0181818181818 0 
9 94 495 0.0 0 
5 45 212 0.0 0 
13 0 0 0.0 0 
5 40 194 0.0 0 
5 148 785 0.0 0 
14 0 0 0.0 0 
6 130 726 0.0 0 
11 65 356 0.0 0 
8 20 113 0.0 0 
38 0 0 0.0 0 
7 75 336 0.0121951219512 0 
9 78 405 0.0 0 
3 0 0 0.0 0 
18 10 30 0.0 0 
9 41 206 0.02 0 
3 241 1251 0.0 0 
3 75 393 0.025641025641 0 
7 119 625 0.0 0 
23 0 0 0.0 0 
8 0 0 0.0 0 
4 73 381 0.012987012987 0 
10 0 0 0.2 0 
6 80 404 0.0581395348837 0 
11 290 1474 0.00332225913621 0 
3 58 314 0.0 0 
9 41 271 0.02 0 
4 33 194 0.0 0 
5 99 500 0.0192307692308 0 
6 0 0 0.0 0 
3 0 0 0.0 0 
6 87 424 0.0 0 
8 112 642 0.025 0 
3 71 397 0.0 0 
3 120 620 0.0162601626016 0 
5 0 0 0.0 0 
8 0 0 0.0 0 
6 0 0 0.0 0 
12 212 1118 0.00892857142857 0 
9 15 81 0.0 0 
17 133 694 0.0 0 
8 63 345 0.0 0 
2 48 262 0.0 0 
6 0 0 0.0 0 
15 113 624 0.0 0 
4 0 0 0.0 0 
13 231 1105 0.0286885245902 0 
11 54 308 0.0 0 
6 72 397 0.025641025641 0 
6 272 1429 0.00719424460432 0 
16 0 0 0.0 0 
11 0 0 0.0 0 
5 0 0 0.2 0 
13 17 107 0.0 0 
3 0 0 0.0 0 
9 0 0 0.111111111111 0 
8 0 0 0.0 0 
9 0 0 0.0 0 
9 208 999 0.073732718894 0 
5 25 121 0.0 0 
9 682 3672 0.305354558611 0 
9 153 793 0.0246913580247 0 
6 116 567 0.0 0 
8 0 0 0.125 0 
12 134 660 0.013698630137 0 
8 117 658 0.008 0 
2 38 178 0.05 0 
6 447 2413 0.0110375275938 0 
6 87 438 0.0 0 
7 133 700 0.0285714285714 0 
26 23 114 0.0 0 
22 0 0 0.0 0 
23 173 909 0.0 0 
9 209 1028 0.0229357798165 0 
5 73 417 0.025641025641 0 
7 34 168 0.0 0 
14 0 0 0.0714285714286 0 
5 0 0 0.0 0 
14 46 254 0.0 0 
21 223 1159 0.0122950819672 0 
9 141 782 0.0 0 
5 39 224 0.0227272727273 0 
5 338 1789 0.0320699708455 0 
1 97 469 0.0204081632653 0 
4 80 468 0.0 0 
6 68 376 0.0 0 
3 72 358 0.0133333333333 0 
13 27 169 0.0 0 
3 28 146 0.0 0 
4 95 499 0.010101010101 0 
4 112 546 0.0 0 
8 106 605 0.0175438596491 0 
4 99 522 0.0 0 
3 0 0 0.0 0 
4 85 467 0.0 0 
11 6 50 0.0 0 
3 136 714 0.0215827338129 0 
18 48 252 0.030303030303 0 
5 54 253 0.0 0 
11 280 1579 0.0 0 
20 0 0 0.05 0 
6 0 0 0.166666666667 0 
8 25 128 0.0 0 
3 64 336 0.0 0 
10 0 0 0.0 0 
14 35 175 0.0 0 
8 39 178 0.0 0 
4 30 192 0.0 0 
6 66 352 0.0 0 
12 0 0 0.0 0 
19 40 201 0.0 0 
25 0 0 0.0 0 
11 0 0 0.0 0 
3 26 133 0.0 0 
12 108 569 0.0 0 
9 0 0 0.0 0 
31 0 0 0.0 0 
16 0 0 0.0 0 
19 0 0 0.157894736842 0 
8 113 647 0.0 0 
2 0 0 0.0 0 
24 11 87 0.0571428571429 0 
15 0 0 0.0 0 
11 88 436 0.0707070707071 0 
11 0 0 0.0 0 
6 153 815 0.0188679245283 0 
5 25 126 0.0 0 
5 53 277 0.0 0 
5 74 379 0.0 0 
9 59 299 0.0 0 
12 6 24 0.0 0 
3 103 482 0.0188679245283 0 
22 3741 19943 0.0207281424395 0 
7 155 849 0.00617283950617 0 
7 107 545 0.0263157894737 0 
10 0 0 0.0 0 
4 12 51 0.0 0 
7 0 0 0.0 0 
4 0 0 0.0 0 
7 131 659 0.0144927536232 0 
10 106 532 0.0775862068966 0 
11 320 1852 0.0211480362538 0 
17 46 230 0.0 0 
9 74 374 0.0 0 
8 0 0 0.0 0 
15 117 688 0.0 0 
4 28 128 0.0 0 
10 0 0 0.1 0 
3 45 236 0.104166666667 0 
15 132 660 0.0544217687075 0 
5 129 671 0.044776119403 0 
7 23 106 0.0 0 
4 168 866 0.0 0 
8 106 605 0.0175438596491 0 
5 151 732 0.00641025641026 0 
13 21 112 0.0 0 
4 79 444 0.0602409638554 0 
12 158 890 0.0176470588235 0 
16 14 90 0.0 0 
8 436 2241 0.018018018018 0 
9 59 298 0.0 0 
9 439 2300 0.015625 0 
2 111 622 0.0 0 
14 22 115 0.0 0 
8 0 0 0.0 0 
10 0 0 0.0 0 
16 0 0 0.0 0 
7 0 0 0.0 0 
10 118 563 0.0078125 0 
9 78 383 0.0 0 
5 79 416 0.0 0 
6 0 0 0.0 0 
6 0 0 0.0 0 
11 96 527 0.0 0 
4 0 0 0.0 0 
9 47 233 0.0 0 
9 0 0 0.0 0 
19 137 733 0.0 0 
10 0 0 0.0 0 
3 104 543 0.0467289719626 0 
6 84 473 0.0 0 
3 111 594 0.0 0 
22 148 804 0.00588235294118 0 
6 144 711 0.0133333333333 0 
8 88 529 0.0208333333333 0 
8 95 516 0.0 0 
8 13 72 0.0 0 
8 160 758 0.0119047619048 0 
14 127 727 0.0 0 
12 10 43 0.0454545454545 0 
9 65 316 0.108108108108 0 
16 214 1117 0.00869565217391 0 
12 60 319 0.0 0 
7 70 332 0.0 0 
4 125 635 0.031007751938 0 
4 130 718 0.0149253731343 0 
8 88 529 0.0208333333333 0 
11 239 1188 0.0 0 
15 0 0 0.0 0 
20 62 300 0.0609756097561 0 
9 192 1018 0.044776119403 0 
15 76 401 0.010989010989 0 
8 75 397 0.0 0 
8 0 0 0.0 0 
4 47 287 0.0 0 
7 0 0 0.0 0 
14 0 0 0.0 0 
15 0 0 0.0 0 
4 407 2312 0.0 0 
10 85 460 0.0 0 
16 231 1237 0.0121457489879 0 
10 110 532 0.0416666666667 0 
12 85 440 0.0103092783505 0 
41 0 0 0.0 0 
7 171 893 0.0112359550562 0 
5 36 185 0.0 0 
12 0 0 0.0 0 
7 0 0 0.0 0 
26 12 54 0.0 0 
18 471 2390 0.0654396728016 0 
10 115 659 0.032 0 
17 198 1144 0.0093023255814 0 
4 114 554 0.00847457627119 0 
11 36 175 0.0 0 
6 61 330 0.0149253731343 0 
8 203 1184 0.0189573459716 0 
6 0 0 0.0 0 
9 70 359 0.0 0 
7 0 0 0.0 0 
12 91 548 0.0 0 
7 74 372 0.0 0 
11 0 0 0.0 0 
3 0 0 0.0 0 
4 120 618 0.00806451612903 0 
13 224 1091 0.0675105485232 0 
4 0 0 0.0 0 
5 56 320 0.0 0 
13 480 2481 0.0243407707911 0 
6 0 0 0.0 0 
16 105 521 0.0247933884298 0 
17 140 773 0.0 0 
15 44 198 0.0 0 
7 386 1967 0.0 0 
10 0 0 0.1 0 
10 104 505 0.114035087719 0 
7 50 242 0.0 0 
27 240 1328 0.0 0 
8 106 605 0.0175438596491 0 
3 88 489 0.0 0 
8 0 0 0.125 0 
8 169 911 0.00564971751412 0 
6 73 382 0.0 0 
13 76 358 0.0112359550562 0 
5 163 815 0.0357142857143 0 
9 194 1064 0.0837438423645 0 
10 104 484 0.140350877193 0 
8 46 191 0.0 0 
8 39 199 0.0 0 
10 0 0 0.0 0 
30 0 0 0.0 0 
11 62 337 0.013698630137 0 
12 49 266 0.0 0 
15 22 123 0.027027027027 0 
15 20 101 0.0 0 
6 200 1127 0.0194174757282 0 
4 131 722 0.0 0 
8 106 605 0.0175438596491 0 
7 78 445 0.0 0 
6 0 0 0.0 0 
7 0 0 0.0 0 
10 138 685 0.00675675675676 0 
14 131 754 0.0206896551724 0 
9 100 501 0.0 0 
7 271 1439 0.0251798561151 0 
5 85 481 0.0111111111111 0 
23 6 33 0.0 0 
18 0 0 0.0 0 
5 93 453 0.030612244898 0 
42 0 0 0.0 0 
8 88 529 0.0208333333333 0 
15 29 148 0.0 0 
7 98 477 0.0 0 
7 137 710 0.0208333333333 0 
12 124 735 0.0220588235294 0 
8 395 1954 0.00992555831266 0 
11 0 0 0.0 0 
3 58 304 0.0819672131148 0 
15 96 503 0.0 0 
4 55 282 0.0 0 
7 0 0 0.0 0 
15 0 0 0.0666666666667 0 
12 18 103 0.0 0 
9 106 533 0.00869565217391 0 
13 0 0 0.0 0 
5 59 335 0.0 0 
6 0 0 0.0 0 
20 186 1009 0.0242718446602 0 
7 95 480 0.156862745098 0 
5 117 588 0.0327868852459 0 
4 163 903 0.0 0 
6 0 0 0.0 0 
48 0 0 0.0 0 
7 96 446 0.00970873786408 0 
8 48 249 0.0 0 
12 0 0 0.0 0 
8 130 733 0.0 0 
5 104 584 0.0183486238532 0 
7 231 1141 0.0 0 
6 72 385 0.0128205128205 0 
13 0 0 0.0769230769231 0 
4 0 0 0.0 0 
8 90 481 0.0102040816327 0 
6 40 232 0.0 0 
7 184 913 0.0 0 
8 49 222 0.0 0 
5 74 364 0.0126582278481 0 
6 51 321 0.0 0 
16 104 563 0.0583333333333 0 
4 26 164 0.0 0 
3 68 366 0.0 0 
6 31 179 0.0 0 
5 22 115 0.0 0 
4 43 213 0.0 0 
5 107 546 0.0 0 
6 0 0 0.0 0 
3 0 0 0.0 0 
6 97 537 0.0 0 
9 32 188 0.0 0 
10 0 0 0.0 0 
5 39 206 0.0 0 
2 52 284 0.0 0 
9 82 415 0.0 0 
14 124 657 0.0289855072464 0 
5 123 669 0.0390625 0 
13 0 0 0.0 0 
13 0 0 0.0 0 
10 129 614 0.0287769784173 0 
3 19 96 0.0 0 
7 81 453 0.0113636363636 0 
17 31 132 0.0833333333333 0 
20 14 83 0.0 0 
18 88 433 0.0 0 
24 305 1681 0.0121580547112 0 
7 172 816 0.0223463687151 0 
20 172 891 0.046875 0 
13 23 122 0.0 0 
9 0 0 0.0 0 
15 196 1042 0.0 0 
11 0 0 0.0 0 
5 31 191 0.0 0 
3 29 160 0.0 0 
13 100 568 0.0176991150442 0 
7 77 459 0.0 0 
9 72 384 0.0 0 
11 77 425 0.0113636363636 0 
10 85 442 0.0 0 
7 0 0 0.0 0 
15 0 0 0.0666666666667 0 
12 107 534 0.0168067226891 0 
15 170 885 0.0216216216216 0 
4 52 257 0.0357142857143 0 
7 64 323 0.0 0 
10 153 783 0.00613496932515 0 
6 77 401 0.0 0 
8 0 0 0.0 0 
18 73 322 0.0769230769231 0 
2 106 534 0.0 0 
8 106 503 0.0 0 
3 379 1900 0.0 0 
17 89 450 0.0 0 
7 40 219 0.0 0 
4 0 0 0.0 0 
12 0 0 0.0 0 
7 0 0 0.0 0 
5 82 411 0.0 0 
14 126 672 0.0142857142857 0 
4 31 171 0.0 0 
7 97 486 0.0 0 
11 78 390 0.0 0 
7 13 58 0.1 0 
43 0 0 0.046511627907 0 
10 0 0 0.0 0 
29 0 0 0.0344827586207 0 
10 173 948 0.0109289617486 0 
4 28 156 0.0 0 
3 168 842 0.00584795321637 0 
7 111 582 0.0 0 
3 76 394 0.0 0 
3 0 0 0.0 0 
8 21 113 0.0 0 
9 183 860 0.0364583333333 0 
21 0 0 0.0 0 
4 23 120 0.0 0 
6 63 330 0.0 0 
11 126 678 0.00729927007299 0 
35 50 260 0.0 0 
2 66 370 0.0 0 
17 0 0 0.0588235294118 0 
15 184 938 0.0150753768844 0 
8 106 605 0.0175438596491 0 
9 140 776 0.0201342281879 0 
5 174 887 0.0 0 
5 74 393 0.0126582278481 0 
5 109 499 0.0 0 
6 144 710 0.00666666666667 0 
13 0 0 0.0 0 
8 50 270 0.0 0 
5 77 399 0.0 0 
8 88 529 0.0208333333333 0 
8 0 0 0.0 0 
8 0 0 0.0 0 
8 0 0 0.0 0 
6 0 0 0.0 0 
5 37 166 0.047619047619 0 
13 0 0 0.0 0 
3 97 506 0.0 0 
22 131 663 0.0 0 
3 0 0 0.0 0 
5 125 721 0.0 0 
12 142 828 0.012987012987 0 
8 0 0 0.0 0 
3 85 462 0.0 0 
9 0 0 0.111111111111 0 
17 34 236 0.0 0 
11 64 313 0.0 0 
15 115 603 0.0153846153846 0 
7 104 549 0.00900900900901 0 
41 0 0 0.0 0 
4 109 587 0.0176991150442 0 
6 72 400 0.0 0 
5 0 0 0.0 0 
12 0 0 0.0 0 
16 100 611 0.0 0 
10 166 863 0.00568181818182 0 
3 115 567 0.0423728813559 0 
13 0 0 0.0 0 
20 171 872 0.0 0 
5 74 359 0.0 0 
16 97 548 0.00884955752212 0 
3 74 410 0.0 0 
8 50 262 0.0 0 
24 363 1857 0.0077519379845 0 
7 46 222 0.0 0 
18 218 1137 0.0 0 
3 84 442 0.0 0 
8 98 581 0.00943396226415 0 
6 81 375 0.0574712643678 0 
6 120 607 0.0 0 
30 0 0 0.1 0 
4 61 300 0.0 0 
10 248 1334 0.0 0 
11 35 199 0.0 0 
17 135 714 0.0 0 
30 320 1618 0.0 0 
3 169 956 0.0232558139535 0 
5 0 0 0.0 0 
7 135 657 0.0281690140845 0 
12 96 481 0.0185185185185 0 
7 99 474 0.0 0 
8 19 111 0.0 0 
6 0 0 0.0 0 
30 0 0 0.0 0 
5 65 403 0.0 0 
25 453 2383 0.00418410041841 0 
11 93 513 0.0288461538462 0 
5 164 836 0.00591715976331 0 
21 48 237 0.0 0 
13 57 297 0.0142857142857 0 
20 0 0 0.05 0 
8 95 549 0.135922330097 0 
26 255 1412 0.0213523131673 0 
11 177 926 0.0372340425532 0 
11 12 58 0.0 0 
16 153 830 0.0 0 
13 0 0 0.0 0 
10 187 904 0.0862944162437 0 
14 40 178 0.0 0 
2 175 812 0.0 0 
4 0 0 0.0 0 
7 135 652 0.0281690140845 0 
9 25 134 0.0 0 
8 108 504 0.0 0 
14 34 183 0.0 0 
11 0 0 0.0 0 
8 106 605 0.0175438596491 0 
8 75 420 0.0120481927711 0 
5 88 506 0.010752688172 0 
10 0 0 0.0 0 
18 31 126 0.0408163265306 0 
19 116 583 0.00740740740741 0 
7 228 1161 0.00425531914894 0 
16 1219 7455 0.00080971659919 0 
17 0 0 0.0588235294118 0 
6 102 557 0.0 0 
4 138 731 0.0 0 
6 52 307 0.0344827586207 0 
8 40 229 0.0 0 
7 249 1257 0.00390625 0 
8 206 1083 0.0327102803738 0 
5 67 369 0.0 0 
16 6 32 0.0 0 
11 0 0 0.0 0 
11 102 537 0.0176991150442 0 
6 0 0 0.0 0 
5 80 440 0.0 0 
4 10 43 0.0 0 
7 93 454 0.01 0 
8 50 275 0.0172413793103 0 
10 71 390 0.0 0 
16 67 367 0.0 0 
20 169 880 0.010582010582 0 
5 92 457 0.0309278350515 0 
11 35 178 0.0 0 
10 381 1897 0.0102301790281 0 
8 115 628 0.0 0 
7 92 533 0.0 0 
3 114 508 0.0 0 
14 36 201 0.0 0 
29 50 267 0.0126582278481 0 
8 22 118 0.0 0 
13 0 0 0.0 0 
12 156 836 0.0178571428571 0 
14 475 2285 0.0040899795501 0 
4 48 263 0.0 0 
17 229 1186 0.0 0 
5 0 0 0.0 0 
4 133 727 0.00729927007299 0 
8 11 64 0.0 0 
6 351 1948 0.0280112044818 0 
5 37 181 0.0 0 
11 49 249 0.0 0 
7 88 456 0.0210526315789 0 
8 273 1456 0.0284697508897 0 
8 43 206 0.0 0 
8 51 248 0.0 0 
10 91 461 0.0 0 
12 46 260 0.0 0 
7 66 344 0.013698630137 0 
13 199 989 0.0141509433962 0 
11 82 451 0.0 0 
9 29 154 0.0 0 
11 54 311 0.0 0 
4 79 465 0.0240963855422 0 
6 74 373 0.025 0 
10 0 0 0.0 0 
9 177 902 0.0 0 
6 43 242 0.0408163265306 0 
3 55 307 0.0 0 
11 140 764 0.0927152317881 0 
9 36 178 0.0 0 
15 0 0 0.0 0 
12 134 823 0.0205479452055 0 
4 56 279 0.0 0 
18 0 0 0.0555555555556 0 
12 0 0 0.0 0 
5 181 833 0.010752688172 0 
11 60 312 0.0 0 
10 97 503 0.0747663551402 0 
4 177 925 0.00552486187845 0 
17 59 312 0.0 0 
2 0 0 0.0 0 
10 181 944 0.0 0 
11 0 0 0.0 0 
6 0 0 0.0 0 
4 20 97 0.0 0 
9 0 0 0.0 0 
16 94 525 0.0 0 
12 92 459 0.0 0 
11 81 467 0.0 0 
4 82 405 0.0 0 
2 165 806 0.0299401197605 0 
17 267 1490 0.00352112676056 0 
10 0 0 0.0 0 
7 82 422 0.0 0 
19 105 582 0.0 0 
8 90 480 0.0 0 
10 0 0 0.1 0 
15 57 277 0.0 0 
14 0 0 0.0714285714286 0 
3 161 828 0.00609756097561 0 
3 51 351 0.0 0 
7 0 0 0.0 0 
4 222 1238 0.0 0 
4 360 1932 0.0 0 
12 366 1838 0.031746031746 0 
12 169 929 0.0220994475138 0 
6 153 864 0.062893081761 0 
5 0 0 0.0 0 
9 155 811 0.0182926829268 0 
5 58 295 0.047619047619 0 
4 178 934 0.010989010989 0 
6 65 324 0.0 0 
7 0 0 0.0 0 
8 87 481 0.0 0 
10 625 3162 0.0125984251969 0 
8 0 0 0.0 0 
5 42 212 0.0425531914894 0 
9 0 0 0.0 0 
8 24 135 0.0 0 
9 103 621 0.00892857142857 0 
5 25 154 0.0 0 
12 158 794 0.0235294117647 0 
29 44 255 0.0 0 
18 100 484 0.00847457627119 0 
20 222 1156 0.0123966942149 0 
16 0 0 0.0 0 
8 0 0 0.0 0 
6 0 0 0.0 0 
12 18 84 0.0 0 
4 81 375 0.0352941176471 0 
4 0 0 0.0 0 
19 0 0 0.0 0 
11 0 0 0.0 0 
12 39 227 0.0 0 
6 0 0 0.0 0 
7 0 0 0.0 0 
11 214 1203 0.0 0 
13 221 1103 0.0 0 
8 177 953 0.0378378378378 0 
14 0 0 0.0 0 
7 0 0 0.142857142857 0 
17 57 268 0.0 0 
8 165 850 0.0115606936416 0 
6 0 0 0.0 0 
8 70 372 0.0 0 
2 88 430 0.0 0 
4 182 928 0.0161290322581 0 
3 118 630 0.0413223140496 0 
6 762 3977 0.01953125 0 
17 139 786 0.0 0 
18 69 386 0.0 0 
8 81 495 0.0 0 
14 91 442 0.0 0 
4 108 507 0.0 0 
10 0 0 0.2 0 
5 81 438 0.0 0 
4 0 0 0.0 0 
6 70 375 0.0 0 
10 43 234 0.0 0 
19 265 1275 0.0 0 
4 97 481 0.019801980198 0 
7 106 604 0.0 0 
7 55 251 0.112903225806 0 
4 78 434 0.0 0 
5 53 275 0.0 0 
13 75 490 0.0 0 
10 0 0 0.0 0 
3 44 220 0.0 0 
10 66 398 0.0 0 
8 0 0 0.125 0 
5 254 1234 0.00772200772201 0 
9 0 0 0.0 0 
6 27 130 0.0 0 
11 50 282 0.0 0 
8 236 1303 0.016393442623 0 
7 0 0 0.0 0 
5 89 413 0.031914893617 0 
4 156 727 0.0125 0 
3 0 0 0.0 0 
5 53 312 0.0 0 
7 64 375 0.0 0 
8 53 262 0.0 0 
16 0 0 0.0 0 
6 151 860 0.0 0 
3 268 1578 0.00369003690037 0 
9 260 1262 0.0557620817844 0 
5 140 649 0.048275862069 0 
10 96 459 0.0188679245283 0 
12 21 109 0.0 0 
8 0 0 0.125 0 
5 0 0 0.0 0 
9 74 348 0.0722891566265 0 
16 0 0 0.0 0 
10 0 0 0.0 0 
11 0 0 0.0 0 
7 44 262 0.0 0 
2 0 0 0.0 0 
10 36 172 0.0 0 
8 49 245 0.0 0 
20 45 236 0.0 0 
3 0 0 0.0 0 
8 258 1346 0.00751879699248 0 
4 64 324 0.0147058823529 0 
9 96 564 0.0 0 
5 168 845 0.0578034682081 0 
12 105 562 0.0 0 
5 0 0 0.0 0 
11 14 67 0.0 0 
8 53 306 0.0 0 
6 154 769 0.0875 0 
11 0 0 0.0 0 
6 74 398 0.0 0 
7 84 465 0.0 0 
3 71 368 0.0 0 
18 30 152 0.0 0 
9 0 0 0.111111111111 0 
9 166 814 0.0 0 
10 298 1540 0.0 0 
5 72 368 0.0 0 
9 0 0 0.0 0 
18 0 0 0.0555555555556 0 
3 86 468 0.0 0 
7 0 0 0.0 0 
14 135 717 0.0 0 
4 0 0 0.0 0 
4 91 471 0.0210526315789 0 
8 141 728 0.00671140939597 0 
19 111 582 0.0 0 
7 116 656 0.0 0 
13 205 1013 0.0596330275229 0 
7 111 556 0.0 0 
6 101 485 0.00934579439252 0 
3 103 527 0.0 0 
1 35 173 0.0 0 
5 49 264 0.0 0 
6 0 0 0.0 0 
22 0 0 0.0909090909091 0 
11 0 0 0.0 0 
11 0 0 0.0 0 
8 98 482 0.0 0 
4 0 0 0.0 0 
13 90 507 0.00970873786408 0 
5 56 329 0.0 0 
13 110 605 0.00813008130081 0 
5 123 647 0.0078125 0 
13 12 68 0.0 0 
10 308 1687 0.0062893081761 0 
5 70 500 0.0 0 
3 0 0 0.0 0 
7 61 275 0.0 0 
4 25 136 0.0 0 
13 0 0 0.153846153846 0 
5 0 0 0.0 0 
17 0 0 0.0 0 
4 408 2142 0.0145631067961 0 
7 52 317 0.0 0 
13 159 794 0.0116279069767 0 
9 0 0 0.0 0 
7 111 553 0.0338983050847 0 
3 99 525 0.0 0 
58 0 0 0.0689655172414 0 
11 180 936 0.0314136125654 0 
5 85 432 0.0111111111111 0 
4 203 960 0.115942028986 0 
8 75 463 0.0 0 
5 23 136 0.0 0 
11 139 712 0.00666666666667 0 
16 41 240 0.0 0 
10 177 952 0.0 0 
17 0 0 0.0 0 
9 124 624 0.0 0 
10 0 0 0.0 0 
8 97 526 0.00952380952381 0 
7 54 309 0.0 0 
8 549 2674 0.0197486535009 0 
7 78 395 0.0470588235294 0 
3 95 538 0.0 0 
16 190 1039 0.0 0 
9 173 936 0.0164835164835 0 
8 0 0 0.0 0 
8 115 554 0.0162601626016 0 
44 0 0 0.0 0 
3 85 483 0.0 0 
23 0 0 0.0869565217391 0 
6 163 913 0.00591715976331 0 
16 0 0 0.0 0 
14 134 624 0.00675675675676 0 
4 48 226 0.0 0 
10 0 0 0.0 0 
11 64 347 0.0 0 
11 70 382 0.0 0 
13 126 612 0.0143884892086 0 
3 85 486 0.0113636363636 0 
14 0 0 0.0 0 
24 10 61 0.0294117647059 0 
7 107 537 0.0 0 
7 25 124 0.0 0 
15 43 225 0.0 0 
12 143 829 0.0 0 
4 0 0 0.0 0 
26 0 0 0.0 0 
14 0 0 0.0 0 
7 539 2861 0.0 0 
12 39 200 0.0 0 
10 47 246 0.0 0 
5 60 314 0.0615384615385 0 
11 253 1194 0.0189393939394 0 
9 64 333 0.013698630137 0 
6 0 0 0.0 0 
6 98 514 0.0288461538462 0 
5 155 816 0.04375 0 
5 182 1034 0.0 0 
20 214 1311 0.0 0 
9 117 623 0.0 0 
21 0 0 0.0 0 
30 0 0 0.0333333333333 0 
19 235 1177 0.011811023622 0 
3 358 1856 0.01108033241 0 
4 129 659 0.0526315789474 0 
6 237 1234 0.0082304526749 0 
8 17 81 0.0 0 
5 309 1639 0.0286624203822 0 
15 88 432 0.0 0 
14 21 101 0.0 0 
15 140 722 0.0 0 
5 18 81 0.0 0 
22 0 0 0.0 0 
9 36 208 0.0 0 
14 223 1482 0.0042194092827 0 
3 63 293 0.0 0 
9 95 464 0.0 0 
8 165 864 0.0115606936416 0 
17 0 0 0.0 0 
12 0 0 0.0833333333333 0 
15 0 0 0.0 0 
7 189 995 0.030612244898 0 
9 0 0 0.111111111111 0 
7 60 307 0.0 0 
11 0 0 0.0 0 
5 47 260 0.0 0 
5 140 775 0.00689655172414 0 
6 14 85 0.0 0 
5 181 934 0.0322580645161 0 
8 107 591 0.0 0 
11 27 120 0.0 0 
12 0 0 0.0 0 
6 42 212 0.0 0 
5 77 387 0.0121951219512 0 
7 102 522 0.0 0 
14 213 1065 0.00881057268722 0 
4 0 0 0.0 0 
28 0 0 0.0 0 
11 0 0 0.0 0 
8 88 529 0.0208333333333 0 
15 287 1469 0.00993377483444 0 
16 224 1140 0.0375 0 
31 0 0 0.0 0 
12 49 254 0.016393442623 0 
8 105 560 0.00884955752212 0 
5 50 287 0.0 0 
9 0 0 0.0 0 
56 0 0 0.125 0 
7 244 1259 0.0 0 
13 18 88 0.0 0 
13 40 182 0.0 0 
17 66 335 0.0240963855422 0 
10 141 773 0.0264900662252 0 
26 9 50 0.0 0 
11 25 129 0.0 0 
13 25 124 0.0 0 
16 257 1597 0.0 0 
6 0 0 0.333333333333 0 
3 312 1699 0.00952380952381 0 
10 0 0 0.0 0 
7 0 0 0.0 0 
11 130 602 0.00709219858156 0 
14 0 0 0.0 0 
6 52 306 0.0 0 
11 128 678 0.0 0 
25 0 0 0.0 0 
14 0 0 0.0714285714286 0 
10 25 155 0.0 0 
28 0 0 0.0 0 
13 118 596 0.00763358778626 0 
5 292 1449 0.026936026936 0 
14 0 0 0.0 0 
2 69 363 0.0 0 
18 0 0 0.0 0 
49 0 0 0.0408163265306 0 
10 0 0 0.0 0 
3 122 630 0.024 0 
11 118 575 0.0 0 
5 83 444 0.0 0 
10 0 0 0.0 0 
6 0 0 0.0 0 
4 45 251 0.0 0 
5 0 0 0.0 0 
5 51 250 0.0 0 
10 189 987 0.0150753768844 0 
8 0 0 0.0 0 
10 79 436 0.0 0 
2 181 888 0.0218579234973 0 
23 259 1376 0.00354609929078 0 
11 126 659 0.0 0 
12 212 1030 0.00446428571429 0 
7 102 523 0.0183486238532 0 
9 70 357 0.0126582278481 0 
8 329 1694 0.0207715133531 0 
7 0 0 0.0 0 
3 37 229 0.0 0 
4 44 213 0.0 0 
14 0 0 0.142857142857 0 
12 83 411 0.0 0 
5 48 227 0.0377358490566 0 
15 156 832 0.0 0 
17 0 0 0.0 0 
12 88 447 0.07 0 
9 93 493 0.00980392156863 0 
9 0 0 0.0 0 
3 163 836 0.00602409638554 0 
8 88 529 0.0208333333333 0 
10 57 295 0.0 0 
7 100 570 0.0 0 
8 160 856 0.0 0 
3 0 0 0.0 0 
15 104 506 0.0168067226891 0 
19 0 0 0.0 0 
9 26 129 0.0571428571429 0 
10 78 382 0.0 0 
15 236 1284 0.0 0 
10 164 933 0.0 0 
11 46 240 0.0 0 
14 0 0 0.0714285714286 0 
11 172 902 0.0 0 
3 0 0 0.0 0 
8 0 0 0.0 0 
6 286 1614 0.013698630137 0 
14 0 0 0.0 0 
8 75 394 0.0120481927711 0 
3 18 115 0.0 0 
10 129 612 0.0 0 
16 32 168 0.0 0 
11 101 514 0.00892857142857 0 
12 154 872 0.0240963855422 0 
10 0 0 0.0 0 
7 71 419 0.0 0 
4 102 529 0.0 0 
16 42 215 0.0 0 
23 0 0 0.0434782608696 0 
14 0 0 0.0 0 
31 228 1151 0.0 0 
8 106 605 0.0175438596491 0 
18 88 486 0.0188679245283 0 
13 60 329 0.027397260274 0 
5 0 0 0.0 0 
6 6 25 0.0 0 
4 0 0 0.0 0 
12 11 55 0.0 0 
8 70 365 0.025641025641 0 
9 0 0 0.0 0 
14 0 0 0.0 0 
6 216 1449 0.0 0 
17 0 0 0.0 0 
1 11 53 0.0 0 
8 0 0 0.0 0 
2 0 0 0.0 0 
7 0 0 0.0 0 
8 7 33 0.0 0 
7 3 18 0.0 0 
2 0 0 0.0 0 
24 5 24 0.0 0 
3 0 0 0.0 0 
8 9 40 0.0 0 
18 0 0 0.0 0 
26 0 0 0.0384615384615 0 
4 0 0 0.25 0 
4 0 0 0.0 0 
12 4 17 0.0 0 
4 0 0 0.0 0 
10 7 38 0.0 0 
0 0 0 0 0 
7 3 14 0.0 0 
10 0 3 0.0 0 
3 0 0 0.0 0 
14 4 13 0.0 0 
2 0 0 0.0 0 
12 3 8 0.0 0 
8 6 25 0.0 0 
12 6 26 0.222222222222 0 
8 1 5 0.0 0 
7 0 0 0.0 0 
14 0 0 0.0 0 
10 1 10 0.0 0 
16 6 27 0.0 0 
9 8 42 0.0 0 
11 4 10 0.0 0 
6 3 14 0.0 0 
1 0 0 0.0 0 
7 0 0 0.0 0 
13 89 446 0.0 0 
10 8 47 0.0 0 
3 12 52 0.0 0 
14 0 0 0.0 0 
8 8 39 0.0 0 
13 11 61 0.0 0 
9 16 65 0.04 0 
7 3 12 0.0 0 
10 0 0 0.0 0 
14 0 0 0.0 0 
3 4 21 0.0 0 
4 1 41 0.0 0 
7 9 31 0.0 0 
2 69 322 0.0 0 
4 0 0 0.0 0 
1 22 101 0.0 0 
8 6 30 0.0 0 
13 12 58 0.0 0 
9 0 0 0.0 0 
2 25 142 0.0740740740741 0 
11 114 574 0.0 0 
12 6 29 0.0 0 
8 4 11 0.0 0 
5 0 0 0.0 0 
8 3 12 0.0 0 
4 45 218 0.0 0 
14 17 79 0.0 0 
9 3 18 0.0 0 
7 0 0 0.0 0 
7 4 13 0.0 0 
14 11 45 0.0 0 
9 0 0 0.0 0 
13 9 36 0.0 0 
11 0 0 0.0 0 
9 4 21 0.0 0 
9 2 23 0.0 0 
8 2 5 0.0 0 
2 0 0 0.0 0 
5 8 29 0.0 0 
11 82 419 0.0860215053763 0 
17 4 18 0.0 0 
2 0 0 0.0 0 
1 0 0 0.0 0 
13 0 0 0.0 0 
5 6 31 0.0 0 
8 324 1889 0.00301204819277 0 
3 0 0 0.0 0 
13 5 24 0.0 0 
2 0 0 0.0 0 
5 6 23 0.0 0 
4 0 0 0.0 0 
5 38 164 0.0 0 
9 7 28 0.0 0 
19 0 0 0.0 0 
3 0 0 0.0 0 
2 0 0 0.0 0 
6 8 29 0.0 0 
14 6 24 0.0 0 
1 13 83 0.0 0 
5 3 11 0.0 0 
9 2 22 0.0 0 
5 0 0 0.0 0 
12 0 0 0.0 0 
7 0 0 0.0 0 
4 0 0 0.0 0 
7 0 0 0.0 0 
6 6 26 0.0 0 
6 3 13 0.0 0 
14 0 0 0.0 0 
15 0 0 0.0 0 
3 0 0 0.0 0 
7 0 0 0.0 0 
10 2 15 0.0 0 
5 0 0 0.0 0 
3 0 0 0.0 0 
10 6 27 0.0625 0 
3 0 0 0.0 0 
4 0 0 0.0 0 
7 0 0 0.0 0 
6 6 23 0.0 0 
4 214 1055 0.0 0 
9 0 0 0.111111111111 0 
1 0 0 0.0 0 
8 7 30 0.0 0 
5 0 0 0.0 0 
7 6 37 0.0 0 
8 4 16 0.0 0 
9 6 23 0.0 0 
2 0 0 0.0 0 
9 43 246 0.0 0 
9 10 44 0.0 0 
3 0 0 0.0 0 
4 0 0 0.0 0 
16 8 33 0.0 0 
7 6 27 0.0 0 
4 6 25 0.0 0 
7 32 140 0.0 0 
12 2 10 0.0 0 
11 2 14 0.0 0 
6 6 21 0.0 0 
7 0 0 0.0 0 
8 9 47 0.0 0 
12 6 28 0.0 0 
10 6 20 0.0 0 
3 0 0 0.0 0 
5 6 26 0.0 0 
2 0 0 0.0 0 
8 51 277 0.0 0 
2 0 0 0.0 0 
4 0 0 0.0 0 
9 6 29 0.0 0 
9 1 14 0.0 0 
9 10 50 0.0 0 
7 0 0 0.0 0 
7 0 0 0.0 0 
11 6 30 0.0 0 
2 23 105 0.0 0 
2 0 0 0.0 0 
3 0 0 0.0 0 
8 7 30 0.0 0 
10 8 30 0.0 0 
9 4 25 0.0 0 
16 0 0 0.0 0 
9 2 18 0.0 0 
8 0 0 0.0 0 
2 5 25 0.0 0 
10 2 10 0.0 0 
6 5 33 0.0 0 
4 98 485 0.0 0 
16 6 35 0.0 0 
6 7 35 0.0 0 
9 2 8 0.0 0 
11 2 10 0.0 0 
6 54 242 0.0166666666667 0 
2 126 607 0.0 0 
11 0 0 0.0 0 
10 6 31 0.0 0 
13 12 47 0.0 0 
0 0 0 0 0 
15 6 23 0.0 0 
11 5 25 0.0 0 
2 0 0 0.0 0 
13 0 0 0.0 0 
16 7 27 0.0 0 
7 6 32 0.0 0 
6 0 0 0.0 0 
14 3 19 0.0 0 
7 2 13 0.0 0 
8 6 24 0.0 0 
6 26 122 0.0 0 
8 3 12 0.0 0 
12 17 86 0.0 0 
4 0 0 0.0 0 
8 0 0 0.0 0 
4 0 0 0.0 0 
4 6 25 0.0 0 
5 25 112 0.0 0 
18 0 0 0.0 0 
14 6 30 0.0 0 
13 2 8 0.0 0 
16 5 21 0.0 0 
7 3 14 0.0 0 
1 0 0 0.0 0 
8 6 27 0.0 0 
6 0 0 0.0 0 
7 0 0 0.0 0 
3 0 0 0.0 0 
2 0 0 0.0 0 
6 0 0 0.0 0 
2 0 0 0.0 0 
11 6 30 0.0 0 
4 0 0 0.0 0 
11 6 26 0.0 0 
8 13 59 0.0 0 
8 4 13 0.0 0 
3 0 0 0.0 0 
1 0 0 0.0 0 
12 0 0 0.0 0 
12 3 13 0.0 0 
10 11 63 0.047619047619 0 
6 0 0 0.0 0 
17 3 12 0.0 0 
2 28 141 0.0 0 
8 0 0 0.0 0 
1 0 0 0.0 0 
3 0 0 0.0 0 
14 7 31 0.0 0 
1 0 0 0.0 0 
9 7 29 0.0 0 
16 11 56 0.0 0 
2 0 0 0.0 0 
21 0 0 0.0 0 
11 22 101 0.0 0 
8 11 43 0.0526315789474 0 
15 3 13 0.0 0 
7 5 18 0.0 0 
2 0 0 0.0 0 
15 25 119 0.025 0 
8 1 8 0.0 0 
8 3 12 0.0 0 
5 13 68 0.0 0 
11 44 219 0.0 0 
2 0 0 0.0 0 
9 2 10 0.0 0 
5 0 0 0.0 0 
14 4 16 0.0 0 
7 0 0 0.0 0 
3 0 0 0.0 0 
4 0 0 0.0 0 
5 0 0 0.0 0 
6 10 49 0.0 0 
8 76 399 0.0238095238095 0 
6 0 0 0.0 0 
20 253 1221 0.0 0 
10 4 18 0.0 0 
9 6 26 0.0 0 
4 0 0 0.0 0 
17 4 15 0.0 0 
3 0 0 0.0 0 
16 37 182 0.0 0 
4 0 0 0.0 0 
12 5 20 0.0 0 
4 11 49 0.0 0 
6 0 0 0.0 0 
7 0 0 0.0 0 
15 0 0 0.0 0 
9 7 30 0.0 0 
17 2 13 0.0 0 
27 7 57 0.0294117647059 0 
4 14 65 0.0555555555556 0 
5 0 0 0.0 0 
2 0 0 0.0 0 
10 0 0 0.0 0 
9 13 60 0.0 0 
5 25 119 0.0 0 
5 0 0 0.0 0 
4 15 97 0.0 0 
8 2 9 0.0 0 
13 15 74 0.0 0 
2 0 0 0.0 0 
8 8 49 0.0 0 
13 10 55 0.0 0 
15 0 0 0.0 0 
0 0 0 0 0 
0 17 89 0.0 0 
6 9 38 0.0 0 
17 5 19 0.0454545454545 0 
9 6 23 0.0 0 
10 4 16 0.0 0 
7 2 18 0.0 0 
14 0 0 0.0 0 
8 0 0 0.0 0 
10 7 33 0.0 0 
5 5 32 0.0 0 
13 4 25 0.0 0 
3 0 0 0.0 0 
15 5 19 0.0 0 
5 0 0 0.0 0 
5 0 0 0.0 0 
7 3 13 0.0 0 
11 6 26 0.0 0 
6 7 29 0.0769230769231 0 
1 0 0 0.0 0 
12 2 12 0.0 0 
2 0 0 0.0 0 
17 0 0 0.0 0 
5 0 0 0.0 0 
6 4 16 0.1 0 
11 3 10 0.0 0 
11 3 14 0.0 0 
7 0 0 0.0 0 
8 0 0 0.0 0 
8 0 0 0.0 0 
18 0 0 0.0 0 
4 23 104 0.0 0 
16 0 0 0.0 0 
5 0 0 0.0 0 
15 0 0 0.0 0 
13 2 14 0.0 0 
2 0 0 0.0 0 
8 2 10 0.0 0 
7 4 19 0.0 0 
9 7 32 0.0 0 
7 12 62 0.0 0 
5 0 0 0.0 0 
3 0 0 0.0 0 
6 6 24 0.0 0 
10 1 9 0.0 0 
9 0 0 0.0 0 
9 0 0 0.0 0 
10 6 26 0.0 0 
7 6 30 0.0 0 
11 0 0 0.0 0 
8 0 0 0.0 0 
10 0 0 0.0 0 
11 7 32 0.0 0 
11 12 66 0.0 0 
11 3 12 0.0 0 
11 3 10 0.0 0 
5 12 45 0.0 0 
3 131 629 0.0 0 
15 14 62 0.0 0 
9 2 11 0.0 0 
2 156 811 0.0253164556962 0 
13 0 0 0.0 0 
5 0 0 0.0 0 
5 0 0 0.0 0 
8 8 38 0.0 0 
13 6 33 0.0 0 
13 0 0 0.0 0 
11 1 6 0.0 0 
12 9 42 0.0 0 
15 4 16 0.0 0 
7 10 48 0.0 0 
4 0 0 0.0 0 
21 2 13 0.0 0 
7 0 0 0.0 0 
9 0 0 0.0 0 
16 8 34 0.0 0 
6 0 0 0.0 0 
6 83 407 0.0 0 
10 8 38 0.222222222222 0 
7 3 13 0.0 0 
3 0 0 0.0 0 
8 0 0 0.0 0 
7 6 27 0.0 0 
10 10 40 0.0 0 
3 0 0 0.0 0 
5 5 24 0.0 0 
7 3 15 0.0 0 
9 3 13 0.0 0 
17 8 37 0.0 0 
12 13 54 0.0 0 
15 7 30 0.0 0 
6 5 27 0.0 0 
16 3 17 0.0 0 
5 0 0 0.0 0 
8 4 19 0.0 0 
13 7 42 0.0 0 
9 5 26 0.0 0 
6 0 0 0.0 0 
6 4 20 0.0 0 
13 5 27 0.0 0 
16 2 10 0.0 0 
9 6 24 0.0 0 
12 15 79 0.0 0 
20 5 25 0.0 0 
14 0 0 0.0 0 
10 2 10 0.0 0 
10 6 24 0.0 0 
29 6 28 0.0 0 
8 5 25 0.0 0 
4 4 24 0.0 0 
15 0 0 0.0 0 
14 7 39 0.0 0 
6 15 78 0.0 0 
15 0 0 0.0 0 
5 46 228 0.0 0 
3 0 0 0.0 0 
11 11 50 0.0 0 
14 7 23 0.0 0 
1 0 0 0.0 0 
10 6 28 0.0 0 
8 9 41 0.0 0 
2 0 0 0.0 0 
13 7 35 0.0 0 
16 7 27 0.0 0 
6 4 21 0.0 0 
8 1 14 0.0 0 
9 0 0 0.0 0 
8 19 96 0.0 0 
1 0 0 0.0 0 
6 0 0 0.0 0 
10 7 32 0.0 0 
18 13 61 0.0 0 
13 6 30 0.0 0 
1 0 0 0.0 0 
10 0 0 0.0 0 
8 0 0 0.0 0 
2 0 0 0.0 0 
10 2 13 0.0 0 
9 0 0 0.0 0 
4 23 84 0.0 0 
8 8 37 0.0 0 
12 0 0 0.0 0 
20 26 128 0.0 0 
6 10 44 0.0 0 
1 0 0 0.0 0 
7 7 35 0.0 0 
10 39 245 0.0204081632653 0 
6 0 0 0.0 0 
9 0 0 0.0 0 
14 0 0 0.0 0 
12 0 0 0.0 0 
9 2 13 0.0 0 
8 7 25 0.0 0 
2 5 19 0.0 0 
7 3 24 0.0 0 
14 4 23 0.0 0 
16 0 0 0.0 0 
6 0 0 0.0 0 
11 0 0 0.0 0 
10 2 10 0.0 0 
11 0 0 0.0 0 
5 0 0 0.0 0 
6 5 23 0.0 0 
6 7 30 0.0 0 
9 53 246 0.0 0 
9 6 26 0.0 0 
3 6 25 0.0 0 
2 0 0 0.0 0 
10 6 25 0.0 0 
7 0 0 0.0 0 
9 5 23 0.0714285714286 0 
1 12 49 0.0 0 
3 0 0 0.0 0 
5 0 0 0.0 0 
3 0 0 0.0 0 
5 0 0 0.0 0 
15 65 353 0.0 0 
5 0 0 0.0 0 
9 4 20 0.0 0 
10 6 23 0.0 0 
10 3 11 0.0 0 
7 3 17 0.0 0 
13 10 45 0.0 0 
8 4 12 0.0 0 
6 4 11 0.0 0 
10 5 28 0.0666666666667 0 
6 2 10 0.0 0 
15 0 0 0.0 0 
19 0 0 0.0 0 
1 0 0 0.0 0 
15 1 7 0.0 0 
7 142 783 0.0 0 
8 4 33 0.0 0 
5 6 23 0.0 0 
1 0 0 0.0 0 
5 0 0 0.0 0 
3 8 33 0.0 0 
6 0 0 0.0 0 
9 6 26 0.0 0 
6 8 40 0.0 0 
7 0 2 0.0 0 
9 0 0 0.0 0 
11 21 110 0.0 0 
15 5 17 0.0 0 
8 0 0 0.0 0 
2 0 0 0.0 0 
6 5 28 0.0 0 
9 0 0 0.0 0 
8 5 19 0.0 0 
18 0 0 0.0 0 
6 3 14 0.0 0 
4 0 0 0.0 0 
2 0 0 0.0 0 
15 9 49 0.0 0 
17 10 50 0.0 0 
11 0 0 0.0 0 
11 2 12 0.0 0 
12 0 0 0.0 0 
17 4 15 0.0 0 
9 62 290 0.0 0 
9 0 0 0.0 0 
6 3 15 0.0 0 
8 0 0 0.0 0 
7 4 20 0.0 0 
7 4 20 0.0 0 
6 0 0 0.0 0 
10 7 33 0.0 0 
3 9 41 0.0 0 
9 8 35 0.0 0 
10 0 0 0.0 0 
10 5 21 0.0 0 
7 9 41 0.0 0 
20 0 0 0.0 0 
15 1 9 0.0 0 
12 3 16 0.0 0 
2 15 69 0.0 0 
5 5 23 0.0 0 
8 4 18 0.0 0 
9 0 0 0.0 0 
14 2 7 0.0 0 
11 3 18 0.0 0 
4 0 0 0.0 0 
6 6 27 0.0 0 
7 4 20 0.0 0 
10 7 27 0.0 0 
11 10 45 0.0 0 
16 0 0 0.0 0 
5 0 0 0.0 0 
6 0 0 0.0 0 
6 8 40 0.0 0 
13 10 47 0.0 0 
19 47 249 0.0 0 
1 0 0 0.0 0 
14 6 19 0.0 0 
6 22 88 0.0 0 
12 0 0 0.0 0 
8 0 0 0.0 0 
8 2 12 0.0 0 
1 0 0 0.0 0 
14 2 14 0.0 0 
6 7 42 0.0 0 
10 1 9 0.0 0 
8 1 6 0.0 0 
8 0 0 0.0 0 
2 17 96 0.0 0 
7 16 86 0.0 0 
2 26 137 0.0 0 
12 9 32 0.0 0 
4 44 182 0.0 0 
5 0 0 0.0 0 
0 2 10 0.0 0 
2 0 0 0.0 0 
4 0 0 0.0 0 
14 6 22 0.0 0 
2 0 0 0.0 0 
7 0 0 0.0 0 
17 3 17 0.0 0 
4 41 190 0.0222222222222 0 
5 0 0 0.0 0 
12 53 267 0.0 0 
24 35 189 0.0 0 
9 7 29 0.0 0 
10 2 15 0.0 0 
5 0 0 0.0 0 
2 0 0 0.0 0 
6 2 12 0.0 0 
8 9 40 0.0 0 
2 0 0 0.0 0 
2 11 63 0.0 0 
8 8 40 0.0 0 
9 3 16 0.0 0 
17 15 72 0.0 0 
9 3 20 0.0 0 
2 0 0 0.0 0 
10 1 11 0.0 0 
5 0 0 0.0 0 
1 0 0 0.0 0 
19 6 25 0.0 0 
8 3 13 0.0 0 
6 4 17 0.0 0 
6 0 0 0.0 0 
28 7 32 0.0 0 
9 4 18 0.0 0 
1 0 0 0.0 0 
5 0 0 0.0 0 
11 6 18 0.0 0 
6 0 0 0.0 0 
13 4 12 0.0 0 
3 0 0 0.0 0 
10 5 23 0.0 0 
1 5 31 0.0 0 
7 2 18 0.0 0 
2 239 1272 0.0124481327801 0 
6 4 23 0.0 0 
22 11 57 0.242424242424 0 
16 3 13 0.0 0 
9 0 0 0.0 0 
2 0 0 0.0 0 
12 6 31 0.0 0 
11 36 175 0.0 0 
4 2 11 0.0 0 
7 4 13 0.0 0 
9 0 11 0.0 0 
9 7 41 0.0 0 
2 0 0 0.0 0 
13 2 10 0.0 0 
11 38 189 0.0408163265306 0 
4 0 0 0.0 0 
8 10 42 0.111111111111 0 
8 85 456 0.0 0 
5 0 0 0.0 0 
6 17 67 0.130434782609 0 
10 11 45 0.0 0 
4 49 206 0.0 0 
6 11 55 0.0 0 
4 0 0 0.0 0 
17 0 0 0.0 0 
9 12 51 0.0 0 
6 0 0 0.0 0 
8 0 0 0.0 0 
3 0 0 0.0 0 
8 3 28 0.0 0 
9 9 47 0.0 0 
7 8 43 0.0 0 
5 0 0 0.0 0 
7 3 16 0.0 0 
8 13 57 0.0 0 
15 3 12 0.0 0 
8 12 58 0.0 0 
2 0 0 0.0 0 
5 0 0 0.0 0 
6 0 0 0.0 0 
2 0 0 0.0 0 
9 1 4 0.0 0 
14 0 0 0.142857142857 0 
6 0 0 0.0 0 
2 0 0 0.0 0 
6 0 0 0.0 0 
11 6 33 0.0 0 
5 4 14 0.0 0 
10 3 11 0.0 0 
19 1 11 0.05 0 
8 9 40 0.0 0 
9 2 15 0.0 0 
15 5 21 0.0 0 
0 0 0 0 0 
5 0 0 0.2 0 
10 2 16 0.0 0 
10 9 37 0.0 0 
2 0 0 0.0 0 
9 4 16 0.0 0 
11 9 43 0.0 0 
12 0 0 0.0 0 
11 22 96 0.0 0 
4 8 49 0.0 0 
8 2 14 0.0 0 
28 0 0 0.0357142857143 0 
10 0 0 0.0 0 
12 7 33 0.0 0 
13 1 10 0.0 0 
14 7 33 0.0 0 
8 0 0 0.0 0 
10 3 9 0.0 0 
21 0 0 0.0 0 
16 5 17 0.0 0 
8 3 11 0.0 0 
8 2 10 0.0 0 
3 0 0 0.0 0 
14 1 5 0.0 0 
6 6 26 0.0 0 
16 0 0 0.0 0 
18 8 34 0.0 0 
9 0 0 0.0 0 
2 0 0 0.0 0 
55 0 0 0.0181818181818 0 
4 0 0 0.0 0 
9 0 0 0.0 0 
14 4 13 0.0 0 
9 3 15 0.0 0 
16 0 0 0.0 0 
5 0 0 0.0 0 
9 3 14 0.0 0 
17 4 17 0.0 0 
17 45 188 0.0 0 
8 5 26 0.0 0 
8 9 37 0.0 0 
11 3 11 0.0 0 
15 4 13 0.0 0 
4 0 0 0.0 0 
13 0 0 0.0 0 
11 6 26 0.0 0 
4 5 27 0.0 0 
18 8 45 0.0 0 
12 1 9 0.0 0 
9 12 52 0.0 0 
3 0 0 0.0 0 
4 0 0 0.0 0 
6 8 39 0.0 0 
8 10 38 0.0 0 
7 138 766 0.0 0 
8 4 27 0.0 0 
5 0 0 0.0 0 
7 4 21 0.0 0 
6 10 38 0.0 0 
2 0 0 0.0 0 
10 2 12 0.0 0 
21 10 56 0.0 0 
3 0 0 0.0 0 
6 13 49 0.0 0 
6 7 49 0.0 0 
8 1 8 0.0 0 
12 11 44 0.0 0 
12 5 16 0.0 0 
12 3 19 0.0 0 
6 4 16 0.0 0 
7 1 8 0.0 0 
28 3 15 0.0 0 
10 0 0 0.0 0 
1 0 0 0.0 0 
11 9 35 0.0 0 
2 0 0 0.0 0 
3 0 0 0.0 0 
8 71 343 0.0 0 
10 3 14 0.0 0 
11 0 0 0.0909090909091 0 
7 19 66 0.0 0 
5 8 35 0.0 0 
9 11 52 0.0 0 
13 1 14 0.0 0 
0 0 0 0 0 
2 0 0 0.0 0 
7 1 13 0.0 0 
13 4 14 0.0 0 
2 0 0 0.0 0 
6 0 0 0.0 0 
6 6 36 0.0 0 
19 0 0 0.0 0 
4 0 0 0.0 0 
8 0 0 0.0 0 
0 0 0 0 0 
6 6 28 0.0 0 
4 0 0 0.0 0 
9 123 612 0.030303030303 0 
3 14 98 0.0 0 
0 0 0 0 0 
7 12 48 0.0 0 
3 0 0 0.0 0 
10 20 157 0.0 0 
8 1 12 0.0 0 
16 5 17 0.0 0 
10 34 176 0.0 0 
9 0 0 0.0 0 
2 24 121 0.0 0 
7 3 17 0.0 0 
6 0 0 0.0 0 
5 0 0 0.0 0 
25 3 11 0.0 0 
7 7 39 0.0 0 
6 4 21 0.0 0 
5 15 88 0.0 0 
12 9 43 0.0 0 
9 57 277 0.0 0 
2 0 0 0.0 0 
11 0 0 0.0 0 
8 0 0 0.125 0 
6 0 0 0.0 0 
8 5 33 0.0 0 
7 6 27 0.0 0 
16 38 183 0.0 0 
6 0 0 0.0 0 
8 4 17 0.0 0 
12 0 0 0.0 0 
6 0 0 0.0 0 
15 5 19 0.0 0 
9 9 48 0.0 0 
5 0 0 0.0 0 
5 0 0 0.0 0 
10 0 0 0.0 0 
8 12 44 0.0 0 
12 8 33 0.0 0 
11 0 0 0.0 0 
14 5 18 0.0 0 
5 8 41 0.0 0 
6 550 2800 0.0107913669065 0 
3 0 0 0.0 0 
13 6 29 0.0 0 
7 4 18 0.0 0 
13 6 26 0.0 0 
7 8 30 0.0 0 
10 0 0 0.0 0 
5 0 0 0.0 0 
7 2 11 0.111111111111 0 
12 3 14 0.0 0 
3 14 82 0.0 0 
12 12 74 0.0 0 
8 0 0 0.0 0 
9 7 40 0.0 0 
3 0 0 0.0 0 
13 34 160 0.0212765957447 0 
16 4 21 0.0 0 
9 2 12 0.0 0 
10 9 40 0.0 0 
10 2 7 0.0 0 
11 0 0 0.0 0 
12 5 19 0.0 0 
2 19 90 0.0 0 
3 0 0 0.0 0 
2 0 0 0.0 0 
0 0 0 0 0 
11 4 28 0.0 0 
8 0 0 0.0 0 
11 4 20 0.0 0 
8 2 10 0.0 0 
5 0 0 0.0 0 
2 0 0 0.0 0 
2 0 0 0.0 0 
17 5 21 0.0 0 
15 8 32 0.0 0 
7 2 12 0.0 0 
10 2 11 0.0 0 
11 5 28 0.0 0 
7 0 0 0.0 0 
6 0 0 0.0 0 
8 5 39 0.0 0 
7 0 0 0.0 0 
6 7 33 0.0 0 
7 0 0 0.0 0 
8 48 237 0.0 0 
2 0 0 0.0 0 
7 0 0 0.0 0 
5 32 140 0.0 0 
5 4 24 0.0 0 
10 8 35 0.0 0 
9 10 46 0.0526315789474 0 
9 0 0 0.0 0 
6 62 322 0.0 0 
6 0 0 0.0 0 
6 7 36 0.0 0 
7 8 35 0.0 0 
6 0 0 0.0 0 
4 0 0 0.0 0 
18 6 36 0.0 0 
4 0 0 0.0 0 
8 8 36 0.0 0 
5 0 0 0.0 0 
14 6 27 0.0 0 
4 0 0 0.0 0 
9 70 340 0.0 0 
10 7 38 0.0 0 
14 0 0 0.0 0 
9 2 9 0.0 0 
1 0 0 0.0 0 
3 5 24 0.0 0 
12 9 34 0.0 0 
5 0 0 0.0 0 
7 4 17 0.0 0 
8 130 771 0.0 0 
13 0 0 0.0 0 
2 0 0 0.0 0 
10 0 0 0.0 0 
5 8 44 0.0 0 
6 44 221 0.0 0 
10 5 24 0.0 0 
13 0 0 0.0 0 
2 0 0 0.0 0 
9 9 34 0.0 0 
5 0 0 0.0 0 
17 5 15 0.0 0 
1 0 0 0.0 0 
9 1 1 0.0 0 
8 0 0 0.125 0 
4 44 203 0.0 0 
9 3 17 0.0 0 
3 0 0 0.0 0 
6 0 0 0.0 0 
6 7 25 0.0 0 
14 9 35 0.0 0 
12 0 0 0.0 0 
12 4 11 0.0 0 
7 8 34 0.0 0 
3 9 41 0.0 0 
12 6 35 0.0 0 
10 44 210 0.0 0 
6 0 0 0.0 0 
3 0 0 0.0 0 
6 0 0 0.0 0 
6 0 0 0.333333333333 0 
9 8 34 0.0 0 
19 0 0 0.0 0 
13 0 0 0.0 0 
8 6 26 0.0 0 
3 0 0 0.0 0 
8 8 45 0.0 0 
11 0 0 0.0 0 
9 2 14 0.0 0 
19 0 0 0.0526315789474 0 
11 4 17 0.0 0 
2 0 0 0.0 0 
1 0 0 0.0 0 
2 0 0 0.0 0 
8 4 20 0.0 0 
13 0 0 0.0 0 
8 1 8 0.0 0 
12 5 30 0.0588235294118 0 
5 0 0 0.0 0 
3 20 75 0.0 0 
9 12 53 0.0 0 
10 18 79 0.0 0 
11 0 0 0.0 0 
4 26 129 0.0 0 
15 26 129 0.0 0 
6 0 0 0.0 0 
3 0 0 0.0 0 
3 44 220 0.0 0 
11 0 0 0.0 0 
25 0 0 0.0 0 
7 6 32 0.0 0 
2 0 0 0.0 0 
2 0 0 0.0 0 
9 8 44 0.0 0 
3 0 0 0.0 0 
14 11 48 0.0 0 
2 0 0 0.0 0 
13 14 69 0.0 0 
9 17 78 0.0 0 
7 38 183 0.0 0 
9 0 0 0.0 0 
11 0 0 0.0 0 
13 5 33 0.0 0 
7 68 332 0.0 0 
3 0 0 0.0 0 
14 21 85 0.0571428571429 0 
6 2 14 0.0 0 
4 0 0 0.0 0 
2 0 0 0.0 0 
14 6 31 0.0 0 
13 6 33 0.0 0 
10 3 15 0.0 0 
8 4 19 0.0 0 
7 149 729 0.0 0 
2 5 20 0.0 0 
7 4 17 0.0 0 
8 6 27 0.0 0 
2 94 462 0.0 0 
11 4 22 0.0 0 
5 0 0 0.0 0 
9 0 0 0.0 0 
9 5 30 0.0 0 
5 11 64 0.0 0 
31 4 22 0.0 0 
11 5 16 0.0 0 
3 0 0 0.0 0 
11 0 0 0.0 0 
7 2 10 0.0 0 
10 7 32 0.0 0 
13 11 42 0.0 0 
5 79 379 0.0 0 
6 0 0 0.0 0 
13 7 30 0.0 0 
6 0 0 0.0 0 
10 14 85 0.0 0 
7 1 10 0.0 0 
6 29 170 0.0 0 
7 148 707 0.00645161290323 0 
3 58 294 0.0 0 
6 63 343 0.0 0 
4 34 157 0.0 0 
10 30 174 0.0 0 
14 77 356 0.0 0 
8 229 1422 0.0253164556962 0 
11 31 149 0.047619047619 0 
25 27 136 0.0 0 
7 102 523 0.0 0 
12 23 104 0.0 0 
14 43 220 0.0526315789474 0 
7 149 742 0.0448717948718 0 
3 65 321 0.0735294117647 0 
6 0 0 0.0 0 
6 79 422 0.0 0 
3 17 78 0.0 0 
9 13 73 0.0909090909091 0 
7 90 517 0.0103092783505 0 
6 70 352 0.118421052632 0 
7 94 499 0.0 0 
2 30 176 0.0 0 
5 74 366 0.0126582278481 0 
8 12 63 0.0 0 
5 43 214 0.0 0 
6 131 670 0.0 0 
9 49 256 0.0862068965517 0 
2 118 589 0.00833333333333 0 
3 92 512 0.0315789473684 0 
3 64 278 0.0 0 
16 0 0 0.125 0 
10 138 650 0.0 0 
15 105 530 0.0 0 
14 356 1975 0.0189189189189 0 
11 449 2379 0.00217391304348 0 
8 3 14 0.0 0 
8 30 147 0.0263157894737 0 
4 215 1101 0.0593607305936 0 
6 39 211 0.0 0 
7 70 333 0.0 0 
4 10 54 0.0 0 
3 51 255 0.0 0 
10 4 15 0.0714285714286 0 
7 147 780 0.00649350649351 0 
4 75 380 0.0126582278481 0 
3 120 605 0.0406504065041 0 
9 47 222 0.0357142857143 0 
14 78 438 0.0 0 
6 0 0 0.333333333333 0 
3 28 129 0.0 0 
3 47 221 0.04 0 
4 51 244 0.0545454545455 0 
4 33 166 0.108108108108 0 
6 38 179 0.0227272727273 0 
8 90 446 0.112244897959 0 
11 32 172 0.0 0 
8 7 31 0.0 0 
6 51 262 0.0701754385965 0 
2 0 0 0.0 0 
6 43 212 0.0408163265306 0 
20 225 1474 0.0612244897959 0 
6 0 0 0.0 0 
5 102 539 0.0 0 
6 81 463 0.0229885057471 0 
2 34 174 0.0 0 
5 68 356 0.027397260274 0 
11 302 1683 0.073482428115 0 
29 12 63 0.0 0 
6 56 271 0.0806451612903 0 
3 29 142 0.0625 0 
9 106 521 0.00869565217391 0 
4 55 279 0.0338983050847 0 
16 97 503 0.0265486725664 0 
8 51 255 0.0 0 
12 0 0 0.0 0 
2 35 211 0.027027027027 0 
4 34 191 0.0 0 
10 85 447 0.0 0 
6 41 213 0.0 0 
11 65 417 0.25 0 
6 66 329 0.0 0 
5 0 0 0.0 0 
6 0 0 0.166666666667 0 
10 50 234 0.0333333333333 0 
9 94 496 0.0194174757282 0 
2 47 255 0.0 0 
4 166 870 0.0588235294118 0 
2 48 245 0.04 0 
3 32 175 0.0285714285714 0 
2 36 183 0.0 0 
8 139 680 0.0 0 
3 21 96 0.0 0 
3 63 292 0.0606060606061 0 
5 55 281 0.0166666666667 0 
5 0 0 0.0 0 
5 77 361 0.0487804878049 0 
13 110 536 0.0162601626016 0 
16 54 269 0.0428571428571 0 
4 6 37 0.0 0 
5 168 827 0.00578034682081 0 
3 46 252 0.0 0 
12 0 0 0.0 0 
6 28 140 0.0 0 
7 116 597 0.0 0 
3 26 138 0.0 0 
4 76 383 0.0125 0 
3 30 184 0.0 0 
4 27 147 0.0322580645161 0 
7 36 168 0.0 0 
6 42 191 0.0 0 
6 63 288 0.0 0 
3 44 228 0.0 0 
14 0 0 0.0 0 
15 55 266 0.0142857142857 0 
5 36 173 0.0 0 
14 0 0 0.0 0 
8 21 110 0.0689655172414 0 
12 158 764 0.0 0 
5 58 284 0.047619047619 0 
5 25 139 0.0 0 
10 21 83 0.0 0 
10 29 151 0.0 0 
4 64 368 0.0441176470588 0 
6 148 737 0.012987012987 0 
4 86 420 0.0222222222222 0 
12 48 258 0.0 0 
9 58 296 0.0 0 
9 30 143 0.025641025641 0 
8 65 305 0.041095890411 0 
5 17 80 0.0 0 
10 63 397 0.260273972603 0 
3 0 0 0.0 0 
3 63 305 0.0 0 
19 0 0 0.0 0 
8 33 162 0.0487804878049 0 
4 95 473 0.0505050505051 0 
4 104 476 0.0277777777778 0 
5 26 127 0.0 0 
4 21 107 0.04 0 
6 20 94 0.192307692308 0 
7 73 351 0.0375 0 
11 116 593 0.0393700787402 0 
4 35 185 0.0 0 
13 116 600 0.0077519379845 0 
11 73 349 0.0 0 
10 7 27 0.117647058824 0 
16 2 12 0.0 0 
18 0 0 0.111111111111 0 
6 60 329 0.0 0 
11 54 277 0.0 0 
6 27 129 0.0 0 
3 56 302 0.0 0 
5 25 111 0.0333333333333 0 
10 60 385 0.271428571429 0 
2 46 240 0.0 0 
3 45 250 0.0 0 
3 75 399 0.0 0 
2 30 133 0.0 0 
3 0 0 0.0 0 
2 0 0 0.0 0 
8 39 200 0.0212765957447 0 
16 25 127 0.0 0 
20 136 709 0.0128205128205 0 
6 46 246 0.0576923076923 0 
8 39 209 0.0 0 
5 19 109 0.0833333333333 0 
7 248 1316 0.00392156862745 0 
26 0 0 0.0 0 
5 128 651 0.0375939849624 0 
10 35 162 0.0 0 
5 52 258 0.0175438596491 0 
9 106 615 0.0 0 
6 58 280 0.0 0 
6 118 613 0.0483870967742 0 
3 63 314 0.030303030303 0 
11 0 0 0.181818181818 0 
3 19 76 0.0909090909091 0 
9 53 255 0.0161290322581 0 
4 62 329 0.0606060606061 0 
3 30 154 0.0 0 
6 47 223 0.0 0 
8 116 600 0.0 0 
21 0 0 0.047619047619 0 
22 49 254 0.0281690140845 0 
12 46 253 0.0 0 
11 234 1268 0.0204081632653 0 
6 46 206 0.0 0 
6 101 525 0.0373831775701 0 
7 91 458 0.0408163265306 0 
3 9 44 0.0 0 
7 0 0 0.0 0 
5 25 135 0.0 0 
4 27 113 0.0 0 
4 40 228 0.0454545454545 0 
7 61 324 0.0588235294118 0 
30 0 0 0.0 0 
13 0 0 0.0 0 
8 76 368 0.0119047619048 0 
11 3 16 0.0 0 
4 73 335 0.0 0 
11 22 103 0.030303030303 0 
8 169 862 0.00564971751412 0 
6 65 289 0.0422535211268 0 
12 62 388 0.256756756757 0 
8 64 317 0.0416666666667 0 
6 66 333 0.0277777777778 0 
4 43 225 0.0425531914894 0 
10 314 1658 0.0185185185185 0 
8 192 972 0.005 0 
12 113 625 0.024 0 
10 45 221 0.0727272727273 0 
8 33 156 0.0487804878049 0 
4 103 463 0.130841121495 0 
8 129 723 0.00729927007299 0 
8 0 0 0.0 0 
3 43 225 0.0434782608696 0 
7 0 0 0.0 0 
6 129 644 0.0518518518519 0 
8 453 2577 0.0694143167028 0 
8 44 216 0.0 0 
3 0 0 0.0 0 
3 71 326 0.0810810810811 0 
4 67 343 0.0 0 
6 120 673 0.0 0 
6 36 224 0.0 0 
2 45 213 0.0 0 
8 44 202 0.0 0 
8 20 110 0.0 0 
7 40 197 0.0 0 
6 0 0 0.0 0 
6 48 283 0.0185185185185 0 
8 206 1054 0.0 0 
18 47 228 0.0461538461538 0 
12 435 2559 0.0693512304251 0 
11 120 614 0.0534351145038 0 
8 0 0 0.0 0 
7 0 0 0.0 0 
4 42 208 0.0 0 
10 0 0 0.1 0 
8 31 161 0.0 0 
9 103 496 0.0 0 
8 20 96 0.0714285714286 0 
7 33 169 0.1 0 
4 60 318 0.03125 0 
14 30 143 0.0227272727273 0 
3 34 141 0.027027027027 0 
6 22 117 0.0714285714286 0 
14 0 0 0.0 0 
6 33 172 0.0 0 
10 26 130 0.0 0 
10 40 200 0.0 0 
5 23 131 0.0 0 
6 92 522 0.0 0 
4 28 150 0.03125 0 
8 120 543 0.0546875 0 
6 115 542 0.0 0 
2 39 208 0.0975609756098 0 
5 20 94 0.04 0 
4 38 199 0.0 0 
16 2 11 0.166666666667 0 
6 109 582 0.0 0 
10 13 63 0.0434782608696 0 
3 17 70 0.05 0 
2 60 346 0.0645161290323 0 
5 38 180 0.0 0 
7 20 84 0.0740740740741 0 
11 93 466 0.0 0 
15 0 0 0.0666666666667 0 
10 75 348 0.0 0 
10 0 0 0.0 0 
8 33 157 0.0 0 
4 54 258 0.0344827586207 0 
14 0 0 0.0714285714286 0 
5 93 470 0.0 0 
8 0 0 0.0 0 
6 82 416 0.0113636363636 0 
22 31 151 0.0943396226415 0 
13 23 96 0.0277777777778 0 
19 1 7 0.0 0 
1 53 291 0.0 0 
4 59 285 0.0634920634921 0 
3 37 179 0.0 0 
3 22 108 0.0 0 
2 25 121 0.037037037037 0 
6 111 550 0.0 0 
10 106 551 0.0 0 
10 59 369 0.246376811594 0 
7 41 212 0.0 0 
9 0 0 0.111111111111 0 
8 72 381 0.0125 0 
16 0 0 0.0 0 
4 165 911 0.0118343195266 0 
6 32 148 0.0 0 
13 55 263 0.147058823529 0 
10 90 411 0.07 0 
5 40 195 0.0 0 
8 38 165 0.0869565217391 0 
2 69 392 0.0 0 
15 91 467 0.0188679245283 0 
8 36 178 0.0 0 
9 0 0 0.0 0 
9 0 0 0.222222222222 0 
5 6 26 0.0 0 
11 0 0 0.0 0 
4 39 198 0.0697674418605 0 
5 19 96 0.0 0 
5 0 0 0.0 0 
9 102 535 0.0 0 
10 239 1284 0.0 0 
5 74 350 0.0 0 
15 0 0 0.0 0 
15 150 806 0.0 0 
6 62 313 0.0 0 
14 15 78 0.0 0 
5 59 288 0.0 0 
11 165 838 0.0 0 
9 43 211 0.0 0 
3 91 466 0.0212765957447 0 
6 62 320 0.0 0 
2 66 303 0.0294117647059 0 
4 44 246 0.0 0 
9 101 524 0.00909090909091 0 
22 0 0 0.0 0 
3 93 476 0.0416666666667 0 
5 30 158 0.0 0 
8 48 267 0.0 0 
2 18 86 0.0 0 
14 6 28 0.05 0 
5 25 125 0.0 0 
18 0 0 0.0555555555556 0 
7 82 478 0.0112359550562 0 
9 111 565 0.0666666666667 0 
14 0 0 0.142857142857 0 
6 16 72 0.0454545454545 0 
5 25 116 0.0 0 
12 53 252 0.0 0 
4 73 359 0.0649350649351 0 
6 45 202 0.0 0 
9 0 0 0.0 0 
7 28 136 0.0 0 
9 61 317 0.0 0 
3 108 500 0.0540540540541 0 
3 76 369 0.0 0 
15 57 299 0.0 0 
7 79 374 0.0348837209302 0 
2 22 119 0.0 0 
8 74 394 0.0 0 
5 95 471 0.03 0 
6 46 222 0.0 0 
14 6 25 0.05 0 
4 77 370 0.0617283950617 0 
3 39 196 0.047619047619 0 
8 53 294 0.0 0 
5 110 535 0.0 0 
10 146 765 0.0705128205128 0 
5 53 273 0.0344827586207 0 
6 35 177 0.0731707317073 0 
8 93 480 0.049504950495 0 
10 38 166 0.0625 0 
8 71 350 0.0 0 
2 14 70 0.0625 0 
9 68 322 0.012987012987 0 
7 8 43 0.0666666666667 0 
7 49 245 0.0535714285714 0 
7 0 0 0.0 0 
7 8 38 0.0 0 
13 10 36 0.130434782609 0 
10 54 269 0.03125 0 
5 133 695 0.0 0 
4 44 209 0.0625 0 
10 14 77 0.0 0 
6 32 144 0.0 0 
12 58 291 0.0 0 
3 287 1380 0.00344827586207 0 
5 30 156 0.171428571429 0 
7 111 619 0.0 0 
4 99 619 0.126213592233 0 
14 0 0 0.0 0 
5 30 152 0.0 0 
9 45 230 0.0 0 
12 259 1351 0.0147601476015 0 
5 80 368 0.0 0 
23 0 0 0.0869565217391 0 
6 39 165 0.0888888888889 0 
6 41 227 0.0 0 
11 102 473 0.0176991150442 0 
5 55 270 0.0166666666667 0 
3 51 249 0.0 0 
9 11 58 0.0 0 
12 48 272 0.0 0 
10 42 194 0.0 0 
7 0 0 0.0 0 
10 0 0 0.0 0 
5 137 716 0.0 0 
10 67 323 0.0 0 
9 147 735 0.0 0 
4 76 362 0.15 0 
4 115 618 0.0588235294118 0 
4 22 124 0.0 0 
6 58 306 0.0 0 
10 60 294 0.0 0 
9 81 431 0.0222222222222 0 
4 45 244 0.0 0 
7 51 271 0.0172413793103 0 
4 12 60 0.0 0 
8 84 436 0.0760869565217 0 
4 7 38 0.0 0 
4 58 287 0.0161290322581 0 
3 24 136 0.0 0 
3 101 599 0.0 0 
12 8 39 0.0 0 
3 110 505 0.0265486725664 0 
12 39 171 0.0 0 
6 120 587 0.047619047619 0 
5 145 705 0.02 0 
7 35 166 0.0238095238095 0 
2 60 293 0.0483870967742 0 
5 45 223 0.0 0 
4 0 0 0.0 0 
3 26 128 0.0344827586207 0 
5 19 103 0.0 0 
4 98 524 0.0588235294118 0 
3 38 194 0.0 0 
11 0 0 0.0 0 
9 57 291 0.0454545454545 0 
9 311 1735 0.03125 0 
4 11 49 0.0666666666667 0 
11 89 422 0.0 0 
7 156 759 0.0674846625767 0 
14 0 0 0.0 0 
3 43 216 0.0434782608696 0 
2 104 498 0.0188679245283 0 
6 97 468 0.0 0 
7 0 0 0.0 0 
9 18 91 0.0 0 
15 166 818 0.0 0 
7 42 206 0.0 0 
36 0 0 0.0 0 
5 18 81 0.0 0 
10 25 113 0.0 0 
5 19 109 0.0 0 
10 12 61 0.0 0 
10 118 655 0.0 0 
7 28 144 0.0 0 
8 17 105 0.0 0 
8 51 265 0.0 0 
13 479 2408 0.0 0 
4 81 407 0.0 0 
4 41 193 0.0 0 
2 23 108 0.0 0 
11 39 204 0.0 0 
7 208 1114 0.0093023255814 0 
2 45 232 0.0425531914894 0 
8 50 263 0.0 0 
6 46 239 0.0 0 
4 72 314 0.118421052632 0 
8 0 0 0.0 0 
10 79 377 0.0112359550562 0 
8 68 341 0.0 0 
3 34 173 0.0 0 
6 14 72 0.05 0 
8 0 0 0.0 0 
3 36 184 0.0 0 
3 77 424 0.0125 0 
13 0 0 0.0769230769231 0 
9 94 477 0.0 0 
14 23 121 0.0 0 
7 59 324 0.0909090909091 0 
7 53 268 0.0 0 
13 24 90 0.108108108108 0 
11 0 0 0.0909090909091 0 
8 18 72 0.0 0 
2 34 211 0.0555555555556 0 
6 43 260 0.0204081632653 0 
16 0 0 0.0 0 
3 50 238 0.0 0 
6 0 0 0.333333333333 0 
5 30 143 0.0285714285714 0 
7 37 179 0.0227272727273 0 
9 41 235 0.06 0 
3 78 394 0.0246913580247 0 
6 0 0 0.0 0 
4 114 539 0.0762711864407 0 
7 54 297 0.0 0 
2 56 262 0.0 0 
7 51 313 0.0 0 
8 38 211 0.0 0 
17 25 156 0.0 0 
7 112 578 0.0420168067227 0 
14 60 274 0.027027027027 0 
6 89 437 0.0842105263158 0 
2 127 635 0.031007751938 0 
4 173 888 0.0 0 
6 6 34 0.0 0 
7 115 613 0.00819672131148 0 
6 47 242 0.0566037735849 0 
7 42 218 0.0 0 
13 47 227 0.0 0 
13 0 0 0.0 0 
6 120 560 0.00793650793651 0 
3 63 333 0.0 0 
8 0 0 0.0 0 
16 53 254 0.0 0 
14 0 0 0.0714285714286 0 
4 101 499 0.0952380952381 0 
6 37 171 0.046511627907 0 
4 50 235 0.111111111111 0 
3 40 201 0.0 0 
6 73 371 0.0 0 
11 71 340 0.0243902439024 0 
11 100 512 0.0990990990991 0 
6 67 310 0.027397260274 0 
9 97 485 0.0188679245283 0 
9 48 231 0.122807017544 0 
16 36 165 0.0 0 
8 96 455 0.0192307692308 0 
16 116 528 0.0 0 
3 43 205 0.0 0 
3 260 1348 0.00380228136882 0 
8 65 321 0.041095890411 0 
3 16 65 0.0526315789474 0 
6 0 0 0.0 0 
11 62 389 0.27397260274 0 
3 90 457 0.0 0 
5 106 634 0.00900900900901 0 
3 27 124 0.0 0 
5 30 157 0.0 0 
3 47 248 0.0 0 
13 172 866 0.0540540540541 0 
2 9 33 0.0909090909091 0 
19 81 413 0.0 0 
7 55 253 0.0645161290323 0 
11 65 410 0.263157894737 0 
5 97 504 0.0196078431373 0 
10 33 136 0.0232558139535 0 
4 28 140 0.0625 0 
2 47 238 0.0408163265306 0 
31 218 1267 0.0522088353414 0 
5 56 283 0.0 0 
5 95 466 0.06 0 
3 19 99 0.0909090909091 0 
5 32 150 0.0810810810811 0 
7 102 518 0.0183486238532 0 
4 0 0 0.0 0 
4 57 312 0.0327868852459 0 
5 39 188 0.0227272727273 0 
2 49 265 0.0 0 
12 0 0 0.166666666667 0 
8 0 0 0.0 0 
5 75 379 0.0 0 
7 34 171 0.0243902439024 0 
16 53 287 0.0 0 
13 0 0 0.0769230769231 0 
3 14 66 0.0 0 
4 121 611 0.0 0 
9 2 15 0.181818181818 0 
7 39 208 0.0 0 
10 70 356 0.0 0 
6 20 91 0.153846153846 0 
16 112 549 0.046875 0 
38 496 2453 0.0205992509363 0 
9 31 140 0.025 0 
30 118 561 0.0135135135135 0 
6 28 143 0.0588235294118 0 
11 52 237 0.047619047619 0 
14 9 36 0.0434782608696 0 
7 55 268 0.0 0 
5 51 269 0.0178571428571 0 
4 76 381 0.075 0 
4 29 121 0.0 0 
7 8 32 0.2 0 
4 27 136 0.0645161290323 0 
5 56 286 0.0327868852459 0 
17 44 206 0.0 0 
8 85 434 0.010752688172 0 
14 0 0 0.0714285714286 0 
5 49 226 0.0 0 
3 39 204 0.0 0 
7 28 133 0.0 0 
5 40 208 0.0888888888889 0 
6 45 251 0.0392156862745 0 
6 85 433 0.0989010989011 0 
6 12 57 0.0555555555556 0 
6 180 903 0.0 0 
5 89 447 0.0531914893617 0 
5 16 96 0.0 0 
20 66 324 0.0 0 
5 75 375 0.025 0 
5 53 232 0.0689655172414 0 
3 47 207 0.0 0 
9 39 218 0.0 0 
7 12 55 0.0 0 
5 11 59 0.3125 0 
4 12 65 0.0 0 
6 87 454 0.010752688172 0 
10 0 0 0.0 0 
7 3 23 0.1 0 
5 58 307 0.031746031746 0 
8 49 258 0.0175438596491 0 
6 67 338 0.027397260274 0 
3 29 142 0.15625 0 
3 91 430 0.0531914893617 0 
5 43 204 0.0416666666667 0 
5 19 98 0.0 0 
9 29 155 0.105263157895 0 
2 66 324 0.0 0 
5 39 203 0.0227272727273 0 
3 39 213 0.0 0 
13 83 452 0.0 0 
11 182 1005 0.0103626943005 0 
3 46 237 0.0 0 
20 0 0 0.0 0 
5 77 408 0.0243902439024 0 
4 91 449 0.0 0 
9 28 125 0.108108108108 0 
9 11 69 0.1 0 
10 67 307 0.0 0 
4 32 193 0.0 0 
26 0 0 0.0 0 
15 10 41 0.0 0 
7 0 0 0.142857142857 0 
9 0 0 0.0 0 
9 85 412 0.0425531914894 0 
5 13 61 0.0 0 
4 26 114 0.0333333333333 0 
3 240 1198 0.0 0 
4 25 131 0.0 0 
8 36 180 0.0 0 
4 24 115 0.0357142857143 0 
11 21 119 0.0 0 
14 73 395 0.0 0 
4 60 306 0.0 0 
2 24 116 0.0384615384615 0 
11 127 657 0.0144927536232 0 
3 43 201 0.0 0 
2 48 242 0.0 0 
6 43 225 0.0 0 
8 76 386 0.0357142857143 0 
7 91 504 0.0102040816327 0 
20 139 711 0.0251572327044 0 
4 14 82 0.0 0 
14 0 0 0.0 0 
11 85 433 0.03125 0 
2 40 227 0.0238095238095 0 
10 0 0 0.0 0 
7 50 246 0.0 0 
7 127 702 0.0373134328358 0 
7 37 189 0.0 0 
2 32 140 0.0294117647059 0 
5 176 852 0.0 0 
12 432 2209 0.0653153153153 0 
4 108 583 0.0 0 
8 67 311 0.0 0 
13 20 100 0.030303030303 0 
5 65 341 0.0142857142857 0 
4 32 145 0.0 0 
17 177 992 0.0 0 
4 285 1497 0.0103806228374 0 
11 18 81 0.0 0 
14 115 641 0.0232558139535 0 
9 47 243 0.0 0 
4 136 710 0.0428571428571 0 
18 78 392 0.114583333333 0 
3 228 1255 0.030303030303 0 
11 0 0 0.0909090909091 0 
8 0 0 0.125 0 
7 41 206 0.0 0 
7 26 144 0.030303030303 0 
11 75 372 0.0 0 
10 57 367 0.238805970149 0 
7 0 0 0.0 0 
3 66 326 0.0144927536232 0 
2 0 0 0.0 0 
9 81 381 0.0 0 
5 45 220 0.02 0 
3 83 460 0.0116279069767 0 
5 41 203 0.0 0 
1 0 0 0.0 0 
2 24 127 0.0 0 
3 53 299 0.0 0 
6 36 160 0.0 0 
12 0 0 0.0 0 
9 46 231 0.0181818181818 0 
8 36 188 0.0 0 
9 50 252 0.0677966101695 0 
3 69 349 0.0 0 
10 64 306 0.0540540540541 0 
7 268 1489 0.0290909090909 0 
3 26 131 0.0 0 
4 87 421 0.0 0 
9 132 652 0.0 0 
5 63 301 0.0 0 
9 38 197 0.0 0 
12 16 75 0.0357142857143 0 
1 0 0 0.0 0 
15 27 145 0.0238095238095 0 
4 78 424 0.0243902439024 0 
21 12 55 0.0 0 
9 41 194 0.04 0 
8 65 311 0.0 0 
4 56 275 0.0 0 
8 19 143 0.037037037037 0 
11 0 0 0.0 0 
16 12 69 0.0 0 
8 130 562 0.0579710144928 0 
6 0 0 0.0 0 
10 25 125 0.0 0 
9 0 0 0.0 0 
7 111 569 0.0 0 
13 130 680 0.0 0 
7 35 203 0.0 0 
6 0 0 0.0 0 
10 9 46 0.0526315789474 0 
7 149 818 0.0320512820513 0 
5 208 1134 0.0 0 
4 14 70 0.0555555555556 0 
9 0 0 0.0 0 
4 35 164 0.025641025641 0 
6 0 0 0.0 0 
8 0 0 0.125 0 
8 0 0 0.0 0 
8 33 158 0.0243902439024 0 
3 38 193 0.0487804878049 0 
5 18 84 0.0 0 
7 53 309 0.0 0 
8 27 146 0.0 0 
4 72 360 0.0526315789474 0 
5 51 253 0.0 0 
6 62 334 0.0147058823529 0 
5 121 621 0.0396825396825 0 
5 27 127 0.0 0 
10 64 314 0.0 0 
5 51 235 0.0 0 
7 132 719 0.0575539568345 0 
11 100 482 0.036036036036 0 
13 17 91 0.1 0 
13 0 0 0.0769230769231 0 
6 126 613 0.0 0 
2 30 159 0.125 0 
6 55 240 0.147540983607 0 
3 89 416 0.0217391304348 0 
11 47 211 0.0 0 
3 295 2103 0.0369127516779 0 
6 55 290 0.0327868852459 0 
4 78 399 0.0 0 
3 52 225 0.0 0 
8 36 183 0.0 0 
3 41 209 0.0454545454545 0 
9 6 26 0.0666666666667 0 
6 89 474 0.0842105263158 0 
2 53 276 0.0181818181818 0 
9 41 224 0.1 0 
11 64 410 0.253333333333 0 
11 83 395 0.0425531914894 0 
11 97 478 0.0185185185185 0 
8 13 64 0.0 0 
12 106 511 0.0169491525424 0 
4 24 147 0.0714285714286 0 
9 28 126 0.0540540540541 0 
6 24 108 0.0 0 
6 21 103 0.0 0 
11 0 0 0.0909090909091 0 
5 185 925 0.0368421052632 0 
4 57 316 0.016393442623 0 
7 51 264 0.0 0 
5 34 166 0.0 0 
5 55 265 0.0 0 
10 0 0 0.0 0 
5 71 303 0.0526315789474 0 
8 36 184 0.0 0 
5 0 0 0.0 0 
2 122 622 0.0 0 
6 92 460 0.030612244898 0 
10 41 213 0.0 0 
10 186 999 0.0 0 
11 11 53 0.181818181818 0 
4 84 458 0.0113636363636 0 
9 77 404 0.0116279069767 0 
3 25 123 0.0 0 
16 76 416 0.0 0 
4 24 115 0.0 0 
10 65 301 0.0 0 
10 0 0 0.0 0 
13 144 705 0.0 0 
3 57 298 0.0 0 
4 0 0 0.25 0 
10 54 263 0.09375 0 
11 32 162 0.046511627907 0 
3 0 0 0.0 0 
6 42 214 0.0833333333333 0 
11 55 293 0.0 0 
7 81 420 0.0113636363636 0 
1 63 297 0.015625 0 
9 29 139 0.0 0 
6 0 0 0.166666666667 0 
2 13 68 0.0666666666667 0 
3 61 282 0.046875 0 
3 62 326 0.0 0 
4 85 452 0.0 0 
9 171 914 0.00555555555556 0 
11 0 0 0.0 0 
2 80 393 0.0 0 
12 67 304 0.0 0 
10 184 1042 0.0824742268041 0 
4 62 353 0.0 0 
6 707 3694 0.0364656381487 0 
8 67 331 0.0666666666667 0 
5 22 127 0.0740740740741 0 
22 42 208 0.0 0 
4 33 142 0.0 0 
17 146 751 0.00613496932515 0 
7 46 229 0.169811320755 0 
9 33 160 0.047619047619 0 
7 16 95 0.0 0 
5 34 203 0.0 0 
15 118 554 0.00751879699248 0 
4 25 132 0.0 0 
2 25 132 0.0740740740741 0 
7 60 311 0.10447761194 0 
4 59 279 0.126984126984 0 
13 104 510 0.034188034188 0 
5 10 42 0.0 0 
8 22 100 0.0333333333333 0 
2 25 104 0.037037037037 0 
6 66 311 0.0277777777778 0 
10 15 72 0.0 0 
3 49 243 0.0769230769231 0 
56 0 0 0.0357142857143 0 
7 34 191 0.0 0 
7 164 839 0.0 0 
8 64 339 0.0416666666667 0 
3 40 198 0.0232558139535 0 
12 5 25 0.0 0 
2 31 159 0.121212121212 0 
17 0 0 0.0 0 
4 0 0 0.0 0 
6 96 457 0.0294117647059 0 
10 0 0 0.0 0 
6 12 69 0.0 0 
3 79 443 0.0243902439024 0 
13 40 202 0.0 0 
4 39 184 0.0 0 
6 40 243 0.0 0 
20 0 0 0.0 0 
12 48 209 0.05 0 
3 73 354 0.0 0 
5 144 705 0.0335570469799 0 
18 0 0 0.0 0 
8 0 0 0.0 0 
3 31 173 0.0294117647059 0 
7 4 15 0.0 0 
10 62 327 0.0 0 
4 43 202 0.127659574468 0 
7 35 189 0.0 0 
12 19 94 0.0322580645161 0 
14 0 0 0.0 0 
21 0 0 0.0 0 
11 97 466 0.0185185185185 0 
17 502 2468 0.00770712909441 0 
7 24 154 0.0 0 
9 0 0 0.111111111111 0 
20 25 127 0.0 0 
6 58 305 0.015625 0 
9 0 0 0.0 0 
12 33 163 0.0 0 
9 5 25 0.0 0 
14 28 142 0.0 0 
4 47 233 0.0 0 
3 20 126 0.0434782608696 0 
4 53 279 0.0350877192982 0 
20 62 304 0.0 0 
15 0 0 0.0666666666667 0 
13 39 187 0.0576923076923 0 
14 78 461 0.0 0 
8 3 12 0.0 0 
4 73 380 0.0909090909091 0 
14 52 259 0.0606060606061 0 
5 84 426 0.0 0 
2 25 106 0.037037037037 0 
5 73 378 0.025641025641 0 
6 52 262 0.0172413793103 0 
13 25 103 0.157894736842 0 
9 56 276 0.0307692307692 0 
4 56 297 0.0666666666667 0 
6 5 21 0.0 0 
10 84 423 0.0106382978723 0 
10 38 193 0.0208333333333 0 
6 43 202 0.0612244897959 0 
21 0 0 0.0 0 
3 47 253 0.04 0 
6 130 760 0.0441176470588 0 
9 47 258 0.0 0 
2 27 123 0.0689655172414 0 
13 43 192 0.0178571428571 0 
6 49 268 0.0 0 
8 17 87 0.08 0 
5 263 1391 0.0149253731343 0 
13 6 27 0.105263157895 0 
6 32 161 0.0789473684211 0 
8 37 170 0.111111111111 0 
14 12 56 0.115384615385 0 
2 21 101 0.0 0 
6 43 227 0.0 0 
4 173 861 0.0564971751412 0 
16 0 0 0.0625 0 
3 67 348 0.142857142857 0 
9 15 113 0.0416666666667 0 
2 25 130 0.037037037037 0 
14 27 133 0.0 0 
10 18 100 0.0 0 
5 57 305 0.0 0 
4 43 193 0.0 0 
15 55 254 0.0 0 
8 23 113 0.0 0 
9 148 714 0.0191082802548 0 
5 69 361 0.0810810810811 0 
7 103 517 0.118181818182 0 
10 32 145 0.0 0 
14 58 291 0.0138888888889 0 
5 220 1301 0.0266666666667 0 
11 75 336 0.0116279069767 0 
4 84 411 0.0113636363636 0 
7 46 238 0.0 0 
4 26 124 0.0 0 
11 155 828 0.0180722891566 0 
33 147 868 0.0944444444444 0 
4 91 468 0.0947368421053 0 
7 69 323 0.0131578947368 0 
21 50 241 0.0281690140845 0 
5 32 170 0.0 0 
18 22 100 0.0 0 
15 58 306 0.0 0 
4 47 266 0.078431372549 0 
4 87 446 0.142857142857 0 
3 26 150 0.0689655172414 0 
17 215 1152 0.00431034482759 0 
3 31 177 0.0 0 
17 0 0 0.0 0 
6 93 492 0.030303030303 0 
9 0 0 0.0 0 
6 72 371 0.0128205128205 0 
5 61 271 0.0606060606061 0 
16 0 0 0.0 0 
5 390 1900 0.00253164556962 0 
3 27 144 0.0 0 
11 0 0 0.0 0 
5 69 313 0.0 0 
2 75 353 0.012987012987 0 
2 93 481 0.0 0 
27 0 0 0.0 0 
9 300 1722 0.0 0 
5 78 348 0.0 0 
6 102 448 0.0555555555556 0 
15 20 120 0.0 0 
10 11 57 0.047619047619 0 
16 105 500 0.0 0 
10 0 0 0.1 0 
3 24 121 0.0 0 
11 47 235 0.0172413793103 0 
6 41 211 0.0212765957447 0 
3 56 277 0.0338983050847 0 
3 224 1182 0.0440528634361 0 
11 116 567 0.0 0 
11 63 402 0.256756756757 0 
5 52 248 0.0 0 
4 19 101 0.0869565217391 0 
3 1269 6735 0.00235849056604 0 
13 0 0 0.0 0 
7 0 0 0.428571428571 0 
3 102 540 0.0380952380952 0 
5 0 0 0.0 0 
2 0 0 0.0 0 
21 0 0 0.047619047619 0 
12 84 438 0.0104166666667 0 
2 28 141 0.0666666666667 0 
12 242 1316 0.0314960629921 0 
10 72 403 0.0731707317073 0 
13 51 237 0.09375 0 
9 14 60 0.0869565217391 0 
7 57 293 0.015625 0 
7 86 426 0.0215053763441 0 
10 283 1447 0.00682593856655 0 
9 83 518 0.0 0 
4 52 259 0.0 0 
8 12 55 0.0 0 
14 20 97 0.0294117647059 0 
9 130 630 0.0503597122302 0 
8 116 592 0.0 0 
9 83 517 0.0 0 
8 37 178 0.0 0 
9 38 180 0.0 0 
8 19 107 0.0 0 
8 32 176 0.0 0 
10 57 275 0.0597014925373 0 
11 0 0 0.0909090909091 0 
5 57 282 0.0 0 
9 62 281 0.0422535211268 0 
