0.0 0 0 0 
0.0 57 309 0 
0.0 177 961 0 
0.0232558139535 76 380 0 
0.0 48 290 0 
0.0 0 0 0 
0.0 38 205 0 
0.0 0 0 0 
0.333333333333 0 0 0 
0.0 91 513 0 
0.0 134 700 0 
0.0 54 291 0 
0.0 0 0 0 
0.0281690140845 57 287 0 
0.0 85 439 0 
0.0 43 226 0 
0.0 0 0 0 
0.0 80 427 0 
0.0185185185185 0 0 0 
0.0 38 208 0 
0.0 113 558 0 
0.0666666666667 0 0 0 
0.04 43 265 0 
0.0 99 535 0 
0.00892857142857 105 574 0 
0.0 29 167 0 
0.0487804878049 71 377 0 
0.0 44 242 0 
0.0138888888889 64 357 0 
0.0 113 610 0 
0.0 36 207 0 
0.0 152 767 0 
0.0 83 454 0 
0.0 106 660 0 
0.0 57 304 0 
0.0 49 246 0 
0.046511627907 37 212 0 
0.0 30 219 0 
0.0 117 661 0 
0.0 126 715 0 
0.00501672240803 583 3420 0 
0.0625 43 219 0 
0.0 0 0 0 
0.0 71 352 0 
0.0 139 735 0 
0.0 62 324 0 
0.0 57 306 0 
0.0597014925373 54 302 0 
0.0 173 884 0 
0.0 47 267 0 
0.0 0 0 0 
0.0 79 439 0 
0.0 100 530 0 
0.0263157894737 102 515 0 
0.0833333333333 0 0 0 
0.0 74 377 0 
0.0 84 397 0 
0.00510204081633 183 985 0 
0.0 0 0 0 
0.012539184953 310 1462 0 
0.0 48 237 0 
0.0 234 1313 0 
0.0 53 238 0 
0.0150753768844 195 1124 0 
0.0 0 0 0 
0.018018018018 96 483 0 
0.0 50 297 0 
0.0235294117647 77 442 0 
0.0217391304348 40 224 0 
0.0 77 420 0 
0.0 52 261 0 
0.0 88 521 0 
0.0 0 0 0 
0.0113636363636 77 428 0 
0.027397260274 58 296 0 
0.00689655172414 123 631 0 
0.0 61 316 0 
0.0 43 252 0 
0.0 97 598 0 
0.0 52 297 0 
0.0 0 0 0 
0.0 100 519 0 
0.0 0 0 0 
0.0 115 570 0 
0.0 48 242 0 
0.0 52 338 0 
0.0 58 281 0 
0.00701186623517 1846 10141 0 
0.0 97 556 0 
0.0 43 221 0 
0.0 0 0 0 
0.0555555555556 0 0 0 
0.0 163 911 0 
0.0 49 228 0 
0.00694444444444 130 714 0 
0.0 0 0 0 
0.0 0 0 0 
0.0 0 0 0 
0.0 116 576 0 
0.0 55 271 0 
0.0 0 0 0 
0.00719424460432 118 596 0 
0.0 149 793 0 
0.0 0 0 0 
0.0 36 205 0 
0.0 214 1119 0 
0.0144927536232 61 309 0 
0.0135135135135 286 1536 0 
0.0 137 677 0 
0.0 65 338 0 
0.0138888888889 65 345 0 
0.0 407 2090 0 
0.0 53 259 0 
0.0 47 264 0 
0.0 110 587 0 
0.015 178 986 0 
0.0 78 440 0 
0.0 0 0 0 
0.0 0 0 0 
0.0 0 0 0 
0.0238095238095 29 162 0 
0.0 0 0 0 
0.0 41 222 0 
0.00719424460432 104 533 0 
0.0 74 408 0 
0.0 49 274 0 
0.0 40 246 0 
0.0 71 388 0 
0.015625 47 262 0 
0.0 103 584 0 
0.0 52 313 0 
0.0 94 533 0 
0.0 78 404 0 
0.0384615384615 100 480 0 
0.0 65 303 0 
0.0 0 0 0 
0.0 55 284 0 
0.0 0 0 0 
0.0 75 406 0 
0.0102040816327 92 503 0 
0.0 77 442 0 
0.0 109 580 0 
0.0 93 504 0 
0.0 103 549 0 
0.0116279069767 64 345 0 
0.00819672131148 195 1101 0 
0.0769230769231 0 0 0 
0.0 61 345 0 
0.0110236220472 627 3697 0 
0.0 0 0 0 
0.0 0 0 0 
0.0172413793103 52 306 0 
0.0384615384615 0 0 0 
0.0 47 243 0 
0.0 38 204 0 
0.0 63 327 0 
0.00980392156863 81 448 0 
0.0 63 308 0 
0.00257731958763 382 2111 0 
0.0588235294118 0 0 0 
0.0 68 384 0 
0.00645161290323 132 706 0 
0.0 145 767 0 
0.03125 50 260 0 
0.0 60 293 0 
0.0 45 228 0 
0.0 0 0 0 
0.00216919739696 448 2472 0 
0.0 0 0 0 
0.0108695652174 267 1280 0 
0.0 57 342 0 
0.0 61 307 0 
0.0306748466258 154 784 0 
0.0 0 0 0 
0.0 85 457 0 
0.0 95 529 0 
0.0 52 293 0 
0.00970873786408 88 470 0 
0.0 65 327 0 
0.0386473429952 200 1097 0 
0.00819672131148 111 594 0 
0.0 96 486 0 
0.0 52 303 0 
0.0 60 351 0 
0.0196078431373 44 237 0 
0.0 60 315 0 
0.0 40 223 0 
0.0 170 853 0 
0.25 0 0 0 
0.0 39 210 0 
0.0588235294118 0 0 0 
0.0 60 344 0 
0.0 73 393 0 
0.016393442623 116 599 0 
0.0 39 224 0 
0.0 46 237 0 
0.0 65 364 0 
0.0 60 311 0 
0.0 43 214 0 
0.0 0 0 0 
0.0 68 344 0 
0.0135135135135 134 770 0 
0.00224719101124 442 2509 0 
0.0 0 0 0 
0.010101010101 90 489 0 
0.0 68 364 0 
0.0 102 538 0 
0.0 89 472 0 
0.0 39 209 0 
0.0102040816327 84 423 0 
0.0 60 310 0 
0.0 74 390 0 
0.0 96 504 0 
0.0 46 268 0 
0.0 86 475 0 
0.0 61 334 0 
0.0 235 1268 0 
0.0 89 454 0 
0.00684931506849 420 2065 0 
0.0 47 246 0 
0.0 157 872 0 
0.0 55 326 0 
0.0 38 214 0 
0.021978021978 168 808 0 
0.0105263157895 181 915 0 
0.0 64 340 0 
0.0 93 493 0 
0.0 0 0 0 
0.0153846153846 56 332 0 
0.222222222222 0 0 0 
0.0 0 0 0 
0.0 0 0 0 
0.0 72 401 0 
0.142857142857 0 0 0 
0.0 126 592 0 
0.0425531914894 0 0 0 
0.0 95 506 0 
0.0 0 0 0 
0.0 69 316 0 
0.0 43 214 0 
0.024 108 573 0 
0.0 114 656 0 
0.0 64 334 0 
0.0 76 387 0 
0.0 73 446 0 
0.0235294117647 71 326 0 
0.0 0 0 0 
0.0126582278481 68 375 0 
0.0 47 270 0 
0.0 57 305 0 
0.0 41 222 0 
0.0 92 520 0 
0.0 60 328 0 
0.00877192982456 106 547 0 
0.0 67 354 0 
0.0 86 507 0 
0.0 54 301 0 
0.0 167 962 0 
0.0 85 460 0 
0.0 0 0 0 
0.0 154 747 0 
0.0 70 358 0 
0.0 0 0 0 
0.0 105 565 0 
0.0212765957447 89 445 0 
0.0196078431373 39 186 0 
0.0 54 289 0 
0.0166435506241 702 3650 0 
0.0441176470588 54 302 0 
0.051724137931 108 551 0 
0.0141843971631 125 690 0 
0.0 155 808 0 
0.0714285714286 0 0 0 
0.0 0 0 0 
0.0 118 680 0 
0.0 84 457 0 
0.0217391304348 41 224 0 
0.0 54 278 0 
0.0 75 390 0 
0.0 41 215 0 
0.0 69 373 0 
0.0 96 518 0 
0.0 49 274 0 
0.0 117 602 0 
0.0 64 340 0 
0.0 70 455 0 
0.0 43 255 0 
0.00666666666667 292 1628 0 
0.0 39 214 0 
0.0 0 0 0 
0.0 0 0 0 
0.0 0 0 0 
0.0 0 0 0 
0.0 103 631 0 
0.0 45 246 0 
0.0 129 688 0 
0.0 42 242 0 
0.0 77 415 0 
0.0 40 194 0 
0.0181818181818 38 203 0 
0.0 51 248 0 
0.0 62 334 0 
0.0 0 0 0 
0.0 0 0 0 
0.0131578947368 59 361 0 
0.0350877192982 46 256 0 
0.0 0 0 0 
0.0289855072464 56 299 0 
0.0 44 235 0 
0.0 0 0 0 
0.0212765957447 44 243 0 
0.00961538461538 91 487 0 
0.0 63 380 0 
0.0 73 404 0 
0.0714285714286 0 0 0 
0.036036036036 101 594 0 
0.0 84 430 0 
0.0888888888889 89 515 0 
0.0 54 305 0 
0.0 252 1404 0 
0.0 40 214 0 
0.0 0 0 0 
0.00560747663551 526 2695 0 
0.0588235294118 0 0 0 
0.0 61 334 0 
0.0 0 0 0 
0.0 0 0 0 
0.0 0 0 0 
0.0175438596491 48 244 0 
0.0 0 0 0 
0.0357142857143 0 0 0 
0.00819672131148 95 467 0 
0.0 210 1121 0 
0.0115273775216 337 1785 0 
0.0689655172414 0 0 0 
0.0 85 459 0 
0.125 0 0 0 
0.046511627907 37 212 0 
0.0 0 0 0 
0.0240963855422 71 390 0 
0.0238095238095 56 281 0 
0.00131233595801 756 4412 0 
0.0167910447761 508 3065 0 
0.0 80 493 0 
0.046511627907 39 207 0 
0.0 0 0 0 
0.00425531914894 220 1203 0 
0.0 162 899 0 
0.0133333333333 58 292 0 
0.0222222222222 0 0 0 
0.0030959752322 303 1612 0 
0.0 38 215 0 
0.0 0 0 0 
0.166666666667 0 0 0 
0.153846153846 0 0 0 
0.0 0 0 0 
0.0 0 0 0 
0.0 103 524 0 
0.0 67 348 0 
0.0 46 255 0 
0.0 65 363 0 
0.0 117 627 0 
0.00649350649351 146 749 0 
0.0 87 487 0 
0.016 119 664 0 
0.0 75 392 0 
0.0 100 507 0 
0.012987012987 126 683 0 
0.0 65 380 0 
0.0 0 0 0 
0.0 32 155 0 
0.0 98 468 0 
0.0175438596491 90 445 0 
0.0 0 0 0 
0.142857142857 0 0 0 
0.0 73 420 0 
0.0135135135135 64 343 0 
0.05 51 296 0 
0.0 89 490 0 
0.0 70 338 0 
0.0 69 392 0 
0.0 39 197 0 
0.010989010989 79 399 0 
0.0 224 1232 0 
0.0405405405405 57 318 0 
0.00966183574879 189 987 0 
0.0 101 546 0 
0.0 70 367 0 
0.0 76 415 0 
0.0 51 276 0 
0.0 59 319 0 
0.0 263 1398 0 
0.0 54 341 0 
0.0 0 0 0 
0.0166666666667 57 295 0 
0.0 86 491 0 
0.0 63 350 0 
0.0149253731343 52 274 0 
0.0135135135135 61 322 0 
0.0108695652174 177 891 0 
0.00591715976331 152 732 0 
0.0243902439024 74 364 0 
0.0 42 219 0 
0.0 0 0 0 
0.00462962962963 210 1053 0 
0.0232558139535 39 205 0 
0.0 100 511 0 
0.0 98 588 0 
0.0 65 353 0 
0.0 52 277 0 
0.0 100 577 0 
0.0 88 484 0 
0.0 0 0 0 
0.0 0 0 0 
0.0212765957447 37 213 0 
0.0 40 221 0 
0.0 0 0 0 
0.0 75 387 0 
0.0 0 0 0 
0.0 54 297 0 
0.0 72 417 0 
0.0 51 261 0 
0.0121951219512 66 365 0 
0.0727272727273 50 241 0 
0.0113636363636 76 306 0 
0.0 43 215 0 
0.0 49 244 0 
0.0 106 581 0 
0.005444646098 1090 6028 0 
0.0 41 203 0 
0.0 41 212 0 
0.0 131 728 0 
0.0 55 280 0 
0.0 71 386 0 
0.0 80 365 0 
0.0350194552529 248 1198 0 
0.0 54 286 0 
0.038961038961 60 288 0 
0.0326086956522 75 374 0 
0.020725388601 185 917 0 
0.0 483 2685 0 
0.0243902439024 80 421 0 
0.0227272727273 255 1396 0 
0.0 58 331 0 
0.0350877192982 103 523 0 
0.0161290322581 51 302 0 
0.016393442623 49 254 0 
0.0 49 241 0 
0.0 54 284 0 
0.0 74 414 0 
0.0 42 277 0 
0.0 49 292 0 
0.0 0 0 0 
0.0344827586207 77 403 0 
0.016393442623 52 287 0 
0.015873015873 60 313 0 
0.046511627907 37 212 0 
0.0 0 0 0 
0.0 180 960 0 
0.0 105 578 0 
0.0 98 534 0 
0.0140845070423 58 320 0 
0.0 49 271 0 
0.117647058824 0 0 0 
0.045871559633 207 1111 0 
0.0 0 0 0 
0.0 80 424 0 
0.0 41 231 0 
0.0 0 0 0 
0.0409836065574 111 567 0 
0.0 20 108 0 
0.0 85 454 0 
0.0 156 907 0 
0.0277777777778 116 613 0 
0.0 30 203 0 
0.0 114 601 0 
0.0 0 0 0 
0.0909090909091 0 0 0 
0.25 0 0 0 
0.0 56 296 0 
0.0 43 221 0 
0.0169491525424 101 533 0 
0.0333333333333 54 278 0 
0.0 0 0 0 
0.0 57 260 0 
0.0 65 330 0 
0.0 70 342 0 
0.0 0 0 0 
0.0212765957447 86 448 0 
0.0238805970149 329 1786 0 
0.0 52 258 0 
0.0 0 0 0 
0.00520833333333 187 990 0 
0.00917431192661 99 496 0 
0.0227272727273 0 0 0 
0.0 141 758 0 
0.0 42 228 0 
0.0157480314961 117 627 0 
0.0 44 238 0 
0.0 54 266 0 
0.0909090909091 0 0 0 
0.0 0 0 0 
0.0078125 106 576 0 
0.0 50 250 0 
0.0 47 259 0 
0.0 110 632 0 
0.0172413793103 101 471 0 
0.0 132 811 0 
0.0 56 288 0 
0.0277777777778 62 289 0 
0.0 57 301 0 
0.0 0 0 0 
0.0409836065574 117 684 0 
0.0617283950617 62 273 0 
0.0 48 270 0 
0.0 176 919 0 
0.0 121 685 0 
0.00666666666667 138 771 0 
0.0 39 188 0 
0.0 72 467 0 
0.0 122 631 0 
0.0140845070423 64 365 0 
0.0 0 0 0 
0.0322580645161 49 288 0 
0.0 23 112 0 
0.142857142857 0 0 0 
0.0 83 440 0 
0.0127388535032 146 741 0 
0.0121951219512 66 369 0 
0.012987012987 63 320 0 
0.0 0 0 0 
0.046511627907 37 212 0 
0.0 66 332 0 
0.0 43 229 0 
0.0 143 788 0 
0.0 52 282 0 
0.0 0 0 0 
0.0 60 352 0 
0.0 16 107 0 
0.0 46 241 0 
0.0 55 298 0 
0.06 42 225 0 
0.0 350 2041 0 
0.0239520958084 143 719 0 
0.0 90 493 0 
0.0 60 336 0 
0.0112359550562 80 442 0 
0.0 168 888 0 
0.0 39 224 0 
0.0 26 123 0 
0.00675675675676 138 722 0 
0.0272727272727 96 477 0 
0.0 66 355 0 
0.0 46 250 0 
0.016393442623 114 589 0 
0.0 52 297 0 
0.0 138 760 0 
0.0 40 208 0 
0.00970873786408 98 479 0 
0.0 90 537 0 
0.0327868852459 55 265 0 
0.0 38 229 0 
0.0 0 0 0 
0.00518134715026 178 894 0 
0.0 39 250 0 
0.0 0 0 0 
0.0 71 382 0 
0.0 0 0 0 
0.0 90 398 0 
0.012987012987 66 350 0 
0.0 45 225 0 
0.1 0 0 0 
0.0 135 834 0 
0.0 124 626 0 
0.0 59 319 0 
0.0 0 0 0 
0.0188679245283 47 251 0 
0.0 75 418 0 
0.0 65 400 0 
0.0 41 212 0 
0.0 36 203 0 
0.0 0 0 0 
0.0 0 0 0 
0.0 55 297 0 
0.0 51 286 0 
0.0 50 302 0 
0.0 0 0 0 
0.0 48 223 0 
0.0135135135135 53 263 0 
0.00787401574803 245 1244 0 
0.0806451612903 109 729 0 
0.0 43 227 0 
0.0 0 0 0 
0.0 41 225 0 
0.0116279069767 74 419 0 
0.0 49 268 0 
0.0 86 423 0 
0.0 132 742 0 
0.0245901639344 239 1338 0 
0.0 0 0 0 
0.0 59 253 0 
0.0 69 366 0 
0.0243902439024 161 736 0 
0.0 117 592 0 
0.016 109 589 0 
0.0140186915888 210 1071 0 
0.0 5 18 0 
0.0 222 1101 0 
0.01875 130 635 0 
0.0289855072464 63 334 0 
0.0 0 0 0 
0.0 43 243 0 
0.0077519379845 104 598 0 
0.0 45 231 0 
0.0430622009569 198 954 0 
0.0 24 104 0 
0.0 49 246 0 
0.0 62 315 0 
0.0 70 330 0 
0.0172413793103 332 1994 0 
0.0 103 524 0 
0.0 92 462 0 
0.0 72 341 0 
0.0130434782609 220 1238 0 
0.0 83 424 0 
0.0119047619048 157 825 0 
0.0 41 211 0 
0.0 247 1301 0 
0.0810810810811 105 545 0 
0.0 40 205 0 
0.0 152 769 0 
0.0 17 86 0 
0.0289855072464 63 334 0 
0.0169491525424 108 478 0 
0.0 48 249 0 
0.0 96 459 0 
0.0328638497653 205 1151 0 
0.0 183 976 0 
0.0 44 222 0 
0.0 166 810 0 
0.0 17 95 0 
0.020325203252 240 1275 0 
0.0144927536232 56 278 0 
0.0217391304348 207 1001 0 
0.0375 138 633 0 
0.0 20 87 0 
0.0 40 241 0 
0.00892857142857 214 1046 0 
0.00305810397554 324 1684 0 
0.0 74 395 0 
0.0 64 332 0 
0.0338983050847 54 323 0 
0.0 147 737 0 
0.0 66 345 0 
0.0 65 408 0 
0.0208333333333 187 920 0 
0.0 67 351 0 
0.0444444444444 120 579 0 
0.0 22 114 0 
0.00680272108844 139 742 0 
0.0 123 661 0 
0.0115606936416 160 860 0 
0.0 69 381 0 
0.00952380952381 204 1076 0 
0.0 65 328 0 
0.00361010830325 264 1388 0 
0.0 39 197 0 
0.0 135 664 0 
0.0 139 779 0 
0.0634920634921 114 622 0 
0.0128205128205 71 349 0 
0.0333333333333 85 399 0 
0.036036036036 219 1095 0 
0.00478468899522 200 1003 0 
0.0 50 233 0 
0.0 147 713 0 
0.0 312 1637 0 
0.0810810810811 105 545 0 
0.0125944584383 386 1952 0 
0.0117647058824 59 289 0 
0.0082304526749 234 1210 0 
0.0 43 206 0 
0.0 35 168 0 
0.0 54 289 0 
0.0263157894737 61 306 0 
0.0119521912351 229 1222 0 
0.0 98 502 0 
0.0192307692308 98 506 0 
0.0 163 886 0 
0.0 24 141 0 
0.0 239 1255 0 
0.0 93 519 0 
0.0 166 1005 0 
0.0 70 372 0 
0.0 285 1530 0 
0.0 30 172 0 
0.0 143 670 0 
0.0 4 20 0 
0.0 27 126 0 
0.0 45 246 0 
0.0322580645161 0 0 0 
0.0225225225225 211 1072 0 
0.0216919739696 447 2314 0 
0.0 171 881 0 
0.0 43 218 0 
0.0 96 495 0 
0.0 229 1248 0 
0.0201149425287 334 1632 0 
0.0 150 766 0 
0.00961538461538 205 1014 0 
0.0 138 701 0 
0.0108695652174 160 897 0 
0.00398406374502 246 1246 0 
0.0229007633588 120 630 0 
0.0110701107011 265 1362 0 
0.0 159 808 0 
0.0289855072464 63 334 0 
0.00657894736842 147 767 0 
0.00709219858156 266 1308 0 
0.0 83 442 0 
0.0289855072464 63 334 0 
0.0372670807453 136 680 0 
0.0 55 272 0 
0.0192307692308 92 434 0 
0.0 52 263 0 
0.0118577075099 243 1268 0 
0.0127388535032 146 753 0 
0.0810810810811 105 545 0 
0.0 64 352 0 
0.00757575757576 252 1391 0 
0.00248756218905 392 1993 0 
0.0 106 546 0 
0.0 217 1147 0 
0.0 20 90 0 
0.0196078431373 41 233 0 
0.030303030303 14 70 0 
0.0 0 0 0 
0.020618556701 91 490 0 
0.00687285223368 282 1479 0 
0.0042735042735 227 1139 0 
0.00729927007299 133 703 0 
0.0206896551724 134 701 0 
0.0 369 1871 0 
0.0 92 436 0 
0.0 38 210 0 
0.0 49 232 0 
0.0 78 400 0 
0.0 20 99 0 
0.0 34 163 0 
0.0168539325843 164 893 0 
0.00621118012422 147 793 0 
0.0 16 89 0 
0.0 190 965 0 
0.0 14 80 0 
0.005 176 905 0 
0.018018018018 213 1035 0 
0.0119047619048 153 839 0 
0.0 58 315 0 
0.0208333333333 91 451 0 
0.0 106 507 0 
0.0 138 740 0 
0.0 32 155 0 
0.0136363636364 211 1059 0 
0.0 55 280 0 
0.0 116 588 0 
0.0 37 178 0 
0.0138888888889 55 285 0 
0.0 0 0 0 
0.0 179 1068 0 
0.0 179 972 0 
0.00982800982801 385 2062 0 
0.031894934334 519 2631 0 
0.00520833333333 568 3122 0 
0.0150753768844 195 1278 0 
0.0 5 25 0 
0.0 32 127 0 
0.0 74 386 0 
0.00147710487445 663 3488 0 
0.0 71 349 0 
0.0161290322581 241 1195 0 
0.00757575757576 118 564 0 
0.0 70 363 0 
0.0272727272727 100 538 0 
0.0 69 383 0 
0.0188679245283 138 719 0 
0.0 40 198 0 
0.00862068965517 220 1062 0 
0.0030487804878 313 1679 0 
0.0 68 353 0 
0.0 2 13 0 
0.0 52 287 0 
0.0289855072464 63 334 0 
0.0 23 113 0 
0.0153846153846 56 278 0 
0.0 89 449 0 
0.0281690140845 56 270 0 
0.0 170 881 0 
0.0 33 159 0 
0.0153846153846 58 276 0 
0.0284629981025 517 2747 0 
0.0 46 247 0 
0.0 93 470 0 
0.0121951219512 77 371 0 
0.0 231 1247 0 
0.0 0 0 0 
0.0 46 203 0 
0.0175438596491 50 248 0 
0.00480769230769 203 1050 0 
0.0 141 735 0 
0.0167364016736 226 1156 0 
0.0 153 752 0 
0.0 102 514 0 
0.0122699386503 323 1858 0 
0.0 90 480 0 
0.0 48 252 0 
0.0 42 210 0 
0.0258064516129 148 728 0 
0.0 47 222 0 
0.0 55 301 0 
0.00558659217877 160 866 0 
0.0 38 239 0 
0.0 56 276 0 
0.0 135 683 0 
0.0 55 312 0 
0.0 108 489 0 
0.0 45 225 0 
0.0 12 64 0 
0.00990099009901 78 379 0 
0.0137362637363 358 1765 0 
0.0 0 0 0 
0.00952380952381 189 1024 0 
0.0 0 0 0 
0.0 34 159 0 
0.00350877192982 284 1365 0 
0.0348837209302 82 395 0 
0.0 126 620 0 
0.0 43 206 0 
0.0 85 494 0 
0.0 87 493 0 
0.0 43 235 0 
0.0 0 0 0 
0.0 431 2310 0 
0.00761421319797 370 1885 0 
0.00833333333333 226 1236 0 
0.0 21 99 0 
0.0 19 102 0 
0.0327868852459 52 268 0 
0.0 132 739 0 
0.0 177 827 0 
0.0104529616725 271 1346 0 
0.0 109 546 0 
0.00660066006601 291 1492 0 
0.0 0 0 0 
0.0132701421801 1043 5348 0 
0.0135135135135 68 359 0 
0.0116959064327 167 829 0 
0.0 160 857 0 
0.0120481927711 71 319 0 
0.0189873417722 150 743 0 
0.0 41 197 0 
0.00271739130435 347 1794 0 
0.0 45 264 0 
0.0 93 504 0 
0.0133333333333 123 611 0 
0.0 601 3101 0 
0.0208333333333 92 466 0 
0.00343642611684 284 1365 0 
0.0 150 733 0 
0.0 16 76 0 
0.0294117647059 15 79 0 
0.0 37 189 0 
0.0 22 131 0 
0.0 526 2773 0 
0.0 108 571 0 
0.019801980198 901 4618 0 
0.0152284263959 188 1046 0 
0.0 260 1421 0 
0.0 79 439 0 
0.0571428571429 27 136 0 
0.0 139 747 0 
0.00833333333333 93 445 0 
0.0 20 105 0 
0.0 112 751 0 
0.0 99 509 0 
0.0121951219512 65 349 0 
0.00704225352113 117 617 0 
0.0 64 344 0 
0.00612244897959 460 2326 0 
0.00869565217391 110 566 0 
0.0588235294118 4 12 0 
0.0454545454545 39 199 0 
0.0 262 1388 0 
0.0 199 974 0 
0.0110497237569 160 783 0 
0.0 148 733 0 
0.0102564102564 174 889 0 
0.0131926121372 344 2070 0 
0.0285714285714 62 331 0 
0.0181818181818 160 822 0 
0.0223463687151 173 940 0 
0.0018115942029 537 2634 0 
0.0333333333333 303 1487 0 
0.0 0 0 0 
0.0 80 416 0 
0.0217391304348 89 504 0 
0.0 77 369 0 
0.0 14 72 0 
0.0 18 86 0 
0.0113636363636 79 395 0 
0.0 95 494 0 
0.0 28 158 0 
0.00763358778626 123 581 0 
0.013358778626 2084 10938 0 
0.0 16 111 0 
0.0181818181818 49 239 0 
0.0 93 451 0 
0.0294117647059 62 347 0 
0.0111111111111 77 382 0 
0.0106382978723 89 441 0 
0.0251572327044 154 774 0 
0.0108695652174 78 440 0 
0.0147058823529 469 2422 0 
0.0324129651861 817 4358 0 
0.0 73 346 0 
0.0111111111111 73 358 0 
0.0260416666667 177 871 0 
0.0 7 46 0 
0.0120481927711 160 856 0 
0.00649350649351 149 713 0 
0.0 26 153 0 
0.0 23 142 0 
0.0 34 179 0 
0.0 109 609 0 
0.0222222222222 34 188 0 
0.0 33 184 0 
0.00524475524476 540 2644 0 
0.00564971751412 337 1765 0 
0.025787965616 337 1626 0 
0.0 59 350 0 
0.0 99 541 0 
0.021978021978 86 393 0 
0.0 31 155 0 
0.00662251655629 135 668 0 
0.0 51 248 0 
0.0116666666667 587 2984 0 
0.0 83 440 0 
0.0377358490566 41 195 0 
0.0434782608696 60 307 0 
0.0 61 304 0 
0.0 77 398 0 
0.0 198 987 0 
0.0 80 360 0 
0.0 50 279 0 
0.0112994350282 173 825 0 
0.0701754385965 47 222 0 
0.0 78 416 0 
0.00198807157058 487 2406 0 
0.0272727272727 100 538 0 
0.0 119 596 0 
0.0588235294118 15 84 0 
0.0 18 103 0 
0.0161812297735 304 1510 0 
0.0 10 51 0 
0.016393442623 57 254 0 
0.0 16 88 0 
0.0133779264214 281 1456 0 
0.0519480519481 63 351 0 
0.0128205128205 64 329 0 
0.00183823529412 528 2848 0 
0.0408163265306 42 229 0 
0.0115384615385 245 1156 0 
0.00526315789474 184 916 0 
0.0166666666667 170 858 0 
0.0 64 323 0 
0.0 87 442 0 
0.00699300699301 129 662 0 
0.0172413793103 108 538 0 
0.0119760479042 158 808 0 
0.0431034482759 111 489 0 
0.0188679245283 413 2005 0 
0.00961538461538 91 505 0 
0.0 0 0 0 
0.0397350993377 142 751 0 
0.0 77 402 0 
0.0 79 415 0 
0.0 91 469 0 
0.0 24 119 0 
0.0344827586207 137 942 0 
0.0 34 153 0 
0.0 61 320 0 
0.0152091254753 249 1479 0 
0.0299401197605 155 682 0 
0.0 44 208 0 
0.0 139 830 0 
0.0 43 218 0 
0.00696864111498 265 1247 0 
0.0404624277457 159 781 0 
0.0 135 734 0 
0.0201342281879 441 2261 0 
0.0 40 208 0 
0.00277777777778 347 1856 0 
0.0 20 86 0 
0.0 135 679 0 
0.0209059233449 280 1436 0 
0.00510204081633 189 976 0 
0.0 319 1667 0 
0.0109289617486 167 826 0 
0.0 147 811 0 
0.00769230769231 248 1365 0 
0.0 111 563 0 
0.0 74 327 0 
0.00645161290323 138 753 0 
0.00472813238771 405 2115 0 
0.0151515151515 374 1877 0 
0.00280898876404 339 1820 0 
0.0140845070423 127 643 0 
0.0143540669856 201 1128 0 
0.0238095238095 157 876 0 
0.0 0 0 0 
0.0048309178744 180 889 0 
0.0810810810811 105 545 0 
0.0 236 1221 0 
0.020618556701 91 490 0 
0.0289855072464 63 334 0 
0.0 26 142 0 
0.00751879699248 130 654 0 
0.0 83 481 0 
0.010395010395 470 2333 0 
0.0 122 597 0 
0.0 35 179 0 
0.0 58 310 0 
0.0257731958763 188 953 0 
0.0 42 185 0 
0.0381679389313 123 649 0 
0.0 102 528 0 
0.00869565217391 85 421 0 
0.0 70 359 0 
0.0 61 293 0 
0.0 235 1226 0 
0.00609756097561 485 2370 0 
0.00990099009901 292 1453 0 
0.0 37 225 0 
0.00675675675676 142 721 0 
0.00884955752212 102 477 0 
0.0 37 175 0 
0.0 37 233 0 
0.00884955752212 211 1111 0 
0.0 27 137 0 
0.0 206 1153 0 
0.0 23 114 0 
0.0 81 418 0 
0.00986842105263 302 1513 0 
0.00729927007299 123 615 0 
0.0289855072464 63 334 0 
0.00963855421687 401 2043 0 
0.02 91 475 0 
0.0 107 541 0 
0.0 105 500 0 
0.0 307 1556 0 
0.0130434782609 218 1065 0 
0.0 28 171 0 
0.016077170418 305 1632 0 
0.00636942675159 149 890 0 
0.0166666666667 108 484 0 
0.0 22 131 0 
0.0 174 889 0 
0.0 62 331 0 
0.0 171 841 0 
0.0188679245283 92 485 0 
0.0454545454545 100 474 0 
0.0153846153846 56 272 0 
0.0047619047619 197 1064 0 
0.0 154 744 0 
0.0103092783505 281 1372 0 
0.0 285 1434 0 
0.0224719101124 74 357 0 
0.00540540540541 168 872 0 
0.0 88 452 0 
0.0 73 373 0 
0.00257731958763 376 2088 0 
0.0 172 848 0 
0.0 62 312 0 
0.0034965034965 267 1357 0 
0.0 51 266 0 
0.111111111111 29 127 0 
0.0 42 236 0 
0.00617283950617 142 747 0 
0.0125 48 246 0 
0.0034965034965 562 3040 0 
0.0 57 314 0 
0.017667844523 270 1365 0 
0.0120481927711 72 401 0 
0.0 14 76 0 
0.010101010101 94 430 0 
0.0540540540541 35 161 0 
0.0285714285714 14 68 0 
0.0 300 1479 0 
0.0 30 151 0 
0.00751879699248 250 1372 0 
0.0 12 70 0 
0.0 46 242 0 
0.00431034482759 227 1202 0 
0.0 15 121 0 
0.0 43 205 0 
0.0 49 246 0 
0.0 102 575 0 
0.0082304526749 231 1206 0 
0.00492610837438 193 956 0 
0.0 113 536 0 
0.0 63 320 0 
0.0 46 258 0 
0.0 69 344 0 
0.00595238095238 163 874 0 
0.0 31 161 0 
0.0 62 343 0 
0.0 67 360 0 
0.0 164 922 0 
0.0105263157895 176 853 0 
0.0 228 1217 0 
0.0162162162162 175 856 0 
0.0 17 85 0 
0.025641025641 144 755 0 
0.0 89 463 0 
0.0 47 248 0 
0.0109090909091 259 1242 0 
0.0 41 189 0 
0.00847457627119 112 575 0 
0.0 75 459 0 
0.0121212121212 154 787 0 
0.0165289256198 222 1134 0 
0.00401606425703 241 1088 0 
0.0289855072464 63 334 0 
0.0 116 583 0 
0.0166666666667 57 307 0 
0.0 51 259 0 
0.0294117647059 52 294 0 
0.0173913043478 104 498 0 
0.0 77 391 0 
0.0 88 457 0 
0.020202020202 93 480 0 
0.00892857142857 216 1123 0 
0.0 94 442 0 
0.0 175 917 0 
0.0535714285714 44 239 0 
0.0985915492958 127 586 0 
0.00262467191601 365 1874 0 
0.0 45 238 0 
0.00490196078431 200 979 0 
0.0 99 494 0 
0.0 68 365 0 
0.0 450 2427 0 
0.0 119 719 0 
0.0 92 446 0 
0.0 22 110 0 
0.0 81 365 0 
0.0 40 187 0 
0.00471698113208 200 1010 0 
0.0 18 94 0 
0.00302114803625 318 1671 0 
0.0 60 319 0 
0.0 34 168 0 
0.0 40 242 0 
0.0 31 144 0 
0.0119402985075 323 1809 0 
0.0113636363636 259 1321 0 
0.0173913043478 219 1154 0 
0.0277777777778 56 300 0 
0.0 189 1010 0 
0.0 59 281 0 
0.0 45 220 0 
0.00869565217391 221 1089 0 
0.005 188 913 0 
0.0 153 770 0 
0.0131004366812 221 1146 0 
0.00297619047619 320 1733 0 
0.0 115 690 0 
0.00552486187845 167 848 0 
0.00229357798165 427 2480 0 
0.00490196078431 199 1052 0 
0.0 27 130 0 
0.0 6 26 0 
0.00597014925373 326 1653 0 
0.027027027027 99 530 0 
0.0 59 291 0 
0.0 31 161 0 
0.029304029304 265 1345 0 
0.0 73 376 0 
0.00793650793651 237 1211 0 
0.0105263157895 85 442 0 
0.00778210116732 248 1224 0 
0.0 76 392 0 
0.142857142857 0 0 0 
0.0 53 303 0 
0.0 90 458 0 
0.0 0 0 0 
0.0 131 670 0 
0.0196078431373 43 229 0 
0.0 133 618 0 
0.0 17 77 0 
0.0 112 590 0 
0.0 33 197 0 
0.0 109 754 0 
0.0 23 165 0 
0.0175438596491 40 205 0 
0.00862068965517 100 498 0 
0.0162162162162 173 1048 0 
0.0 56 305 0 
0.00456621004566 204 1098 0 
0.0189873417722 148 781 0 
0.0 62 336 0 
0.0285714285714 230 1216 0 
0.0 31 158 0 
0.0 26 134 0 
0.0 36 181 0 
0.0352112676056 136 654 0 
0.00900900900901 197 1167 0 
0.0 126 658 0 
0.0 77 361 0 
0.0 46 220 0 
0.0 86 472 0 
0.0167865707434 408 2103 0 
0.0212765957447 28 159 0 
0.0 64 332 0 
0.0244648318043 308 1470 0 
0.0 57 328 0 
0.00877192982456 106 628 0 
0.0 47 264 0 
0.0 86 463 0 
0.0 379 2088 0 
0.0 15 89 0 
0.0 61 346 0 
0.0238095238095 79 465 0 
0.0 128 683 0 
0.0 153 773 0 
0.0238095238095 79 465 0 
0.0697674418605 34 170 0 
0.0 135 703 0 
0.0 38 200 0 
0.0 136 704 0 
0.0285714285714 58 290 0 
0.0 35 178 0 
0.0 117 608 0 
0.0142857142857 67 357 0 
0.0185185185185 43 192 0 
0.0 24 119 0 
0.0 24 101 0 
0.0283018867925 97 522 0 
0.0 245 1174 0 
0.0 75 374 0 
0.0 184 1061 0 
0.0 46 217 0 
0.0 56 278 0 
0.0222222222222 40 199 0 
0.0147058823529 321 1668 0 
0.0 167 904 0 
0.0 99 480 0 
0.0 40 234 0 
0.00806451612903 106 554 0 
0.0 29 143 0 
0.0 159 808 0 
0.0 43 210 0 
0.0277777777778 27 132 0 
0.0223880597015 116 595 0 
0.0093896713615 201 1047 0 
0.0434782608696 44 247 0 
0.0 53 279 0 
0.0289855072464 63 334 0 
0.0416666666667 87 430 0 
0.0 34 163 0 
0.0 125 619 0 
0.0 17 84 0 
0.014598540146 264 1429 0 
0.0 20 101 0 
0.0 52 273 0 
0.0289855072464 63 334 0 
0.00732600732601 264 1334 0 
0.044776119403 58 299 0 
0.0238095238095 79 465 0 
0.0197368421053 295 1599 0 
0.00514138817481 371 1864 0 
0.0 26 137 0 
0.0365853658537 312 1470 0 
0.0 92 500 0 
0.0 67 435 0 
0.0 38 168 0 
0.0183486238532 105 603 0 
0.00314960629921 624 3141 0 
0.0 99 512 0 
0.0588235294118 30 142 0 
0.00350877192982 270 1483 0 
0.0 28 151 0 
0.0183486238532 100 483 0 
0.0 87 465 0 
0.0 36 180 0 
0.000950570342205 1044 5389 0 
0.00877192982456 93 443 0 
0.014652014652 264 1353 0 
0.00446428571429 213 1118 0 
0.0 131 648 0 
0.0 0 0 0 
0.0 95 474 0 
0.0 40 223 0 
0.0289855072464 63 334 0 
0.0 52 301 0 
0.0 41 238 0 
0.00806451612903 116 571 0 
0.0 261 1332 0 
0.0 43 203 0 
0.0 7 36 0 
0.0 52 285 0 
0.0 42 226 0 
0.00714285714286 393 1977 0 
0.0210084033613 223 1054 0 
0.0189873417722 302 1524 0 
0.0 50 263 0 
0.0192307692308 42 226 0 
0.0249221183801 314 1490 0 
0.027950310559 315 1704 0 
0.0 9 51 0 
0.0 106 530 0 
0.0 33 187 0 
0.0108695652174 83 444 0 
0.0421686746988 319 1709 0 
0.0229007633588 127 662 0 
0.0 22 111 0 
0.0 28 162 0 
0.0 42 232 0 
0.047619047619 8 43 0 
0.00680272108844 141 772 0 
0.0 0 0 0 
0.0588235294118 55 260 0 
0.0 118 632 0 
0.0 46 227 0 
0.0388888888889 350 1927 0 
0.0075 390 2282 0 
0.0121457489879 243 1256 0 
0.00819672131148 97 461 0 
0.0 131 630 0 
0.0 130 686 0 
0.0 116 588 0 
0.016393442623 52 279 0 
0.0 39 158 0 
0.0 47 245 0 
0.0 91 442 0 
0.0109034267913 630 3045 0 
0.0 18 95 0 
0.0 17 102 0 
0.0 79 462 0 
0.0185185185185 49 260 0 
0.0 66 385 0 
0.00487804878049 195 1108 0 
0.0 39 195 0 
0.0186335403727 146 708 0 
0.0136054421769 135 675 0 
0.0 18 97 0 
0.01 97 524 0 
0.0493827160494 66 346 0 
0.0109024833434 1638 8666 0 
0.013986013986 254 1261 0 
0.0 30 176 0 
0.0 156 800 0 
0.0 25 124 0 
0.0 113 555 0 
0.0 103 512 0 
0.013698630137 69 363 0 
0.0 53 282 0 
0.0124481327801 236 1214 0 
0.00961538461538 88 444 0 
0.00446428571429 216 1167 0 
0.0 49 264 0 
0.0 96 475 0 
0.0 110 611 0 
0.0353982300885 103 479 0 
0.0 144 773 0 
0.0147058823529 133 660 0 
0.0 128 628 0 
0.0 89 451 0 
0.0133333333333 71 384 0 
0.010781671159 344 1744 0 
0.0 178 859 0 
0.0 67 342 0 
0.0 20 106 0 
0.00480769230769 411 2157 0 
0.00840336134454 112 564 0 
0.0 59 314 0 
0.0 54 282 0 
0.0 171 884 0 
0.0 131 665 0 
0.00534759358289 176 911 0 
0.0166666666667 110 527 0 
0.0104166666667 81 425 0 
0.0166666666667 355 1839 0 
0.0 37 204 0 
0.0277777777778 96 508 0 
0.0 92 469 0 
0.0289855072464 63 334 0 
0.0263157894737 34 195 0 
0.0109289617486 356 1733 0 
0.00502512562814 192 983 0 
0.0 137 661 0 
0.029197080292 120 591 0 
0.0104166666667 78 397 0 
0.00816326530612 237 1245 0 
0.0 35 183 0 
0.0 44 233 0 
0.0 74 413 0 
0.015873015873 58 273 0 
0.0 53 280 0 
0.0104712041885 186 911 0 
0.0 18 98 0 
0.0277777777778 65 372 0 
0.0 74 445 0 
0.00689655172414 140 760 0 
0.010752688172 170 830 0 
0.0 197 989 0 
0.0 163 864 0 
0.0177514792899 165 885 0 
0.0 0 0 0 
0.0 50 239 0 
0.0 90 506 0 
0.000980392156863 1013 5567 0 
0.034188034188 100 498 0 
0.0 28 168 0 
0.0 65 337 0 
0.0 164 859 0 
0.0 75 375 0 
0.0 8 52 0 
0.0 20 108 0 
0.0 50 267 0 
0.020618556701 91 490 0 
0.0 86 470 0 
0.00738007380074 268 1472 0 
0.00709219858156 136 670 0 
0.0 54 281 0 
0.165697674419 341 2222 0 
0.0 81 376 0 
0.0 5 25 0 
0.0 474 2466 0 
0.0080971659919 233 1259 0 
0.0077519379845 121 585 0 
0.125984251969 117 557 0 
0.0 165 950 0 
0.0175438596491 162 803 0 
0.00990099009901 188 955 0 
0.0206896551724 137 643 0 
0.0 48 269 0 
0.108108108108 31 140 0 
0.00473933649289 200 1015 0 
0.0 19 109 0 
0.018315018315 255 1276 0 
0.016339869281 297 1497 0 
0.0212765957447 91 454 0 
0.0 237 1283 0 
0.0 16 79 0 
0.0 50 267 0 
0.0 47 257 0 
0.0 85 433 0 
0.0 43 187 0 
0.0 170 897 0 
0.0 27 154 0 
0.0242424242424 162 803 0 
0.0 63 348 0 
0.0105633802817 279 1401 0 
0.0 40 207 0 
0.0 51 288 0 
0.0 60 306 0 
0.0 50 233 0 
0.0 145 854 0 
0.00909090909091 105 525 0 
0.0 158 804 0 
0.0 26 154 0 
0.0 34 175 0 
0.0122699386503 160 688 0 
0.0 213 1043 0 
0.0645161290323 23 95 0 
0.045 183 917 0 
0.0 99 452 0 
0.0 26 137 0 
0.0 15 85 0 
0.0 42 203 0 
0.0191693290735 292 1511 0 
0.0198675496689 143 678 0 
0.00239234449761 409 2062 0 
0.0 111 611 0 
0.0 163 767 0 
0.00294985250737 334 1683 0 
0.0 151 742 0 
0.00363636363636 265 1369 0 
0.0063829787234 461 2290 0 
0.0188679245283 101 530 0 
0.00459418070444 634 3162 0 
0.0 39 198 0 
0.0 35 186 0 
0.0 106 613 0 
0.00462962962963 212 1111 0 
0.030303030303 23 187 0 
0.04 66 359 0 
0.0 4 15 0 
0.0 80 385 0 
0.0059880239521 154 814 0 
0.00315457413249 291 1408 0 
0.00591715976331 162 909 0 
0.0 133 681 0 
0.0 132 736 0 
0.0 35 201 0 
0.0 0 0 0 
0.0 101 546 0 
0.05 28 141 0 
0.010582010582 183 919 0 
0.00904977375566 208 1098 0 
0.0222222222222 40 199 0 
0.0 245 1309 0 
0.00478468899522 195 976 0 
0.0 105 629 0 
0.0 10 52 0 
0.0 70 383 0 
0.0 17 94 0 
0.0111111111111 83 408 0 
0.0 42 209 0 
0.00884955752212 99 448 0 
0.0 70 398 0 
0.00363636363636 267 1380 0 
0.00607902735562 319 1636 0 
0.0104166666667 91 449 0 
0.027027027027 107 544 0 
0.017094017094 109 589 0 
0.0235294117647 79 426 0 
0.00526315789474 179 941 0 
0.00666666666667 143 809 0 
0.0 184 894 0 
0.0 123 639 0 
0.037037037037 164 835 0 
0.011320754717 252 1328 0 
0.0227272727273 125 621 0 
0.0 44 224 0 
0.0 108 558 0 
0.0 246 1253 0 
0.0 27 145 0 
0.0 925 4544 0 
0.0454545454545 13 55 0 
0.00297619047619 327 1693 0 
0.0 47 260 0 
0.013698630137 63 328 0 
0.0 102 543 0 
0.0 48 253 0 
0.0459770114943 161 795 0 
0.0 68 346 0 
0.0 0 0 0 
0.0132450331126 597 3208 0 
0.0 0 0 0 
0.0 99 508 0 
0.010101010101 92 472 0 
0.0846153846154 254 1328 0 
0.25 0 0 0 
0.0134228187919 137 687 0 
0.0 155 787 0 
0.0 0 0 0 
0.025641025641 58 297 0 
0.0294117647059 27 152 0 
0.0279069767442 205 1011 0 
0.0 28 156 0 
0.0527777777778 351 1775 0 
0.0 388 2190 0 
0.00552486187845 167 985 0 
0.0 36 203 0 
0.0208333333333 141 812 0 
0.0125 158 842 0 
0.0 0 0 0 
0.0 75 369 0 
0.0181818181818 156 921 0 
0.0 94 495 0 
0.0 45 212 0 
0.0 0 0 0 
0.0 40 194 0 
0.0 148 785 0 
0.0 0 0 0 
0.0 130 726 0 
0.0 65 356 0 
0.0 20 113 0 
0.0 0 0 0 
0.0121951219512 75 336 0 
0.0 78 405 0 
0.0 0 0 0 
0.0 10 30 0 
0.02 41 206 0 
0.0 241 1251 0 
0.025641025641 75 393 0 
0.0 119 625 0 
0.0 0 0 0 
0.0 0 0 0 
0.012987012987 73 381 0 
0.2 0 0 0 
0.0581395348837 80 404 0 
0.00332225913621 290 1474 0 
0.0 58 314 0 
0.02 41 271 0 
0.0 33 194 0 
0.0192307692308 99 500 0 
0.0 0 0 0 
0.0 0 0 0 
0.0 87 424 0 
0.025 112 642 0 
0.0 71 397 0 
0.0162601626016 120 620 0 
0.0 0 0 0 
0.0 0 0 0 
0.0 0 0 0 
0.00892857142857 212 1118 0 
0.0 15 81 0 
0.0 133 694 0 
0.0 63 345 0 
0.0 48 262 0 
0.0 0 0 0 
0.0 113 624 0 
0.0 0 0 0 
0.0286885245902 231 1105 0 
0.0 54 308 0 
0.025641025641 72 397 0 
0.00719424460432 272 1429 0 
0.0 0 0 0 
0.0 0 0 0 
0.2 0 0 0 
0.0 17 107 0 
0.0 0 0 0 
0.111111111111 0 0 0 
0.0 0 0 0 
0.0 0 0 0 
0.073732718894 208 999 0 
0.0 25 121 0 
0.305354558611 682 3672 0 
0.0246913580247 153 793 0 
0.0 116 567 0 
0.125 0 0 0 
0.013698630137 134 660 0 
0.008 117 658 0 
0.05 38 178 0 
0.0110375275938 447 2413 0 
0.0 87 438 0 
0.0285714285714 133 700 0 
0.0 23 114 0 
0.0 0 0 0 
0.0 173 909 0 
0.0229357798165 209 1028 0 
0.025641025641 73 417 0 
0.0 34 168 0 
0.0714285714286 0 0 0 
0.0 0 0 0 
0.0 46 254 0 
0.0122950819672 223 1159 0 
0.0 141 782 0 
0.0227272727273 39 224 0 
0.0320699708455 338 1789 0 
0.0204081632653 97 469 0 
0.0 80 468 0 
0.0 68 376 0 
0.0133333333333 72 358 0 
0.0 27 169 0 
0.0 28 146 0 
0.010101010101 95 499 0 
0.0 112 546 0 
0.0175438596491 106 605 0 
0.0 99 522 0 
0.0 0 0 0 
0.0 85 467 0 
0.0 6 50 0 
0.0215827338129 136 714 0 
0.030303030303 48 252 0 
0.0 54 253 0 
0.0 280 1579 0 
0.05 0 0 0 
0.166666666667 0 0 0 
0.0 25 128 0 
0.0 64 336 0 
0.0 0 0 0 
0.0 35 175 0 
0.0 39 178 0 
0.0 30 192 0 
0.0 66 352 0 
0.0 0 0 0 
0.0 40 201 0 
0.0 0 0 0 
0.0 0 0 0 
0.0 26 133 0 
0.0 108 569 0 
0.0 0 0 0 
0.0 0 0 0 
0.0 0 0 0 
0.157894736842 0 0 0 
0.0 113 647 0 
0.0 0 0 0 
0.0571428571429 11 87 0 
0.0 0 0 0 
0.0707070707071 88 436 0 
0.0 0 0 0 
0.0188679245283 153 815 0 
0.0 25 126 0 
0.0 53 277 0 
0.0 74 379 0 
0.0 59 299 0 
0.0 6 24 0 
0.0188679245283 103 482 0 
0.0207281424395 3741 19943 0 
0.00617283950617 155 849 0 
0.0263157894737 107 545 0 
0.0 0 0 0 
0.0 12 51 0 
0.0 0 0 0 
0.0 0 0 0 
0.0144927536232 131 659 0 
0.0775862068966 106 532 0 
0.0211480362538 320 1852 0 
0.0 46 230 0 
0.0 74 374 0 
0.0 0 0 0 
0.0 117 688 0 
0.0 28 128 0 
0.1 0 0 0 
0.104166666667 45 236 0 
0.0544217687075 132 660 0 
0.044776119403 129 671 0 
0.0 23 106 0 
0.0 168 866 0 
0.0175438596491 106 605 0 
0.00641025641026 151 732 0 
0.0 21 112 0 
0.0602409638554 79 444 0 
0.0176470588235 158 890 0 
0.0 14 90 0 
0.018018018018 436 2241 0 
0.0 59 298 0 
0.015625 439 2300 0 
0.0 111 622 0 
0.0 22 115 0 
0.0 0 0 0 
0.0 0 0 0 
0.0 0 0 0 
0.0 0 0 0 
0.0078125 118 563 0 
0.0 78 383 0 
0.0 79 416 0 
0.0 0 0 0 
0.0 0 0 0 
0.0 96 527 0 
0.0 0 0 0 
0.0 47 233 0 
0.0 0 0 0 
0.0 137 733 0 
0.0 0 0 0 
0.0467289719626 104 543 0 
0.0 84 473 0 
0.0 111 594 0 
0.00588235294118 148 804 0 
0.0133333333333 144 711 0 
0.0208333333333 88 529 0 
0.0 95 516 0 
0.0 13 72 0 
0.0119047619048 160 758 0 
0.0 127 727 0 
0.0454545454545 10 43 0 
0.108108108108 65 316 0 
0.00869565217391 214 1117 0 
0.0 60 319 0 
0.0 70 332 0 
0.031007751938 125 635 0 
0.0149253731343 130 718 0 
0.0208333333333 88 529 0 
0.0 239 1188 0 
0.0 0 0 0 
0.0609756097561 62 300 0 
0.044776119403 192 1018 0 
0.010989010989 76 401 0 
0.0 75 397 0 
0.0 0 0 0 
0.0 47 287 0 
0.0 0 0 0 
0.0 0 0 0 
0.0 0 0 0 
0.0 407 2312 0 
0.0 85 460 0 
0.0121457489879 231 1237 0 
0.0416666666667 110 532 0 
0.0103092783505 85 440 0 
0.0 0 0 0 
0.0112359550562 171 893 0 
0.0 36 185 0 
0.0 0 0 0 
0.0 0 0 0 
0.0 12 54 0 
0.0654396728016 471 2390 0 
0.032 115 659 0 
0.0093023255814 198 1144 0 
0.00847457627119 114 554 0 
0.0 36 175 0 
0.0149253731343 61 330 0 
0.0189573459716 203 1184 0 
0.0 0 0 0 
0.0 70 359 0 
0.0 0 0 0 
0.0 91 548 0 
0.0 74 372 0 
0.0 0 0 0 
0.0 0 0 0 
0.00806451612903 120 618 0 
0.0675105485232 224 1091 0 
0.0 0 0 0 
0.0 56 320 0 
0.0243407707911 480 2481 0 
0.0 0 0 0 
0.0247933884298 105 521 0 
0.0 140 773 0 
0.0 44 198 0 
0.0 386 1967 0 
0.1 0 0 0 
0.114035087719 104 505 0 
0.0 50 242 0 
0.0 240 1328 0 
0.0175438596491 106 605 0 
0.0 88 489 0 
0.125 0 0 0 
0.00564971751412 169 911 0 
0.0 73 382 0 
0.0112359550562 76 358 0 
0.0357142857143 163 815 0 
0.0837438423645 194 1064 0 
0.140350877193 104 484 0 
0.0 46 191 0 
0.0 39 199 0 
0.0 0 0 0 
0.0 0 0 0 
0.013698630137 62 337 0 
0.0 49 266 0 
0.027027027027 22 123 0 
0.0 20 101 0 
0.0194174757282 200 1127 0 
0.0 131 722 0 
0.0175438596491 106 605 0 
0.0 78 445 0 
0.0 0 0 0 
0.0 0 0 0 
0.00675675675676 138 685 0 
0.0206896551724 131 754 0 
0.0 100 501 0 
0.0251798561151 271 1439 0 
0.0111111111111 85 481 0 
0.0 6 33 0 
0.0 0 0 0 
0.030612244898 93 453 0 
0.0 0 0 0 
0.0208333333333 88 529 0 
0.0 29 148 0 
0.0 98 477 0 
0.0208333333333 137 710 0 
0.0220588235294 124 735 0 
0.00992555831266 395 1954 0 
0.0 0 0 0 
0.0819672131148 58 304 0 
0.0 96 503 0 
0.0 55 282 0 
0.0 0 0 0 
0.0666666666667 0 0 0 
0.0 18 103 0 
0.00869565217391 106 533 0 
0.0 0 0 0 
0.0 59 335 0 
0.0 0 0 0 
0.0242718446602 186 1009 0 
0.156862745098 95 480 0 
0.0327868852459 117 588 0 
0.0 163 903 0 
0.0 0 0 0 
0.0 0 0 0 
0.00970873786408 96 446 0 
0.0 48 249 0 
0.0 0 0 0 
0.0 130 733 0 
0.0183486238532 104 584 0 
0.0 231 1141 0 
0.0128205128205 72 385 0 
0.0769230769231 0 0 0 
0.0 0 0 0 
0.0102040816327 90 481 0 
0.0 40 232 0 
0.0 184 913 0 
0.0 49 222 0 
0.0126582278481 74 364 0 
0.0 51 321 0 
0.0583333333333 104 563 0 
0.0 26 164 0 
0.0 68 366 0 
0.0 31 179 0 
0.0 22 115 0 
0.0 43 213 0 
0.0 107 546 0 
0.0 0 0 0 
0.0 0 0 0 
0.0 97 537 0 
0.0 32 188 0 
0.0 0 0 0 
0.0 39 206 0 
0.0 52 284 0 
0.0 82 415 0 
0.0289855072464 124 657 0 
0.0390625 123 669 0 
0.0 0 0 0 
0.0 0 0 0 
0.0287769784173 129 614 0 
0.0 19 96 0 
0.0113636363636 81 453 0 
0.0833333333333 31 132 0 
0.0 14 83 0 
0.0 88 433 0 
0.0121580547112 305 1681 0 
0.0223463687151 172 816 0 
0.046875 172 891 0 
0.0 23 122 0 
0.0 0 0 0 
0.0 196 1042 0 
0.0 0 0 0 
0.0 31 191 0 
0.0 29 160 0 
0.0176991150442 100 568 0 
0.0 77 459 0 
0.0 72 384 0 
0.0113636363636 77 425 0 
0.0 85 442 0 
0.0 0 0 0 
0.0666666666667 0 0 0 
0.0168067226891 107 534 0 
0.0216216216216 170 885 0 
0.0357142857143 52 257 0 
0.0 64 323 0 
0.00613496932515 153 783 0 
0.0 77 401 0 
0.0 0 0 0 
0.0769230769231 73 322 0 
0.0 106 534 0 
0.0 106 503 0 
0.0 379 1900 0 
0.0 89 450 0 
0.0 40 219 0 
0.0 0 0 0 
0.0 0 0 0 
0.0 0 0 0 
0.0 82 411 0 
0.0142857142857 126 672 0 
0.0 31 171 0 
0.0 97 486 0 
0.0 78 390 0 
0.1 13 58 0 
0.046511627907 0 0 0 
0.0 0 0 0 
0.0344827586207 0 0 0 
0.0109289617486 173 948 0 
0.0 28 156 0 
0.00584795321637 168 842 0 
0.0 111 582 0 
0.0 76 394 0 
0.0 0 0 0 
0.0 21 113 0 
0.0364583333333 183 860 0 
0.0 0 0 0 
0.0 23 120 0 
0.0 63 330 0 
0.00729927007299 126 678 0 
0.0 50 260 0 
0.0 66 370 0 
0.0588235294118 0 0 0 
0.0150753768844 184 938 0 
0.0175438596491 106 605 0 
0.0201342281879 140 776 0 
0.0 174 887 0 
0.0126582278481 74 393 0 
0.0 109 499 0 
0.00666666666667 144 710 0 
0.0 0 0 0 
0.0 50 270 0 
0.0 77 399 0 
0.0208333333333 88 529 0 
0.0 0 0 0 
0.0 0 0 0 
0.0 0 0 0 
0.0 0 0 0 
0.047619047619 37 166 0 
0.0 0 0 0 
0.0 97 506 0 
0.0 131 663 0 
0.0 0 0 0 
0.0 125 721 0 
0.012987012987 142 828 0 
0.0 0 0 0 
0.0 85 462 0 
0.111111111111 0 0 0 
0.0 34 236 0 
0.0 64 313 0 
0.0153846153846 115 603 0 
0.00900900900901 104 549 0 
0.0 0 0 0 
0.0176991150442 109 587 0 
0.0 72 400 0 
0.0 0 0 0 
0.0 0 0 0 
0.0 100 611 0 
0.00568181818182 166 863 0 
0.0423728813559 115 567 0 
0.0 0 0 0 
0.0 171 872 0 
0.0 74 359 0 
0.00884955752212 97 548 0 
0.0 74 410 0 
0.0 50 262 0 
0.0077519379845 363 1857 0 
0.0 46 222 0 
0.0 218 1137 0 
0.0 84 442 0 
0.00943396226415 98 581 0 
0.0574712643678 81 375 0 
0.0 120 607 0 
0.1 0 0 0 
0.0 61 300 0 
0.0 248 1334 0 
0.0 35 199 0 
0.0 135 714 0 
0.0 320 1618 0 
0.0232558139535 169 956 0 
0.0 0 0 0 
0.0281690140845 135 657 0 
0.0185185185185 96 481 0 
0.0 99 474 0 
0.0 19 111 0 
0.0 0 0 0 
0.0 0 0 0 
0.0 65 403 0 
0.00418410041841 453 2383 0 
0.0288461538462 93 513 0 
0.00591715976331 164 836 0 
0.0 48 237 0 
0.0142857142857 57 297 0 
0.05 0 0 0 
0.135922330097 95 549 0 
0.0213523131673 255 1412 0 
0.0372340425532 177 926 0 
0.0 12 58 0 
0.0 153 830 0 
0.0 0 0 0 
0.0862944162437 187 904 0 
0.0 40 178 0 
0.0 175 812 0 
0.0 0 0 0 
0.0281690140845 135 652 0 
0.0 25 134 0 
0.0 108 504 0 
0.0 34 183 0 
0.0 0 0 0 
0.0175438596491 106 605 0 
0.0120481927711 75 420 0 
0.010752688172 88 506 0 
0.0 0 0 0 
0.0408163265306 31 126 0 
0.00740740740741 116 583 0 
0.00425531914894 228 1161 0 
0.00080971659919 1219 7455 0 
0.0588235294118 0 0 0 
0.0 102 557 0 
0.0 138 731 0 
0.0344827586207 52 307 0 
0.0 40 229 0 
0.00390625 249 1257 0 
0.0327102803738 206 1083 0 
0.0 67 369 0 
0.0 6 32 0 
0.0 0 0 0 
0.0176991150442 102 537 0 
0.0 0 0 0 
0.0 80 440 0 
0.0 10 43 0 
0.01 93 454 0 
0.0172413793103 50 275 0 
0.0 71 390 0 
0.0 67 367 0 
0.010582010582 169 880 0 
0.0309278350515 92 457 0 
0.0 35 178 0 
0.0102301790281 381 1897 0 
0.0 115 628 0 
0.0 92 533 0 
0.0 114 508 0 
0.0 36 201 0 
0.0126582278481 50 267 0 
0.0 22 118 0 
0.0 0 0 0 
0.0178571428571 156 836 0 
0.0040899795501 475 2285 0 
0.0 48 263 0 
0.0 229 1186 0 
0.0 0 0 0 
0.00729927007299 133 727 0 
0.0 11 64 0 
0.0280112044818 351 1948 0 
0.0 37 181 0 
0.0 49 249 0 
0.0210526315789 88 456 0 
0.0284697508897 273 1456 0 
0.0 43 206 0 
0.0 51 248 0 
0.0 91 461 0 
0.0 46 260 0 
0.013698630137 66 344 0 
0.0141509433962 199 989 0 
0.0 82 451 0 
0.0 29 154 0 
0.0 54 311 0 
0.0240963855422 79 465 0 
0.025 74 373 0 
0.0 0 0 0 
0.0 177 902 0 
0.0408163265306 43 242 0 
0.0 55 307 0 
0.0927152317881 140 764 0 
0.0 36 178 0 
0.0 0 0 0 
0.0205479452055 134 823 0 
0.0 56 279 0 
0.0555555555556 0 0 0 
0.0 0 0 0 
0.010752688172 181 833 0 
0.0 60 312 0 
0.0747663551402 97 503 0 
0.00552486187845 177 925 0 
0.0 59 312 0 
0.0 0 0 0 
0.0 181 944 0 
0.0 0 0 0 
0.0 0 0 0 
0.0 20 97 0 
0.0 0 0 0 
0.0 94 525 0 
0.0 92 459 0 
0.0 81 467 0 
0.0 82 405 0 
0.0299401197605 165 806 0 
0.00352112676056 267 1490 0 
0.0 0 0 0 
0.0 82 422 0 
0.0 105 582 0 
0.0 90 480 0 
0.1 0 0 0 
0.0 57 277 0 
0.0714285714286 0 0 0 
0.00609756097561 161 828 0 
0.0 51 351 0 
0.0 0 0 0 
0.0 222 1238 0 
0.0 360 1932 0 
0.031746031746 366 1838 0 
0.0220994475138 169 929 0 
0.062893081761 153 864 0 
0.0 0 0 0 
0.0182926829268 155 811 0 
0.047619047619 58 295 0 
0.010989010989 178 934 0 
0.0 65 324 0 
0.0 0 0 0 
0.0 87 481 0 
0.0125984251969 625 3162 0 
0.0 0 0 0 
0.0425531914894 42 212 0 
0.0 0 0 0 
0.0 24 135 0 
0.00892857142857 103 621 0 
0.0 25 154 0 
0.0235294117647 158 794 0 
0.0 44 255 0 
0.00847457627119 100 484 0 
0.0123966942149 222 1156 0 
0.0 0 0 0 
0.0 0 0 0 
0.0 0 0 0 
0.0 18 84 0 
0.0352941176471 81 375 0 
0.0 0 0 0 
0.0 0 0 0 
0.0 0 0 0 
0.0 39 227 0 
0.0 0 0 0 
0.0 0 0 0 
0.0 214 1203 0 
0.0 221 1103 0 
0.0378378378378 177 953 0 
0.0 0 0 0 
0.142857142857 0 0 0 
0.0 57 268 0 
0.0115606936416 165 850 0 
0.0 0 0 0 
0.0 70 372 0 
0.0 88 430 0 
0.0161290322581 182 928 0 
0.0413223140496 118 630 0 
0.01953125 762 3977 0 
0.0 139 786 0 
0.0 69 386 0 
0.0 81 495 0 
0.0 91 442 0 
0.0 108 507 0 
0.2 0 0 0 
0.0 81 438 0 
0.0 0 0 0 
0.0 70 375 0 
0.0 43 234 0 
0.0 265 1275 0 
0.019801980198 97 481 0 
0.0 106 604 0 
0.112903225806 55 251 0 
0.0 78 434 0 
0.0 53 275 0 
0.0 75 490 0 
0.0 0 0 0 
0.0 44 220 0 
0.0 66 398 0 
0.125 0 0 0 
0.00772200772201 254 1234 0 
0.0 0 0 0 
0.0 27 130 0 
0.0 50 282 0 
0.016393442623 236 1303 0 
0.0 0 0 0 
0.031914893617 89 413 0 
0.0125 156 727 0 
0.0 0 0 0 
0.0 53 312 0 
0.0 64 375 0 
0.0 53 262 0 
0.0 0 0 0 
0.0 151 860 0 
0.00369003690037 268 1578 0 
0.0557620817844 260 1262 0 
0.048275862069 140 649 0 
0.0188679245283 96 459 0 
0.0 21 109 0 
0.125 0 0 0 
0.0 0 0 0 
0.0722891566265 74 348 0 
0.0 0 0 0 
0.0 0 0 0 
0.0 0 0 0 
0.0 44 262 0 
0.0 0 0 0 
0.0 36 172 0 
0.0 49 245 0 
0.0 45 236 0 
0.0 0 0 0 
0.00751879699248 258 1346 0 
0.0147058823529 64 324 0 
0.0 96 564 0 
0.0578034682081 168 845 0 
0.0 105 562 0 
0.0 0 0 0 
0.0 14 67 0 
0.0 53 306 0 
0.0875 154 769 0 
0.0 0 0 0 
0.0 74 398 0 
0.0 84 465 0 
0.0 71 368 0 
0.0 30 152 0 
0.111111111111 0 0 0 
0.0 166 814 0 
0.0 298 1540 0 
0.0 72 368 0 
0.0 0 0 0 
0.0555555555556 0 0 0 
0.0 86 468 0 
0.0 0 0 0 
0.0 135 717 0 
0.0 0 0 0 
0.0210526315789 91 471 0 
0.00671140939597 141 728 0 
0.0 111 582 0 
0.0 116 656 0 
0.0596330275229 205 1013 0 
0.0 111 556 0 
0.00934579439252 101 485 0 
0.0 103 527 0 
0.0 35 173 0 
0.0 49 264 0 
0.0 0 0 0 
0.0909090909091 0 0 0 
0.0 0 0 0 
0.0 0 0 0 
0.0 98 482 0 
0.0 0 0 0 
0.00970873786408 90 507 0 
0.0 56 329 0 
0.00813008130081 110 605 0 
0.0078125 123 647 0 
0.0 12 68 0 
0.0062893081761 308 1687 0 
0.0 70 500 0 
0.0 0 0 0 
0.0 61 275 0 
0.0 25 136 0 
0.153846153846 0 0 0 
0.0 0 0 0 
0.0 0 0 0 
0.0145631067961 408 2142 0 
0.0 52 317 0 
0.0116279069767 159 794 0 
0.0 0 0 0 
0.0338983050847 111 553 0 
0.0 99 525 0 
0.0689655172414 0 0 0 
0.0314136125654 180 936 0 
0.0111111111111 85 432 0 
0.115942028986 203 960 0 
0.0 75 463 0 
0.0 23 136 0 
0.00666666666667 139 712 0 
0.0 41 240 0 
0.0 177 952 0 
0.0 0 0 0 
0.0 124 624 0 
0.0 0 0 0 
0.00952380952381 97 526 0 
0.0 54 309 0 
0.0197486535009 549 2674 0 
0.0470588235294 78 395 0 
0.0 95 538 0 
0.0 190 1039 0 
0.0164835164835 173 936 0 
0.0 0 0 0 
0.0162601626016 115 554 0 
0.0 0 0 0 
0.0 85 483 0 
0.0869565217391 0 0 0 
0.00591715976331 163 913 0 
0.0 0 0 0 
0.00675675675676 134 624 0 
0.0 48 226 0 
0.0 0 0 0 
0.0 64 347 0 
0.0 70 382 0 
0.0143884892086 126 612 0 
0.0113636363636 85 486 0 
0.0 0 0 0 
0.0294117647059 10 61 0 
0.0 107 537 0 
0.0 25 124 0 
0.0 43 225 0 
0.0 143 829 0 
0.0 0 0 0 
0.0 0 0 0 
0.0 0 0 0 
0.0 539 2861 0 
0.0 39 200 0 
0.0 47 246 0 
0.0615384615385 60 314 0 
0.0189393939394 253 1194 0 
0.013698630137 64 333 0 
0.0 0 0 0 
0.0288461538462 98 514 0 
0.04375 155 816 0 
0.0 182 1034 0 
0.0 214 1311 0 
0.0 117 623 0 
0.0 0 0 0 
0.0333333333333 0 0 0 
0.011811023622 235 1177 0 
0.01108033241 358 1856 0 
0.0526315789474 129 659 0 
0.0082304526749 237 1234 0 
0.0 17 81 0 
0.0286624203822 309 1639 0 
0.0 88 432 0 
0.0 21 101 0 
0.0 140 722 0 
0.0 18 81 0 
0.0 0 0 0 
0.0 36 208 0 
0.0042194092827 223 1482 0 
0.0 63 293 0 
0.0 95 464 0 
0.0115606936416 165 864 0 
0.0 0 0 0 
0.0833333333333 0 0 0 
0.0 0 0 0 
0.030612244898 189 995 0 
0.111111111111 0 0 0 
0.0 60 307 0 
0.0 0 0 0 
0.0 47 260 0 
0.00689655172414 140 775 0 
0.0 14 85 0 
0.0322580645161 181 934 0 
0.0 107 591 0 
0.0 27 120 0 
0.0 0 0 0 
0.0 42 212 0 
0.0121951219512 77 387 0 
0.0 102 522 0 
0.00881057268722 213 1065 0 
0.0 0 0 0 
0.0 0 0 0 
0.0 0 0 0 
0.0208333333333 88 529 0 
0.00993377483444 287 1469 0 
0.0375 224 1140 0 
0.0 0 0 0 
0.016393442623 49 254 0 
0.00884955752212 105 560 0 
0.0 50 287 0 
0.0 0 0 0 
0.125 0 0 0 
0.0 244 1259 0 
0.0 18 88 0 
0.0 40 182 0 
0.0240963855422 66 335 0 
0.0264900662252 141 773 0 
0.0 9 50 0 
0.0 25 129 0 
0.0 25 124 0 
0.0 257 1597 0 
0.333333333333 0 0 0 
0.00952380952381 312 1699 0 
0.0 0 0 0 
0.0 0 0 0 
0.00709219858156 130 602 0 
0.0 0 0 0 
0.0 52 306 0 
0.0 128 678 0 
0.0 0 0 0 
0.0714285714286 0 0 0 
0.0 25 155 0 
0.0 0 0 0 
0.00763358778626 118 596 0 
0.026936026936 292 1449 0 
0.0 0 0 0 
0.0 69 363 0 
0.0 0 0 0 
0.0408163265306 0 0 0 
0.0 0 0 0 
0.024 122 630 0 
0.0 118 575 0 
0.0 83 444 0 
0.0 0 0 0 
0.0 0 0 0 
0.0 45 251 0 
0.0 0 0 0 
0.0 51 250 0 
0.0150753768844 189 987 0 
0.0 0 0 0 
0.0 79 436 0 
0.0218579234973 181 888 0 
0.00354609929078 259 1376 0 
0.0 126 659 0 
0.00446428571429 212 1030 0 
0.0183486238532 102 523 0 
0.0126582278481 70 357 0 
0.0207715133531 329 1694 0 
0.0 0 0 0 
0.0 37 229 0 
0.0 44 213 0 
0.142857142857 0 0 0 
0.0 83 411 0 
0.0377358490566 48 227 0 
0.0 156 832 0 
0.0 0 0 0 
0.07 88 447 0 
0.00980392156863 93 493 0 
0.0 0 0 0 
0.00602409638554 163 836 0 
0.0208333333333 88 529 0 
0.0 57 295 0 
0.0 100 570 0 
0.0 160 856 0 
0.0 0 0 0 
0.0168067226891 104 506 0 
0.0 0 0 0 
0.0571428571429 26 129 0 
0.0 78 382 0 
0.0 236 1284 0 
0.0 164 933 0 
0.0 46 240 0 
0.0714285714286 0 0 0 
0.0 172 902 0 
0.0 0 0 0 
0.0 0 0 0 
0.013698630137 286 1614 0 
0.0 0 0 0 
0.0120481927711 75 394 0 
0.0 18 115 0 
0.0 129 612 0 
0.0 32 168 0 
0.00892857142857 101 514 0 
0.0240963855422 154 872 0 
0.0 0 0 0 
0.0 71 419 0 
0.0 102 529 0 
0.0 42 215 0 
0.0434782608696 0 0 0 
0.0 0 0 0 
0.0 228 1151 0 
0.0175438596491 106 605 0 
0.0188679245283 88 486 0 
0.027397260274 60 329 0 
0.0 0 0 0 
0.0 6 25 0 
0.0 0 0 0 
0.0 11 55 0 
0.025641025641 70 365 0 
0.0 0 0 0 
0.0 0 0 0 
0.0 216 1449 0 
0.0 0 0 0 
0.0 11 53 0 
0.0 0 0 0 
0.0 0 0 0 
0.0 0 0 0 
0.0 7 33 0 
0.0 3 18 0 
0.0 0 0 0 
0.0 5 24 0 
0.0 0 0 0 
0.0 9 40 0 
0.0 0 0 0 
0.0384615384615 0 0 0 
0.25 0 0 0 
0.0 0 0 0 
0.0 4 17 0 
0.0 0 0 0 
0.0 7 38 0 
0 0 0 0 
0.0 3 14 0 
0.0 0 3 0 
0.0 0 0 0 
0.0 4 13 0 
0.0 0 0 0 
0.0 3 8 0 
0.0 6 25 0 
0.222222222222 6 26 0 
0.0 1 5 0 
0.0 0 0 0 
0.0 0 0 0 
0.0 1 10 0 
0.0 6 27 0 
0.0 8 42 0 
0.0 4 10 0 
0.0 3 14 0 
0.0 0 0 0 
0.0 0 0 0 
0.0 89 446 0 
0.0 8 47 0 
0.0 12 52 0 
0.0 0 0 0 
0.0 8 39 0 
0.0 11 61 0 
0.04 16 65 0 
0.0 3 12 0 
0.0 0 0 0 
0.0 0 0 0 
0.0 4 21 0 
0.0 1 41 0 
0.0 9 31 0 
0.0 69 322 0 
0.0 0 0 0 
0.0 22 101 0 
0.0 6 30 0 
0.0 12 58 0 
0.0 0 0 0 
0.0740740740741 25 142 0 
0.0 114 574 0 
0.0 6 29 0 
0.0 4 11 0 
0.0 0 0 0 
0.0 3 12 0 
0.0 45 218 0 
0.0 17 79 0 
0.0 3 18 0 
0.0 0 0 0 
0.0 4 13 0 
0.0 11 45 0 
0.0 0 0 0 
0.0 9 36 0 
0.0 0 0 0 
0.0 4 21 0 
0.0 2 23 0 
0.0 2 5 0 
0.0 0 0 0 
0.0 8 29 0 
0.0860215053763 82 419 0 
0.0 4 18 0 
0.0 0 0 0 
0.0 0 0 0 
0.0 0 0 0 
0.0 6 31 0 
0.00301204819277 324 1889 0 
0.0 0 0 0 
0.0 5 24 0 
0.0 0 0 0 
0.0 6 23 0 
0.0 0 0 0 
0.0 38 164 0 
0.0 7 28 0 
0.0 0 0 0 
0.0 0 0 0 
0.0 0 0 0 
0.0 8 29 0 
0.0 6 24 0 
0.0 13 83 0 
0.0 3 11 0 
0.0 2 22 0 
0.0 0 0 0 
0.0 0 0 0 
0.0 0 0 0 
0.0 0 0 0 
0.0 0 0 0 
0.0 6 26 0 
0.0 3 13 0 
0.0 0 0 0 
0.0 0 0 0 
0.0 0 0 0 
0.0 0 0 0 
0.0 2 15 0 
0.0 0 0 0 
0.0 0 0 0 
0.0625 6 27 0 
0.0 0 0 0 
0.0 0 0 0 
0.0 0 0 0 
0.0 6 23 0 
0.0 214 1055 0 
0.111111111111 0 0 0 
0.0 0 0 0 
0.0 7 30 0 
0.0 0 0 0 
0.0 6 37 0 
0.0 4 16 0 
0.0 6 23 0 
0.0 0 0 0 
0.0 43 246 0 
0.0 10 44 0 
0.0 0 0 0 
0.0 0 0 0 
0.0 8 33 0 
0.0 6 27 0 
0.0 6 25 0 
0.0 32 140 0 
0.0 2 10 0 
0.0 2 14 0 
0.0 6 21 0 
0.0 0 0 0 
0.0 9 47 0 
0.0 6 28 0 
0.0 6 20 0 
0.0 0 0 0 
0.0 6 26 0 
0.0 0 0 0 
0.0 51 277 0 
0.0 0 0 0 
0.0 0 0 0 
0.0 6 29 0 
0.0 1 14 0 
0.0 10 50 0 
0.0 0 0 0 
0.0 0 0 0 
0.0 6 30 0 
0.0 23 105 0 
0.0 0 0 0 
0.0 0 0 0 
0.0 7 30 0 
0.0 8 30 0 
0.0 4 25 0 
0.0 0 0 0 
0.0 2 18 0 
0.0 0 0 0 
0.0 5 25 0 
0.0 2 10 0 
0.0 5 33 0 
0.0 98 485 0 
0.0 6 35 0 
0.0 7 35 0 
0.0 2 8 0 
0.0 2 10 0 
0.0166666666667 54 242 0 
0.0 126 607 0 
0.0 0 0 0 
0.0 6 31 0 
0.0 12 47 0 
0 0 0 0 
0.0 6 23 0 
0.0 5 25 0 
0.0 0 0 0 
0.0 0 0 0 
0.0 7 27 0 
0.0 6 32 0 
0.0 0 0 0 
0.0 3 19 0 
0.0 2 13 0 
0.0 6 24 0 
0.0 26 122 0 
0.0 3 12 0 
0.0 17 86 0 
0.0 0 0 0 
0.0 0 0 0 
0.0 0 0 0 
0.0 6 25 0 
0.0 25 112 0 
0.0 0 0 0 
0.0 6 30 0 
0.0 2 8 0 
0.0 5 21 0 
0.0 3 14 0 
0.0 0 0 0 
0.0 6 27 0 
0.0 0 0 0 
0.0 0 0 0 
0.0 0 0 0 
0.0 0 0 0 
0.0 0 0 0 
0.0 0 0 0 
0.0 6 30 0 
0.0 0 0 0 
0.0 6 26 0 
0.0 13 59 0 
0.0 4 13 0 
0.0 0 0 0 
0.0 0 0 0 
0.0 0 0 0 
0.0 3 13 0 
0.047619047619 11 63 0 
0.0 0 0 0 
0.0 3 12 0 
0.0 28 141 0 
0.0 0 0 0 
0.0 0 0 0 
0.0 0 0 0 
0.0 7 31 0 
0.0 0 0 0 
0.0 7 29 0 
0.0 11 56 0 
0.0 0 0 0 
0.0 0 0 0 
0.0 22 101 0 
0.0526315789474 11 43 0 
0.0 3 13 0 
0.0 5 18 0 
0.0 0 0 0 
0.025 25 119 0 
0.0 1 8 0 
0.0 3 12 0 
0.0 13 68 0 
0.0 44 219 0 
0.0 0 0 0 
0.0 2 10 0 
0.0 0 0 0 
0.0 4 16 0 
0.0 0 0 0 
0.0 0 0 0 
0.0 0 0 0 
0.0 0 0 0 
0.0 10 49 0 
0.0238095238095 76 399 0 
0.0 0 0 0 
0.0 253 1221 0 
0.0 4 18 0 
0.0 6 26 0 
0.0 0 0 0 
0.0 4 15 0 
0.0 0 0 0 
0.0 37 182 0 
0.0 0 0 0 
0.0 5 20 0 
0.0 11 49 0 
0.0 0 0 0 
0.0 0 0 0 
0.0 0 0 0 
0.0 7 30 0 
0.0 2 13 0 
0.0294117647059 7 57 0 
0.0555555555556 14 65 0 
0.0 0 0 0 
0.0 0 0 0 
0.0 0 0 0 
0.0 13 60 0 
0.0 25 119 0 
0.0 0 0 0 
0.0 15 97 0 
0.0 2 9 0 
0.0 15 74 0 
0.0 0 0 0 
0.0 8 49 0 
0.0 10 55 0 
0.0 0 0 0 
0 0 0 0 
0.0 17 89 0 
0.0 9 38 0 
0.0454545454545 5 19 0 
0.0 6 23 0 
0.0 4 16 0 
0.0 2 18 0 
0.0 0 0 0 
0.0 0 0 0 
0.0 7 33 0 
0.0 5 32 0 
0.0 4 25 0 
0.0 0 0 0 
0.0 5 19 0 
0.0 0 0 0 
0.0 0 0 0 
0.0 3 13 0 
0.0 6 26 0 
0.0769230769231 7 29 0 
0.0 0 0 0 
0.0 2 12 0 
0.0 0 0 0 
0.0 0 0 0 
0.0 0 0 0 
0.1 4 16 0 
0.0 3 10 0 
0.0 3 14 0 
0.0 0 0 0 
0.0 0 0 0 
0.0 0 0 0 
0.0 0 0 0 
0.0 23 104 0 
0.0 0 0 0 
0.0 0 0 0 
0.0 0 0 0 
0.0 2 14 0 
0.0 0 0 0 
0.0 2 10 0 
0.0 4 19 0 
0.0 7 32 0 
0.0 12 62 0 
0.0 0 0 0 
0.0 0 0 0 
0.0 6 24 0 
0.0 1 9 0 
0.0 0 0 0 
0.0 0 0 0 
0.0 6 26 0 
0.0 6 30 0 
0.0 0 0 0 
0.0 0 0 0 
0.0 0 0 0 
0.0 7 32 0 
0.0 12 66 0 
0.0 3 12 0 
0.0 3 10 0 
0.0 12 45 0 
0.0 131 629 0 
0.0 14 62 0 
0.0 2 11 0 
0.0253164556962 156 811 0 
0.0 0 0 0 
0.0 0 0 0 
0.0 0 0 0 
0.0 8 38 0 
0.0 6 33 0 
0.0 0 0 0 
0.0 1 6 0 
0.0 9 42 0 
0.0 4 16 0 
0.0 10 48 0 
0.0 0 0 0 
0.0 2 13 0 
0.0 0 0 0 
0.0 0 0 0 
0.0 8 34 0 
0.0 0 0 0 
0.0 83 407 0 
0.222222222222 8 38 0 
0.0 3 13 0 
0.0 0 0 0 
0.0 0 0 0 
0.0 6 27 0 
0.0 10 40 0 
0.0 0 0 0 
0.0 5 24 0 
0.0 3 15 0 
0.0 3 13 0 
0.0 8 37 0 
0.0 13 54 0 
0.0 7 30 0 
0.0 5 27 0 
0.0 3 17 0 
0.0 0 0 0 
0.0 4 19 0 
0.0 7 42 0 
0.0 5 26 0 
0.0 0 0 0 
0.0 4 20 0 
0.0 5 27 0 
0.0 2 10 0 
0.0 6 24 0 
0.0 15 79 0 
0.0 5 25 0 
0.0 0 0 0 
0.0 2 10 0 
0.0 6 24 0 
0.0 6 28 0 
0.0 5 25 0 
0.0 4 24 0 
0.0 0 0 0 
0.0 7 39 0 
0.0 15 78 0 
0.0 0 0 0 
0.0 46 228 0 
0.0 0 0 0 
0.0 11 50 0 
0.0 7 23 0 
0.0 0 0 0 
0.0 6 28 0 
0.0 9 41 0 
0.0 0 0 0 
0.0 7 35 0 
0.0 7 27 0 
0.0 4 21 0 
0.0 1 14 0 
0.0 0 0 0 
0.0 19 96 0 
0.0 0 0 0 
0.0 0 0 0 
0.0 7 32 0 
0.0 13 61 0 
0.0 6 30 0 
0.0 0 0 0 
0.0 0 0 0 
0.0 0 0 0 
0.0 0 0 0 
0.0 2 13 0 
0.0 0 0 0 
0.0 23 84 0 
0.0 8 37 0 
0.0 0 0 0 
0.0 26 128 0 
0.0 10 44 0 
0.0 0 0 0 
0.0 7 35 0 
0.0204081632653 39 245 0 
0.0 0 0 0 
0.0 0 0 0 
0.0 0 0 0 
0.0 0 0 0 
0.0 2 13 0 
0.0 7 25 0 
0.0 5 19 0 
0.0 3 24 0 
0.0 4 23 0 
0.0 0 0 0 
0.0 0 0 0 
0.0 0 0 0 
0.0 2 10 0 
0.0 0 0 0 
0.0 0 0 0 
0.0 5 23 0 
0.0 7 30 0 
0.0 53 246 0 
0.0 6 26 0 
0.0 6 25 0 
0.0 0 0 0 
0.0 6 25 0 
0.0 0 0 0 
0.0714285714286 5 23 0 
0.0 12 49 0 
0.0 0 0 0 
0.0 0 0 0 
0.0 0 0 0 
0.0 0 0 0 
0.0 65 353 0 
0.0 0 0 0 
0.0 4 20 0 
0.0 6 23 0 
0.0 3 11 0 
0.0 3 17 0 
0.0 10 45 0 
0.0 4 12 0 
0.0 4 11 0 
0.0666666666667 5 28 0 
0.0 2 10 0 
0.0 0 0 0 
0.0 0 0 0 
0.0 0 0 0 
0.0 1 7 0 
0.0 142 783 0 
0.0 4 33 0 
0.0 6 23 0 
0.0 0 0 0 
0.0 0 0 0 
0.0 8 33 0 
0.0 0 0 0 
0.0 6 26 0 
0.0 8 40 0 
0.0 0 2 0 
0.0 0 0 0 
0.0 21 110 0 
0.0 5 17 0 
0.0 0 0 0 
0.0 0 0 0 
0.0 5 28 0 
0.0 0 0 0 
0.0 5 19 0 
0.0 0 0 0 
0.0 3 14 0 
0.0 0 0 0 
0.0 0 0 0 
0.0 9 49 0 
0.0 10 50 0 
0.0 0 0 0 
0.0 2 12 0 
0.0 0 0 0 
0.0 4 15 0 
0.0 62 290 0 
0.0 0 0 0 
0.0 3 15 0 
0.0 0 0 0 
0.0 4 20 0 
0.0 4 20 0 
0.0 0 0 0 
0.0 7 33 0 
0.0 9 41 0 
0.0 8 35 0 
0.0 0 0 0 
0.0 5 21 0 
0.0 9 41 0 
0.0 0 0 0 
0.0 1 9 0 
0.0 3 16 0 
0.0 15 69 0 
0.0 5 23 0 
0.0 4 18 0 
0.0 0 0 0 
0.0 2 7 0 
0.0 3 18 0 
0.0 0 0 0 
0.0 6 27 0 
0.0 4 20 0 
0.0 7 27 0 
0.0 10 45 0 
0.0 0 0 0 
0.0 0 0 0 
0.0 0 0 0 
0.0 8 40 0 
0.0 10 47 0 
0.0 47 249 0 
0.0 0 0 0 
0.0 6 19 0 
0.0 22 88 0 
0.0 0 0 0 
0.0 0 0 0 
0.0 2 12 0 
0.0 0 0 0 
0.0 2 14 0 
0.0 7 42 0 
0.0 1 9 0 
0.0 1 6 0 
0.0 0 0 0 
0.0 17 96 0 
0.0 16 86 0 
0.0 26 137 0 
0.0 9 32 0 
0.0 44 182 0 
0.0 0 0 0 
0.0 2 10 0 
0.0 0 0 0 
0.0 0 0 0 
0.0 6 22 0 
0.0 0 0 0 
0.0 0 0 0 
0.0 3 17 0 
0.0222222222222 41 190 0 
0.0 0 0 0 
0.0 53 267 0 
0.0 35 189 0 
0.0 7 29 0 
0.0 2 15 0 
0.0 0 0 0 
0.0 0 0 0 
0.0 2 12 0 
0.0 9 40 0 
0.0 0 0 0 
0.0 11 63 0 
0.0 8 40 0 
0.0 3 16 0 
0.0 15 72 0 
0.0 3 20 0 
0.0 0 0 0 
0.0 1 11 0 
0.0 0 0 0 
0.0 0 0 0 
0.0 6 25 0 
0.0 3 13 0 
0.0 4 17 0 
0.0 0 0 0 
0.0 7 32 0 
0.0 4 18 0 
0.0 0 0 0 
0.0 0 0 0 
0.0 6 18 0 
0.0 0 0 0 
0.0 4 12 0 
0.0 0 0 0 
0.0 5 23 0 
0.0 5 31 0 
0.0 2 18 0 
0.0124481327801 239 1272 0 
0.0 4 23 0 
0.242424242424 11 57 0 
0.0 3 13 0 
0.0 0 0 0 
0.0 0 0 0 
0.0 6 31 0 
0.0 36 175 0 
0.0 2 11 0 
0.0 4 13 0 
0.0 0 11 0 
0.0 7 41 0 
0.0 0 0 0 
0.0 2 10 0 
0.0408163265306 38 189 0 
0.0 0 0 0 
0.111111111111 10 42 0 
0.0 85 456 0 
0.0 0 0 0 
0.130434782609 17 67 0 
0.0 11 45 0 
0.0 49 206 0 
0.0 11 55 0 
0.0 0 0 0 
0.0 0 0 0 
0.0 12 51 0 
0.0 0 0 0 
0.0 0 0 0 
0.0 0 0 0 
0.0 3 28 0 
0.0 9 47 0 
0.0 8 43 0 
0.0 0 0 0 
0.0 3 16 0 
0.0 13 57 0 
0.0 3 12 0 
0.0 12 58 0 
0.0 0 0 0 
0.0 0 0 0 
0.0 0 0 0 
0.0 0 0 0 
0.0 1 4 0 
0.142857142857 0 0 0 
0.0 0 0 0 
0.0 0 0 0 
0.0 0 0 0 
0.0 6 33 0 
0.0 4 14 0 
0.0 3 11 0 
0.05 1 11 0 
0.0 9 40 0 
0.0 2 15 0 
0.0 5 21 0 
0 0 0 0 
0.2 0 0 0 
0.0 2 16 0 
0.0 9 37 0 
0.0 0 0 0 
0.0 4 16 0 
0.0 9 43 0 
0.0 0 0 0 
0.0 22 96 0 
0.0 8 49 0 
0.0 2 14 0 
0.0357142857143 0 0 0 
0.0 0 0 0 
0.0 7 33 0 
0.0 1 10 0 
0.0 7 33 0 
0.0 0 0 0 
0.0 3 9 0 
0.0 0 0 0 
0.0 5 17 0 
0.0 3 11 0 
0.0 2 10 0 
0.0 0 0 0 
0.0 1 5 0 
0.0 6 26 0 
0.0 0 0 0 
0.0 8 34 0 
0.0 0 0 0 
0.0 0 0 0 
0.0181818181818 0 0 0 
0.0 0 0 0 
0.0 0 0 0 
0.0 4 13 0 
0.0 3 15 0 
0.0 0 0 0 
0.0 0 0 0 
0.0 3 14 0 
0.0 4 17 0 
0.0 45 188 0 
0.0 5 26 0 
0.0 9 37 0 
0.0 3 11 0 
0.0 4 13 0 
0.0 0 0 0 
0.0 0 0 0 
0.0 6 26 0 
0.0 5 27 0 
0.0 8 45 0 
0.0 1 9 0 
0.0 12 52 0 
0.0 0 0 0 
0.0 0 0 0 
0.0 8 39 0 
0.0 10 38 0 
0.0 138 766 0 
0.0 4 27 0 
0.0 0 0 0 
0.0 4 21 0 
0.0 10 38 0 
0.0 0 0 0 
0.0 2 12 0 
0.0 10 56 0 
0.0 0 0 0 
0.0 13 49 0 
0.0 7 49 0 
0.0 1 8 0 
0.0 11 44 0 
0.0 5 16 0 
0.0 3 19 0 
0.0 4 16 0 
0.0 1 8 0 
0.0 3 15 0 
0.0 0 0 0 
0.0 0 0 0 
0.0 9 35 0 
0.0 0 0 0 
0.0 0 0 0 
0.0 71 343 0 
0.0 3 14 0 
0.0909090909091 0 0 0 
0.0 19 66 0 
0.0 8 35 0 
0.0 11 52 0 
0.0 1 14 0 
0 0 0 0 
0.0 0 0 0 
0.0 1 13 0 
0.0 4 14 0 
0.0 0 0 0 
0.0 0 0 0 
0.0 6 36 0 
0.0 0 0 0 
0.0 0 0 0 
0.0 0 0 0 
0 0 0 0 
0.0 6 28 0 
0.0 0 0 0 
0.030303030303 123 612 0 
0.0 14 98 0 
0 0 0 0 
0.0 12 48 0 
0.0 0 0 0 
0.0 20 157 0 
0.0 1 12 0 
0.0 5 17 0 
0.0 34 176 0 
0.0 0 0 0 
0.0 24 121 0 
0.0 3 17 0 
0.0 0 0 0 
0.0 0 0 0 
0.0 3 11 0 
0.0 7 39 0 
0.0 4 21 0 
0.0 15 88 0 
0.0 9 43 0 
0.0 57 277 0 
0.0 0 0 0 
0.0 0 0 0 
0.125 0 0 0 
0.0 0 0 0 
0.0 5 33 0 
0.0 6 27 0 
0.0 38 183 0 
0.0 0 0 0 
0.0 4 17 0 
0.0 0 0 0 
0.0 0 0 0 
0.0 5 19 0 
0.0 9 48 0 
0.0 0 0 0 
0.0 0 0 0 
0.0 0 0 0 
0.0 12 44 0 
0.0 8 33 0 
0.0 0 0 0 
0.0 5 18 0 
0.0 8 41 0 
0.0107913669065 550 2800 0 
0.0 0 0 0 
0.0 6 29 0 
0.0 4 18 0 
0.0 6 26 0 
0.0 8 30 0 
0.0 0 0 0 
0.0 0 0 0 
0.111111111111 2 11 0 
0.0 3 14 0 
0.0 14 82 0 
0.0 12 74 0 
0.0 0 0 0 
0.0 7 40 0 
0.0 0 0 0 
0.0212765957447 34 160 0 
0.0 4 21 0 
0.0 2 12 0 
0.0 9 40 0 
0.0 2 7 0 
0.0 0 0 0 
0.0 5 19 0 
0.0 19 90 0 
0.0 0 0 0 
0.0 0 0 0 
0 0 0 0 
0.0 4 28 0 
0.0 0 0 0 
0.0 4 20 0 
0.0 2 10 0 
0.0 0 0 0 
0.0 0 0 0 
0.0 0 0 0 
0.0 5 21 0 
0.0 8 32 0 
0.0 2 12 0 
0.0 2 11 0 
0.0 5 28 0 
0.0 0 0 0 
0.0 0 0 0 
0.0 5 39 0 
0.0 0 0 0 
0.0 7 33 0 
0.0 0 0 0 
0.0 48 237 0 
0.0 0 0 0 
0.0 0 0 0 
0.0 32 140 0 
0.0 4 24 0 
0.0 8 35 0 
0.0526315789474 10 46 0 
0.0 0 0 0 
0.0 62 322 0 
0.0 0 0 0 
0.0 7 36 0 
0.0 8 35 0 
0.0 0 0 0 
0.0 0 0 0 
0.0 6 36 0 
0.0 0 0 0 
0.0 8 36 0 
0.0 0 0 0 
0.0 6 27 0 
0.0 0 0 0 
0.0 70 340 0 
0.0 7 38 0 
0.0 0 0 0 
0.0 2 9 0 
0.0 0 0 0 
0.0 5 24 0 
0.0 9 34 0 
0.0 0 0 0 
0.0 4 17 0 
0.0 130 771 0 
0.0 0 0 0 
0.0 0 0 0 
0.0 0 0 0 
0.0 8 44 0 
0.0 44 221 0 
0.0 5 24 0 
0.0 0 0 0 
0.0 0 0 0 
0.0 9 34 0 
0.0 0 0 0 
0.0 5 15 0 
0.0 0 0 0 
0.0 1 1 0 
0.125 0 0 0 
0.0 44 203 0 
0.0 3 17 0 
0.0 0 0 0 
0.0 0 0 0 
0.0 7 25 0 
0.0 9 35 0 
0.0 0 0 0 
0.0 4 11 0 
0.0 8 34 0 
0.0 9 41 0 
0.0 6 35 0 
0.0 44 210 0 
0.0 0 0 0 
0.0 0 0 0 
0.0 0 0 0 
0.333333333333 0 0 0 
0.0 8 34 0 
0.0 0 0 0 
0.0 0 0 0 
0.0 6 26 0 
0.0 0 0 0 
0.0 8 45 0 
0.0 0 0 0 
0.0 2 14 0 
0.0526315789474 0 0 0 
0.0 4 17 0 
0.0 0 0 0 
0.0 0 0 0 
0.0 0 0 0 
0.0 4 20 0 
0.0 0 0 0 
0.0 1 8 0 
0.0588235294118 5 30 0 
0.0 0 0 0 
0.0 20 75 0 
0.0 12 53 0 
0.0 18 79 0 
0.0 0 0 0 
0.0 26 129 0 
0.0 26 129 0 
0.0 0 0 0 
0.0 0 0 0 
0.0 44 220 0 
0.0 0 0 0 
0.0 0 0 0 
0.0 6 32 0 
0.0 0 0 0 
0.0 0 0 0 
0.0 8 44 0 
0.0 0 0 0 
0.0 11 48 0 
0.0 0 0 0 
0.0 14 69 0 
0.0 17 78 0 
0.0 38 183 0 
0.0 0 0 0 
0.0 0 0 0 
0.0 5 33 0 
0.0 68 332 0 
0.0 0 0 0 
0.0571428571429 21 85 0 
0.0 2 14 0 
0.0 0 0 0 
0.0 0 0 0 
0.0 6 31 0 
0.0 6 33 0 
0.0 3 15 0 
0.0 4 19 0 
0.0 149 729 0 
0.0 5 20 0 
0.0 4 17 0 
0.0 6 27 0 
0.0 94 462 0 
0.0 4 22 0 
0.0 0 0 0 
0.0 0 0 0 
0.0 5 30 0 
0.0 11 64 0 
0.0 4 22 0 
0.0 5 16 0 
0.0 0 0 0 
0.0 0 0 0 
0.0 2 10 0 
0.0 7 32 0 
0.0 11 42 0 
0.0 79 379 0 
0.0 0 0 0 
0.0 7 30 0 
0.0 0 0 0 
0.0 14 85 0 
0.0 1 10 0 
0.0 29 170 0 
0.00645161290323 148 707 0 
0.0 58 294 0 
0.0 63 343 0 
0.0 34 157 0 
0.0 30 174 0 
0.0 77 356 0 
0.0253164556962 229 1422 0 
0.047619047619 31 149 0 
0.0 27 136 0 
0.0 102 523 0 
0.0 23 104 0 
0.0526315789474 43 220 0 
0.0448717948718 149 742 0 
0.0735294117647 65 321 0 
0.0 0 0 0 
0.0 79 422 0 
0.0 17 78 0 
0.0909090909091 13 73 0 
0.0103092783505 90 517 0 
0.118421052632 70 352 0 
0.0 94 499 0 
0.0 30 176 0 
0.0126582278481 74 366 0 
0.0 12 63 0 
0.0 43 214 0 
0.0 131 670 0 
0.0862068965517 49 256 0 
0.00833333333333 118 589 0 
0.0315789473684 92 512 0 
0.0 64 278 0 
0.125 0 0 0 
0.0 138 650 0 
0.0 105 530 0 
0.0189189189189 356 1975 0 
0.00217391304348 449 2379 0 
0.0 3 14 0 
0.0263157894737 30 147 0 
0.0593607305936 215 1101 0 
0.0 39 211 0 
0.0 70 333 0 
0.0 10 54 0 
0.0 51 255 0 
0.0714285714286 4 15 0 
0.00649350649351 147 780 0 
0.0126582278481 75 380 0 
0.0406504065041 120 605 0 
0.0357142857143 47 222 0 
0.0 78 438 0 
0.333333333333 0 0 0 
0.0 28 129 0 
0.04 47 221 0 
0.0545454545455 51 244 0 
0.108108108108 33 166 0 
0.0227272727273 38 179 0 
0.112244897959 90 446 0 
0.0 32 172 0 
0.0 7 31 0 
0.0701754385965 51 262 0 
0.0 0 0 0 
0.0408163265306 43 212 0 
0.0612244897959 225 1474 0 
0.0 0 0 0 
0.0 102 539 0 
0.0229885057471 81 463 0 
0.0 34 174 0 
0.027397260274 68 356 0 
0.073482428115 302 1683 0 
0.0 12 63 0 
0.0806451612903 56 271 0 
0.0625 29 142 0 
0.00869565217391 106 521 0 
0.0338983050847 55 279 0 
0.0265486725664 97 503 0 
0.0 51 255 0 
0.0 0 0 0 
0.027027027027 35 211 0 
0.0 34 191 0 
0.0 85 447 0 
0.0 41 213 0 
0.25 65 417 0 
0.0 66 329 0 
0.0 0 0 0 
0.166666666667 0 0 0 
0.0333333333333 50 234 0 
0.0194174757282 94 496 0 
0.0 47 255 0 
0.0588235294118 166 870 0 
0.04 48 245 0 
0.0285714285714 32 175 0 
0.0 36 183 0 
0.0 139 680 0 
0.0 21 96 0 
0.0606060606061 63 292 0 
0.0166666666667 55 281 0 
0.0 0 0 0 
0.0487804878049 77 361 0 
0.0162601626016 110 536 0 
0.0428571428571 54 269 0 
0.0 6 37 0 
0.00578034682081 168 827 0 
0.0 46 252 0 
0.0 0 0 0 
0.0 28 140 0 
0.0 116 597 0 
0.0 26 138 0 
0.0125 76 383 0 
0.0 30 184 0 
0.0322580645161 27 147 0 
0.0 36 168 0 
0.0 42 191 0 
0.0 63 288 0 
0.0 44 228 0 
0.0 0 0 0 
0.0142857142857 55 266 0 
0.0 36 173 0 
0.0 0 0 0 
0.0689655172414 21 110 0 
0.0 158 764 0 
0.047619047619 58 284 0 
0.0 25 139 0 
0.0 21 83 0 
0.0 29 151 0 
0.0441176470588 64 368 0 
0.012987012987 148 737 0 
0.0222222222222 86 420 0 
0.0 48 258 0 
0.0 58 296 0 
0.025641025641 30 143 0 
0.041095890411 65 305 0 
0.0 17 80 0 
0.260273972603 63 397 0 
0.0 0 0 0 
0.0 63 305 0 
0.0 0 0 0 
0.0487804878049 33 162 0 
0.0505050505051 95 473 0 
0.0277777777778 104 476 0 
0.0 26 127 0 
0.04 21 107 0 
0.192307692308 20 94 0 
0.0375 73 351 0 
0.0393700787402 116 593 0 
0.0 35 185 0 
0.0077519379845 116 600 0 
0.0 73 349 0 
0.117647058824 7 27 0 
0.0 2 12 0 
0.111111111111 0 0 0 
0.0 60 329 0 
0.0 54 277 0 
0.0 27 129 0 
0.0 56 302 0 
0.0333333333333 25 111 0 
0.271428571429 60 385 0 
0.0 46 240 0 
0.0 45 250 0 
0.0 75 399 0 
0.0 30 133 0 
0.0 0 0 0 
0.0 0 0 0 
0.0212765957447 39 200 0 
0.0 25 127 0 
0.0128205128205 136 709 0 
0.0576923076923 46 246 0 
0.0 39 209 0 
0.0833333333333 19 109 0 
0.00392156862745 248 1316 0 
0.0 0 0 0 
0.0375939849624 128 651 0 
0.0 35 162 0 
0.0175438596491 52 258 0 
0.0 106 615 0 
0.0 58 280 0 
0.0483870967742 118 613 0 
0.030303030303 63 314 0 
0.181818181818 0 0 0 
0.0909090909091 19 76 0 
0.0161290322581 53 255 0 
0.0606060606061 62 329 0 
0.0 30 154 0 
0.0 47 223 0 
0.0 116 600 0 
0.047619047619 0 0 0 
0.0281690140845 49 254 0 
0.0 46 253 0 
0.0204081632653 234 1268 0 
0.0 46 206 0 
0.0373831775701 101 525 0 
0.0408163265306 91 458 0 
0.0 9 44 0 
0.0 0 0 0 
0.0 25 135 0 
0.0 27 113 0 
0.0454545454545 40 228 0 
0.0588235294118 61 324 0 
0.0 0 0 0 
0.0 0 0 0 
0.0119047619048 76 368 0 
0.0 3 16 0 
0.0 73 335 0 
0.030303030303 22 103 0 
0.00564971751412 169 862 0 
0.0422535211268 65 289 0 
0.256756756757 62 388 0 
0.0416666666667 64 317 0 
0.0277777777778 66 333 0 
0.0425531914894 43 225 0 
0.0185185185185 314 1658 0 
0.005 192 972 0 
0.024 113 625 0 
0.0727272727273 45 221 0 
0.0487804878049 33 156 0 
0.130841121495 103 463 0 
0.00729927007299 129 723 0 
0.0 0 0 0 
0.0434782608696 43 225 0 
0.0 0 0 0 
0.0518518518519 129 644 0 
0.0694143167028 453 2577 0 
0.0 44 216 0 
0.0 0 0 0 
0.0810810810811 71 326 0 
0.0 67 343 0 
0.0 120 673 0 
0.0 36 224 0 
0.0 45 213 0 
0.0 44 202 0 
0.0 20 110 0 
0.0 40 197 0 
0.0 0 0 0 
0.0185185185185 48 283 0 
0.0 206 1054 0 
0.0461538461538 47 228 0 
0.0693512304251 435 2559 0 
0.0534351145038 120 614 0 
0.0 0 0 0 
0.0 0 0 0 
0.0 42 208 0 
0.1 0 0 0 
0.0 31 161 0 
0.0 103 496 0 
0.0714285714286 20 96 0 
0.1 33 169 0 
0.03125 60 318 0 
0.0227272727273 30 143 0 
0.027027027027 34 141 0 
0.0714285714286 22 117 0 
0.0 0 0 0 
0.0 33 172 0 
0.0 26 130 0 
0.0 40 200 0 
0.0 23 131 0 
0.0 92 522 0 
0.03125 28 150 0 
0.0546875 120 543 0 
0.0 115 542 0 
0.0975609756098 39 208 0 
0.04 20 94 0 
0.0 38 199 0 
0.166666666667 2 11 0 
0.0 109 582 0 
0.0434782608696 13 63 0 
0.05 17 70 0 
0.0645161290323 60 346 0 
0.0 38 180 0 
0.0740740740741 20 84 0 
0.0 93 466 0 
0.0666666666667 0 0 0 
0.0 75 348 0 
0.0 0 0 0 
0.0 33 157 0 
0.0344827586207 54 258 0 
0.0714285714286 0 0 0 
0.0 93 470 0 
0.0 0 0 0 
0.0113636363636 82 416 0 
0.0943396226415 31 151 0 
0.0277777777778 23 96 0 
0.0 1 7 0 
0.0 53 291 0 
0.0634920634921 59 285 0 
0.0 37 179 0 
0.0 22 108 0 
0.037037037037 25 121 0 
0.0 111 550 0 
0.0 106 551 0 
0.246376811594 59 369 0 
0.0 41 212 0 
0.111111111111 0 0 0 
0.0125 72 381 0 
0.0 0 0 0 
0.0118343195266 165 911 0 
0.0 32 148 0 
0.147058823529 55 263 0 
0.07 90 411 0 
0.0 40 195 0 
0.0869565217391 38 165 0 
0.0 69 392 0 
0.0188679245283 91 467 0 
0.0 36 178 0 
0.0 0 0 0 
0.222222222222 0 0 0 
0.0 6 26 0 
0.0 0 0 0 
0.0697674418605 39 198 0 
0.0 19 96 0 
0.0 0 0 0 
0.0 102 535 0 
0.0 239 1284 0 
0.0 74 350 0 
0.0 0 0 0 
0.0 150 806 0 
0.0 62 313 0 
0.0 15 78 0 
0.0 59 288 0 
0.0 165 838 0 
0.0 43 211 0 
0.0212765957447 91 466 0 
0.0 62 320 0 
0.0294117647059 66 303 0 
0.0 44 246 0 
0.00909090909091 101 524 0 
0.0 0 0 0 
0.0416666666667 93 476 0 
0.0 30 158 0 
0.0 48 267 0 
0.0 18 86 0 
0.05 6 28 0 
0.0 25 125 0 
0.0555555555556 0 0 0 
0.0112359550562 82 478 0 
0.0666666666667 111 565 0 
0.142857142857 0 0 0 
0.0454545454545 16 72 0 
0.0 25 116 0 
0.0 53 252 0 
0.0649350649351 73 359 0 
0.0 45 202 0 
0.0 0 0 0 
0.0 28 136 0 
0.0 61 317 0 
0.0540540540541 108 500 0 
0.0 76 369 0 
0.0 57 299 0 
0.0348837209302 79 374 0 
0.0 22 119 0 
0.0 74 394 0 
0.03 95 471 0 
0.0 46 222 0 
0.05 6 25 0 
0.0617283950617 77 370 0 
0.047619047619 39 196 0 
0.0 53 294 0 
0.0 110 535 0 
0.0705128205128 146 765 0 
0.0344827586207 53 273 0 
0.0731707317073 35 177 0 
0.049504950495 93 480 0 
0.0625 38 166 0 
0.0 71 350 0 
0.0625 14 70 0 
0.012987012987 68 322 0 
0.0666666666667 8 43 0 
0.0535714285714 49 245 0 
0.0 0 0 0 
0.0 8 38 0 
0.130434782609 10 36 0 
0.03125 54 269 0 
0.0 133 695 0 
0.0625 44 209 0 
0.0 14 77 0 
0.0 32 144 0 
0.0 58 291 0 
0.00344827586207 287 1380 0 
0.171428571429 30 156 0 
0.0 111 619 0 
0.126213592233 99 619 0 
0.0 0 0 0 
0.0 30 152 0 
0.0 45 230 0 
0.0147601476015 259 1351 0 
0.0 80 368 0 
0.0869565217391 0 0 0 
0.0888888888889 39 165 0 
0.0 41 227 0 
0.0176991150442 102 473 0 
0.0166666666667 55 270 0 
0.0 51 249 0 
0.0 11 58 0 
0.0 48 272 0 
0.0 42 194 0 
0.0 0 0 0 
0.0 0 0 0 
0.0 137 716 0 
0.0 67 323 0 
0.0 147 735 0 
0.15 76 362 0 
0.0588235294118 115 618 0 
0.0 22 124 0 
0.0 58 306 0 
0.0 60 294 0 
0.0222222222222 81 431 0 
0.0 45 244 0 
0.0172413793103 51 271 0 
0.0 12 60 0 
0.0760869565217 84 436 0 
0.0 7 38 0 
0.0161290322581 58 287 0 
0.0 24 136 0 
0.0 101 599 0 
0.0 8 39 0 
0.0265486725664 110 505 0 
0.0 39 171 0 
0.047619047619 120 587 0 
0.02 145 705 0 
0.0238095238095 35 166 0 
0.0483870967742 60 293 0 
0.0 45 223 0 
0.0 0 0 0 
0.0344827586207 26 128 0 
0.0 19 103 0 
0.0588235294118 98 524 0 
0.0 38 194 0 
0.0 0 0 0 
0.0454545454545 57 291 0 
0.03125 311 1735 0 
0.0666666666667 11 49 0 
0.0 89 422 0 
0.0674846625767 156 759 0 
0.0 0 0 0 
0.0434782608696 43 216 0 
0.0188679245283 104 498 0 
0.0 97 468 0 
0.0 0 0 0 
0.0 18 91 0 
0.0 166 818 0 
0.0 42 206 0 
0.0 0 0 0 
0.0 18 81 0 
0.0 25 113 0 
0.0 19 109 0 
0.0 12 61 0 
0.0 118 655 0 
0.0 28 144 0 
0.0 17 105 0 
0.0 51 265 0 
0.0 479 2408 0 
0.0 81 407 0 
0.0 41 193 0 
0.0 23 108 0 
0.0 39 204 0 
0.0093023255814 208 1114 0 
0.0425531914894 45 232 0 
0.0 50 263 0 
0.0 46 239 0 
0.118421052632 72 314 0 
0.0 0 0 0 
0.0112359550562 79 377 0 
0.0 68 341 0 
0.0 34 173 0 
0.05 14 72 0 
0.0 0 0 0 
0.0 36 184 0 
0.0125 77 424 0 
0.0769230769231 0 0 0 
0.0 94 477 0 
0.0 23 121 0 
0.0909090909091 59 324 0 
0.0 53 268 0 
0.108108108108 24 90 0 
0.0909090909091 0 0 0 
0.0 18 72 0 
0.0555555555556 34 211 0 
0.0204081632653 43 260 0 
0.0 0 0 0 
0.0 50 238 0 
0.333333333333 0 0 0 
0.0285714285714 30 143 0 
0.0227272727273 37 179 0 
0.06 41 235 0 
0.0246913580247 78 394 0 
0.0 0 0 0 
0.0762711864407 114 539 0 
0.0 54 297 0 
0.0 56 262 0 
0.0 51 313 0 
0.0 38 211 0 
0.0 25 156 0 
0.0420168067227 112 578 0 
0.027027027027 60 274 0 
0.0842105263158 89 437 0 
0.031007751938 127 635 0 
0.0 173 888 0 
0.0 6 34 0 
0.00819672131148 115 613 0 
0.0566037735849 47 242 0 
0.0 42 218 0 
0.0 47 227 0 
0.0 0 0 0 
0.00793650793651 120 560 0 
0.0 63 333 0 
0.0 0 0 0 
0.0 53 254 0 
0.0714285714286 0 0 0 
0.0952380952381 101 499 0 
0.046511627907 37 171 0 
0.111111111111 50 235 0 
0.0 40 201 0 
0.0 73 371 0 
0.0243902439024 71 340 0 
0.0990990990991 100 512 0 
0.027397260274 67 310 0 
0.0188679245283 97 485 0 
0.122807017544 48 231 0 
0.0 36 165 0 
0.0192307692308 96 455 0 
0.0 116 528 0 
0.0 43 205 0 
0.00380228136882 260 1348 0 
0.041095890411 65 321 0 
0.0526315789474 16 65 0 
0.0 0 0 0 
0.27397260274 62 389 0 
0.0 90 457 0 
0.00900900900901 106 634 0 
0.0 27 124 0 
0.0 30 157 0 
0.0 47 248 0 
0.0540540540541 172 866 0 
0.0909090909091 9 33 0 
0.0 81 413 0 
0.0645161290323 55 253 0 
0.263157894737 65 410 0 
0.0196078431373 97 504 0 
0.0232558139535 33 136 0 
0.0625 28 140 0 
0.0408163265306 47 238 0 
0.0522088353414 218 1267 0 
0.0 56 283 0 
0.06 95 466 0 
0.0909090909091 19 99 0 
0.0810810810811 32 150 0 
0.0183486238532 102 518 0 
0.0 0 0 0 
0.0327868852459 57 312 0 
0.0227272727273 39 188 0 
0.0 49 265 0 
0.166666666667 0 0 0 
0.0 0 0 0 
0.0 75 379 0 
0.0243902439024 34 171 0 
0.0 53 287 0 
0.0769230769231 0 0 0 
0.0 14 66 0 
0.0 121 611 0 
0.181818181818 2 15 0 
0.0 39 208 0 
0.0 70 356 0 
0.153846153846 20 91 0 
0.046875 112 549 0 
0.0205992509363 496 2453 0 
0.025 31 140 0 
0.0135135135135 118 561 0 
0.0588235294118 28 143 0 
0.047619047619 52 237 0 
0.0434782608696 9 36 0 
0.0 55 268 0 
0.0178571428571 51 269 0 
0.075 76 381 0 
0.0 29 121 0 
0.2 8 32 0 
0.0645161290323 27 136 0 
0.0327868852459 56 286 0 
0.0 44 206 0 
0.010752688172 85 434 0 
0.0714285714286 0 0 0 
0.0 49 226 0 
0.0 39 204 0 
0.0 28 133 0 
0.0888888888889 40 208 0 
0.0392156862745 45 251 0 
0.0989010989011 85 433 0 
0.0555555555556 12 57 0 
0.0 180 903 0 
0.0531914893617 89 447 0 
0.0 16 96 0 
0.0 66 324 0 
0.025 75 375 0 
0.0689655172414 53 232 0 
0.0 47 207 0 
0.0 39 218 0 
0.0 12 55 0 
0.3125 11 59 0 
0.0 12 65 0 
0.010752688172 87 454 0 
0.0 0 0 0 
0.1 3 23 0 
0.031746031746 58 307 0 
0.0175438596491 49 258 0 
0.027397260274 67 338 0 
0.15625 29 142 0 
0.0531914893617 91 430 0 
0.0416666666667 43 204 0 
0.0 19 98 0 
0.105263157895 29 155 0 
0.0 66 324 0 
0.0227272727273 39 203 0 
0.0 39 213 0 
0.0 83 452 0 
0.0103626943005 182 1005 0 
0.0 46 237 0 
0.0 0 0 0 
0.0243902439024 77 408 0 
0.0 91 449 0 
0.108108108108 28 125 0 
0.1 11 69 0 
0.0 67 307 0 
0.0 32 193 0 
0.0 0 0 0 
0.0 10 41 0 
0.142857142857 0 0 0 
0.0 0 0 0 
0.0425531914894 85 412 0 
0.0 13 61 0 
0.0333333333333 26 114 0 
0.0 240 1198 0 
0.0 25 131 0 
0.0 36 180 0 
0.0357142857143 24 115 0 
0.0 21 119 0 
0.0 73 395 0 
0.0 60 306 0 
0.0384615384615 24 116 0 
0.0144927536232 127 657 0 
0.0 43 201 0 
0.0 48 242 0 
0.0 43 225 0 
0.0357142857143 76 386 0 
0.0102040816327 91 504 0 
0.0251572327044 139 711 0 
0.0 14 82 0 
0.0 0 0 0 
0.03125 85 433 0 
0.0238095238095 40 227 0 
0.0 0 0 0 
0.0 50 246 0 
0.0373134328358 127 702 0 
0.0 37 189 0 
0.0294117647059 32 140 0 
0.0 176 852 0 
0.0653153153153 432 2209 0 
0.0 108 583 0 
0.0 67 311 0 
0.030303030303 20 100 0 
0.0142857142857 65 341 0 
0.0 32 145 0 
0.0 177 992 0 
0.0103806228374 285 1497 0 
0.0 18 81 0 
0.0232558139535 115 641 0 
0.0 47 243 0 
0.0428571428571 136 710 0 
0.114583333333 78 392 0 
0.030303030303 228 1255 0 
0.0909090909091 0 0 0 
0.125 0 0 0 
0.0 41 206 0 
0.030303030303 26 144 0 
0.0 75 372 0 
0.238805970149 57 367 0 
0.0 0 0 0 
0.0144927536232 66 326 0 
0.0 0 0 0 
0.0 81 381 0 
0.02 45 220 0 
0.0116279069767 83 460 0 
0.0 41 203 0 
0.0 0 0 0 
0.0 24 127 0 
0.0 53 299 0 
0.0 36 160 0 
0.0 0 0 0 
0.0181818181818 46 231 0 
0.0 36 188 0 
0.0677966101695 50 252 0 
0.0 69 349 0 
0.0540540540541 64 306 0 
0.0290909090909 268 1489 0 
0.0 26 131 0 
0.0 87 421 0 
0.0 132 652 0 
0.0 63 301 0 
0.0 38 197 0 
0.0357142857143 16 75 0 
0.0 0 0 0 
0.0238095238095 27 145 0 
0.0243902439024 78 424 0 
0.0 12 55 0 
0.04 41 194 0 
0.0 65 311 0 
0.0 56 275 0 
0.037037037037 19 143 0 
0.0 0 0 0 
0.0 12 69 0 
0.0579710144928 130 562 0 
0.0 0 0 0 
0.0 25 125 0 
0.0 0 0 0 
0.0 111 569 0 
0.0 130 680 0 
0.0 35 203 0 
0.0 0 0 0 
0.0526315789474 9 46 0 
0.0320512820513 149 818 0 
0.0 208 1134 0 
0.0555555555556 14 70 0 
0.0 0 0 0 
0.025641025641 35 164 0 
0.0 0 0 0 
0.125 0 0 0 
0.0 0 0 0 
0.0243902439024 33 158 0 
0.0487804878049 38 193 0 
0.0 18 84 0 
0.0 53 309 0 
0.0 27 146 0 
0.0526315789474 72 360 0 
0.0 51 253 0 
0.0147058823529 62 334 0 
0.0396825396825 121 621 0 
0.0 27 127 0 
0.0 64 314 0 
0.0 51 235 0 
0.0575539568345 132 719 0 
0.036036036036 100 482 0 
0.1 17 91 0 
0.0769230769231 0 0 0 
0.0 126 613 0 
0.125 30 159 0 
0.147540983607 55 240 0 
0.0217391304348 89 416 0 
0.0 47 211 0 
0.0369127516779 295 2103 0 
0.0327868852459 55 290 0 
0.0 78 399 0 
0.0 52 225 0 
0.0 36 183 0 
0.0454545454545 41 209 0 
0.0666666666667 6 26 0 
0.0842105263158 89 474 0 
0.0181818181818 53 276 0 
0.1 41 224 0 
0.253333333333 64 410 0 
0.0425531914894 83 395 0 
0.0185185185185 97 478 0 
0.0 13 64 0 
0.0169491525424 106 511 0 
0.0714285714286 24 147 0 
0.0540540540541 28 126 0 
0.0 24 108 0 
0.0 21 103 0 
0.0909090909091 0 0 0 
0.0368421052632 185 925 0 
0.016393442623 57 316 0 
0.0 51 264 0 
0.0 34 166 0 
0.0 55 265 0 
0.0 0 0 0 
0.0526315789474 71 303 0 
0.0 36 184 0 
0.0 0 0 0 
0.0 122 622 0 
0.030612244898 92 460 0 
0.0 41 213 0 
0.0 186 999 0 
0.181818181818 11 53 0 
0.0113636363636 84 458 0 
0.0116279069767 77 404 0 
0.0 25 123 0 
0.0 76 416 0 
0.0 24 115 0 
0.0 65 301 0 
0.0 0 0 0 
0.0 144 705 0 
0.0 57 298 0 
0.25 0 0 0 
0.09375 54 263 0 
0.046511627907 32 162 0 
0.0 0 0 0 
0.0833333333333 42 214 0 
0.0 55 293 0 
0.0113636363636 81 420 0 
0.015625 63 297 0 
0.0 29 139 0 
0.166666666667 0 0 0 
0.0666666666667 13 68 0 
0.046875 61 282 0 
0.0 62 326 0 
0.0 85 452 0 
0.00555555555556 171 914 0 
0.0 0 0 0 
0.0 80 393 0 
0.0 67 304 0 
0.0824742268041 184 1042 0 
0.0 62 353 0 
0.0364656381487 707 3694 0 
0.0666666666667 67 331 0 
0.0740740740741 22 127 0 
0.0 42 208 0 
0.0 33 142 0 
0.00613496932515 146 751 0 
0.169811320755 46 229 0 
0.047619047619 33 160 0 
0.0 16 95 0 
0.0 34 203 0 
0.00751879699248 118 554 0 
0.0 25 132 0 
0.0740740740741 25 132 0 
0.10447761194 60 311 0 
0.126984126984 59 279 0 
0.034188034188 104 510 0 
0.0 10 42 0 
0.0333333333333 22 100 0 
0.037037037037 25 104 0 
0.0277777777778 66 311 0 
0.0 15 72 0 
0.0769230769231 49 243 0 
0.0357142857143 0 0 0 
0.0 34 191 0 
0.0 164 839 0 
0.0416666666667 64 339 0 
0.0232558139535 40 198 0 
0.0 5 25 0 
0.121212121212 31 159 0 
0.0 0 0 0 
0.0 0 0 0 
0.0294117647059 96 457 0 
0.0 0 0 0 
0.0 12 69 0 
0.0243902439024 79 443 0 
0.0 40 202 0 
0.0 39 184 0 
0.0 40 243 0 
0.0 0 0 0 
0.05 48 209 0 
0.0 73 354 0 
0.0335570469799 144 705 0 
0.0 0 0 0 
0.0 0 0 0 
0.0294117647059 31 173 0 
0.0 4 15 0 
0.0 62 327 0 
0.127659574468 43 202 0 
0.0 35 189 0 
0.0322580645161 19 94 0 
0.0 0 0 0 
0.0 0 0 0 
0.0185185185185 97 466 0 
0.00770712909441 502 2468 0 
0.0 24 154 0 
0.111111111111 0 0 0 
0.0 25 127 0 
0.015625 58 305 0 
0.0 0 0 0 
0.0 33 163 0 
0.0 5 25 0 
0.0 28 142 0 
0.0 47 233 0 
0.0434782608696 20 126 0 
0.0350877192982 53 279 0 
0.0 62 304 0 
0.0666666666667 0 0 0 
0.0576923076923 39 187 0 
0.0 78 461 0 
0.0 3 12 0 
0.0909090909091 73 380 0 
0.0606060606061 52 259 0 
0.0 84 426 0 
0.037037037037 25 106 0 
0.025641025641 73 378 0 
0.0172413793103 52 262 0 
0.157894736842 25 103 0 
0.0307692307692 56 276 0 
0.0666666666667 56 297 0 
0.0 5 21 0 
0.0106382978723 84 423 0 
0.0208333333333 38 193 0 
0.0612244897959 43 202 0 
0.0 0 0 0 
0.04 47 253 0 
0.0441176470588 130 760 0 
0.0 47 258 0 
0.0689655172414 27 123 0 
0.0178571428571 43 192 0 
0.0 49 268 0 
0.08 17 87 0 
0.0149253731343 263 1391 0 
0.105263157895 6 27 0 
0.0789473684211 32 161 0 
0.111111111111 37 170 0 
0.115384615385 12 56 0 
0.0 21 101 0 
0.0 43 227 0 
0.0564971751412 173 861 0 
0.0625 0 0 0 
0.142857142857 67 348 0 
0.0416666666667 15 113 0 
0.037037037037 25 130 0 
0.0 27 133 0 
0.0 18 100 0 
0.0 57 305 0 
0.0 43 193 0 
0.0 55 254 0 
0.0 23 113 0 
0.0191082802548 148 714 0 
0.0810810810811 69 361 0 
0.118181818182 103 517 0 
0.0 32 145 0 
0.0138888888889 58 291 0 
0.0266666666667 220 1301 0 
0.0116279069767 75 336 0 
0.0113636363636 84 411 0 
0.0 46 238 0 
0.0 26 124 0 
0.0180722891566 155 828 0 
0.0944444444444 147 868 0 
0.0947368421053 91 468 0 
0.0131578947368 69 323 0 
0.0281690140845 50 241 0 
0.0 32 170 0 
0.0 22 100 0 
0.0 58 306 0 
0.078431372549 47 266 0 
0.142857142857 87 446 0 
0.0689655172414 26 150 0 
0.00431034482759 215 1152 0 
0.0 31 177 0 
0.0 0 0 0 
0.030303030303 93 492 0 
0.0 0 0 0 
0.0128205128205 72 371 0 
0.0606060606061 61 271 0 
0.0 0 0 0 
0.00253164556962 390 1900 0 
0.0 27 144 0 
0.0 0 0 0 
0.0 69 313 0 
0.012987012987 75 353 0 
0.0 93 481 0 
0.0 0 0 0 
0.0 300 1722 0 
0.0 78 348 0 
0.0555555555556 102 448 0 
0.0 20 120 0 
0.047619047619 11 57 0 
0.0 105 500 0 
0.1 0 0 0 
0.0 24 121 0 
0.0172413793103 47 235 0 
0.0212765957447 41 211 0 
0.0338983050847 56 277 0 
0.0440528634361 224 1182 0 
0.0 116 567 0 
0.256756756757 63 402 0 
0.0 52 248 0 
0.0869565217391 19 101 0 
0.00235849056604 1269 6735 0 
0.0 0 0 0 
0.428571428571 0 0 0 
0.0380952380952 102 540 0 
0.0 0 0 0 
0.0 0 0 0 
0.047619047619 0 0 0 
0.0104166666667 84 438 0 
0.0666666666667 28 141 0 
0.0314960629921 242 1316 0 
0.0731707317073 72 403 0 
0.09375 51 237 0 
0.0869565217391 14 60 0 
0.015625 57 293 0 
0.0215053763441 86 426 0 
0.00682593856655 283 1447 0 
0.0 83 518 0 
0.0 52 259 0 
0.0 12 55 0 
0.0294117647059 20 97 0 
0.0503597122302 130 630 0 
0.0 116 592 0 
0.0 83 517 0 
0.0 37 178 0 
0.0 38 180 0 
0.0 19 107 0 
0.0 32 176 0 
0.0597014925373 57 275 0 
0.0909090909091 0 0 0 
0.0 57 282 0 
0.0422535211268 62 281 0 
